start,end,score,strand
2832,2859,55,+
3368,3405,75,+
4896,4925,52,-
6962,6986,59,+
8015,8045,49,+
9250,9294,49,-
12097,12129,62,+
14896,14927,50,+
15247,15275,54,+
16325,16343,50,-
16740,16769,61,+
20025,20042,50,+
21489,21509,49,+
24067,24116,48,+
30424,30457,47,+
30761,30785,69,+
32979,33002,60,+
33074,33104,55,+
37607,37632,57,+
38238,38266,68,+
38297,38316,51,+
38702,38721,65,+
40238,40256,49,+
40279,40315,58,+
40444,40486,49,+
41308,41328,47,+
42057,42086,62,+
44324,44344,64,+
44647,44677,52,-
45364,45380,52,+
46813,46852,59,+
47370,47405,55,-
47943,47978,55,+
48169,48199,59,-
51743,51763,47,+
52130,52156,56,-
53204,53234,57,+
53260,53280,47,-
57775,57803,81,+
59487,59529,52,+
60256,60293,59,+
63915,63934,49,+
64223,64249,56,+
64646,64664,50,+
65119,65137,50,+
77284,77317,52,+
77529,77558,61,+
81051,81090,55,+
81774,81804,51,+
85569,85599,62,+
87481,87500,47,+
88721,88757,55,-
90028,90057,65,-
90422,90446,59,+
91667,91691,48,-
92219,92246,64,+
92691,92726,78,-
92710,92734,59,+
92842,92885,48,-
93890,93922,49,+
94505,94526,63,-
94914,94940,55,-
95351,95384,52,-
96512,96549,62,-
98155,98179,48,-
98590,98617,55,-
98868,98900,49,-
100330,100355,67,-
103332,103351,47,+
104496,104533,62,+
109577,109597,47,+
110308,110338,51,+
110483,110519,57,+
110638,110656,49,+
113066,113093,55,+
113778,113801,60,-
115113,115145,51,+
117181,117210,52,-
117572,117614,49,+
120206,120245,50,-
120690,120708,50,-
120788,120835,47,+
121071,121109,58,+
124261,124294,65,+
124918,124936,50,-
125380,125406,56,+
126157,126181,69,-
129828,129847,49,+
130496,130533,58,-
130895,130911,52,-
131508,131539,63,+
131957,131977,48,-
132000,132024,48,+
132117,132159,48,-
132234,132271,53,-
132592,132635,52,+
132731,132767,56,+
133895,133934,57,-
134477,134506,68,+
134832,134874,54,+
135560,135582,62,+
135997,136022,67,-
136375,136406,82,+
136886,136923,59,+
137508,137547,53,-
138535,138579,49,-
139074,139110,59,+
139353,139386,74,+
139528,139564,59,-
139881,139898,69,-
140345,140375,60,+
141028,141059,51,-
141256,141303,47,+
142048,142069,49,+
143700,143722,61,+
144052,144084,63,+
144341,144373,62,+
145079,145108,52,+
146589,146604,53,+
147572,147591,49,+
151265,151307,57,-
151461,151505,91,+
151890,151927,91,+
154355,154376,48,+
157675,157708,47,-
158201,158223,51,+
161453,161477,59,+
162570,162600,57,+
163139,163167,52,+
163572,163598,56,-
176725,176759,57,-
176802,176818,70,+
179964,179994,51,+
181850,181884,78,-
183553,183571,49,+
184104,184122,49,+
185952,185988,59,+
186507,186542,59,+
187267,187301,51,+
187704,187739,75,+
188171,188191,64,+
188239,188269,83,+
190608,190624,70,+
191200,191222,48,+
195397,195424,64,-
196790,196830,50,+
197765,197795,57,+
197842,197885,49,+
197923,197947,59,+
198236,198276,71,+
198683,198707,60,-
198775,198792,50,+
199487,199515,54,+
200298,200332,51,+
200429,200456,55,+
200779,200801,61,+
201107,201139,60,+
201335,201367,48,+
201758,201790,58,+
203638,203670,63,-
204141,204161,49,-
204178,204197,49,+
204399,204419,64,-
205594,205615,49,-
205767,205799,65,+
205901,205941,53,-
210956,210976,49,+
212306,212331,86,+
213372,213391,49,+
215876,215917,54,-
220022,220066,48,+
220700,220729,60,+
220976,220995,47,+
221087,221106,49,+
221583,221617,58,+
221895,221933,73,+
222340,222373,58,-
223323,223352,54,-
223375,223410,59,+
223835,223860,57,-
224663,224696,48,+
225387,225424,54,-
225494,225531,53,-
225632,225664,62,+
227151,227186,55,+
227394,227422,54,+
227575,227610,73,+
227722,227753,67,+
227885,227923,58,-
228970,228995,72,+
229721,229738,52,-
231208,231231,60,-
231950,231982,63,-
234599,234624,66,-
237499,237535,48,-
241020,241050,52,-
243188,243215,55,+
246947,246979,59,+
247046,247062,53,+
247517,247557,53,+
248006,248026,48,-
248067,248101,54,-
248439,248466,66,+
250092,250136,54,+
250452,250469,50,+
252963,252996,62,-
253677,253696,49,+
253772,253806,56,-
254379,254407,57,-
254791,254820,66,+
257062,257094,49,-
257239,257265,56,-
258054,258074,64,+
258079,258098,47,-
258101,258137,56,+
258751,258779,54,+
258792,258811,66,+
258905,258940,65,-
259453,259469,52,+
259886,259926,59,+
260197,260219,61,+
261361,261379,67,+
262057,262099,57,+
262222,262252,51,+
262885,262921,58,+
263171,263191,64,-
264144,264175,67,+
265363,265399,58,+
273338,273358,64,-
284297,284328,54,+
291611,291656,90,-
298167,298197,68,+
300098,300126,60,-
301019,301061,50,-
301830,301850,49,-
301965,302005,55,-
302799,302833,62,+
303092,303113,52,+
303174,303201,55,-
304373,304402,65,+
305806,305840,61,+
305905,305939,50,+
307036,307059,60,+
307173,307209,58,+
307585,307622,59,+
309056,309074,49,+
310610,310639,62,+
312240,312257,69,+
312537,312583,47,-
313338,313364,56,+
313424,313452,57,+
314197,314234,58,-
314596,314612,52,-
315957,316005,47,+
317302,317332,51,+
317497,317527,51,+
318644,318689,49,+
319014,319038,58,+
319335,319358,60,-
319419,319437,52,+
319515,319533,67,+
320356,320383,63,+
320398,320422,48,-
321477,321520,55,-
322913,322933,51,-
326048,326090,54,+
327945,327961,70,+
329184,329217,60,+
329953,329973,47,-
330794,330815,51,+
331575,331615,55,-
331735,331768,61,+
334673,334707,58,+
334868,334889,63,-
335008,335049,58,-
335590,335611,90,+
335932,335955,87,+
336670,336705,72,-
336815,336841,68,+
337384,337417,48,-
338770,338804,61,+
340142,340175,59,+
340227,340256,52,+
340318,340337,66,-
340530,340555,47,-
341001,341025,48,-
341497,341514,50,+
341591,341613,51,-
342680,342705,69,+
343101,343127,56,-
343199,343226,55,-
343324,343354,55,+
345275,345297,64,+
345352,345389,58,+
345437,345475,51,-
345851,345868,50,+
346101,346135,65,+
346977,347021,53,-
348277,348301,59,-
350178,350201,60,+
353825,353861,58,+
358557,358577,47,-
359214,359247,60,+
360914,360947,65,-
362255,362284,58,-
362387,362424,56,+
364330,364366,55,-
366965,366995,51,+
368452,368485,62,+
368544,368564,51,+
370492,370519,53,+
371238,371276,58,-
372324,372343,66,+
383627,383661,55,+
383690,383718,67,+
383910,383949,55,-
387873,387902,52,+
388216,388234,49,+
390004,390028,59,+
394351,394386,58,-
395133,395152,49,+
397804,397837,62,+
399316,399345,52,+
399904,399925,63,+
400202,400244,50,+
400731,400759,54,+
401420,401438,50,+
401804,401842,55,+
402048,402074,56,+
402744,402775,50,+
404255,404300,47,+
404572,404602,51,+
404791,404826,91,+
405393,405431,50,-
405663,405696,91,+
405792,405840,48,-
408170,408197,55,+
409691,409737,47,+
409901,409935,64,+
410590,410617,57,-
413386,413415,51,-
414077,414116,59,+
414357,414390,51,+
414632,414655,60,-
414664,414693,63,+
415219,415252,64,-
415379,415415,58,-
416711,416745,48,+
417436,417459,49,+
419353,419392,55,+
419614,419647,70,-
419908,419931,69,+
419981,420011,65,+
420504,420553,74,+
424935,424955,47,-
424985,425014,52,-
425771,425804,47,-
426512,426531,51,+
427496,427529,48,+
428783,428805,61,+
429589,429613,48,+
433986,434007,63,+
434275,434314,51,-
434416,434458,54,-
435644,435671,55,+
435977,436014,59,+
437668,437696,63,-
437805,437831,56,+
438364,438392,54,-
438566,438599,64,+
439067,439094,72,+
439406,439443,75,-
439926,439959,59,+
440329,440365,62,+
440518,440539,63,+
441999,442022,49,-
442481,442504,71,+
442930,442955,57,+
445874,445895,48,+
447951,447993,55,+
448562,448596,65,+
448815,448857,50,+
448986,449005,47,+
449320,449345,57,+
452640,452674,60,-
453246,453281,50,+
456812,456852,48,-
457214,457231,52,-
457714,457756,57,+
460053,460074,63,+
460783,460814,50,-
461300,461337,61,+
463131,463179,48,+
466415,466444,58,+
466498,466531,59,+
466782,466813,49,-
470375,470415,57,+
471525,471564,50,+
472067,472086,66,-
472952,472981,79,-
474027,474072,49,-
474666,474693,69,+
476078,476106,69,-
476204,476230,56,-
476566,476599,51,+
476739,476784,49,+
476864,476890,56,-
476872,476905,60,+
476935,476956,63,-
477324,477354,49,+
478174,478193,66,-
478784,478812,81,+
478987,479003,52,+
484886,484918,59,-
485113,485155,55,+
488160,488193,59,-
489897,489926,69,+
489949,489969,49,+
490764,490791,60,+
492520,492552,79,+
495064,495087,49,+
496564,496605,51,-
497000,497028,54,+
498202,498236,60,+
499941,499973,66,+
501596,501620,48,+
503366,503385,47,+
508356,508385,68,+
508411,508440,52,+
509194,509214,64,-
511563,511589,56,-
511992,512024,49,-
512991,513026,50,+
513969,514008,54,-
514536,514556,64,+
516373,516391,51,-
517856,517892,59,+
518800,518835,54,+
519247,519280,47,+
519305,519342,55,+
522613,522633,48,+
524512,524542,62,-
525893,525929,47,+
526914,526944,54,+
528530,528557,64,+
528663,528689,56,+
529035,529064,52,+
529917,529948,54,+
533155,533181,58,+
535167,535197,66,-
535872,535892,47,+
538979,539007,71,-
540016,540048,65,+
540153,540183,65,+
540788,540817,55,+
541159,541183,48,+
544978,545007,64,+
547169,547199,51,-
549190,549221,63,+
550520,550540,54,-
551093,551123,49,-
552177,552196,52,+
552586,552608,48,+
552788,552829,48,-
553257,553297,49,+
553374,553411,53,+
553602,553645,53,+
555493,555516,60,+
558516,558553,59,+
561057,561087,52,+
561196,561224,52,-
561576,561602,68,+
561767,561788,48,+
561906,561938,80,+
567450,567494,50,+
568833,568855,51,+
571879,571899,64,+
572958,573000,52,+
575236,575282,49,+
576830,576866,58,+
577424,577447,60,+
577570,577614,50,+
577843,577876,63,+
578845,578891,47,+
579482,579507,58,+
582591,582612,48,+
585006,585038,50,+
586689,586728,73,+
587207,587255,47,+
587425,587469,50,+
589277,589315,53,+
592681,592712,50,+
592978,593010,93,-
599207,599226,49,+
601115,601142,55,+
601507,601538,50,-
601577,601613,61,+
603133,603165,48,+
603366,603401,57,+
604457,604489,48,+
605011,605039,65,-
605273,605300,55,+
606755,606788,48,+
607105,607126,49,+
608086,608119,56,+
608479,608520,72,+
608541,608561,64,+
609053,609073,47,+
609703,609741,53,-
613182,613209,55,+
613671,613707,61,+
613992,614025,47,+
614836,614856,47,-
614893,614930,58,+
615189,615213,67,+
615788,615833,48,+
617071,617105,51,+
617256,617276,47,-
617390,617431,57,+
618257,618275,67,+
618480,618524,54,-
618962,618995,47,+
619293,619326,48,-
620601,620628,71,+
620634,620665,54,+
621081,621104,49,+
621765,621785,48,-
621892,621925,59,+
622155,622172,69,+
622923,622965,68,+
623332,623369,58,+
623451,623470,65,+
623822,623842,64,+
624068,624091,48,+
625012,625028,52,-
625229,625248,47,+
626975,627002,57,-
627993,628014,64,+
629680,629709,51,+
630349,630371,48,+
633097,633116,47,+
639523,639566,50,-
640168,640200,82,+
640281,640307,55,-
641100,641134,48,-
642015,642042,57,+
642278,642308,63,-
642408,642438,80,+
643164,643193,68,+
643400,643426,56,+
643558,643586,99,+
645058,645092,67,+
645107,645145,51,-
645217,645240,60,+
645384,645410,56,+
646112,646137,57,+
646329,646359,54,+
648630,648675,52,-
649614,649638,59,-
651939,651958,47,-
652919,652951,65,-
653880,653924,67,+
655190,655227,50,+
655401,655435,58,+
656110,656138,54,+
656520,656549,51,-
657451,657477,71,+
657770,657791,52,+
658016,658039,48,+
658568,658585,52,+
659132,659149,69,+
661799,661835,58,+
663295,663319,67,+
663557,663578,48,-
665305,665341,59,+
665909,665957,84,-
666344,666382,51,+
666419,666438,47,+
669586,669611,69,+
670973,671005,57,+
671890,671909,47,+
672686,672726,54,+
672837,672859,63,+
673710,673726,52,-
674405,674447,52,-
675436,675455,47,+
675477,675494,50,+
675623,675671,47,+
676983,677016,56,-
677202,677235,64,+
677274,677318,48,+
677449,677481,62,+
678369,678399,64,+
682056,682075,49,+
682502,682534,60,+
685188,685228,57,+
686902,686949,50,-
688271,688310,61,+
688606,688642,74,+
688656,688678,61,+
688719,688746,55,+
690544,690574,51,+
692642,692679,64,+
692782,692820,56,-
692971,693013,49,-
693300,693322,64,-
693713,693750,47,+
693845,693869,59,+
696263,696284,49,-
697247,697270,60,-
697710,697754,49,-
701426,701443,52,-
702119,702152,60,+
702378,702401,49,-
703864,703900,52,+
706071,706103,62,+
707592,707630,62,+
713969,714005,48,-
717293,717327,58,+
717617,717658,53,+
717677,717698,48,+
718187,718231,49,+
722570,722610,53,+
722745,722765,47,-
722855,722884,64,+
722913,722937,48,+
724739,724778,61,+
725825,725856,52,+
727004,727034,62,-
727148,727174,58,-
727870,727905,50,+
729840,729871,60,+
730834,730868,89,+
731925,731961,58,-
734516,734534,51,-
740964,740991,55,+
741008,741051,98,+
741078,741101,60,-
742412,742444,49,+
742590,742612,48,+
742841,742879,74,+
746094,746140,49,+
747426,747450,48,+
747514,747535,62,+
748785,748812,55,+
750474,750496,51,+
758038,758080,54,-
758471,758502,112,+
759419,759448,70,+
760424,760465,55,+
762299,762340,101,+
764270,764295,47,+
764506,764531,57,-
765457,765473,70,+
765718,765759,53,-
766097,766129,54,+
766234,766260,56,+
766724,766758,48,-
766777,766805,53,-
767292,767316,48,-
769188,769233,49,+
769899,769928,51,+
772759,772778,49,-
773204,773231,55,-
774463,774497,76,-
775717,775761,49,+
776124,776151,55,+
777126,777160,50,+
777252,777283,67,+
778105,778137,57,+
790505,790529,61,+
790966,790986,54,+
792366,792401,60,-
793912,793943,50,+
794974,794997,60,+
796839,796876,58,+
799823,799859,59,+
800091,800125,91,+
803004,803032,54,+
803055,803076,63,+
803276,803306,62,+
804139,804181,53,+
804900,804930,49,+
807422,807462,55,-
807719,807759,55,-
808016,808056,55,-
808907,808947,55,-
810689,810729,55,-
812174,812214,55,-
812471,812511,55,-
812768,812808,55,-
813065,813105,55,-
813362,813402,55,-
818947,818982,88,+
819207,819243,73,-
819470,819496,56,+
819896,819911,53,+
820117,820140,49,-
820693,820716,50,+
821805,821842,57,-
822923,822957,64,-
823396,823444,62,+
824145,824188,68,-
826315,826335,49,-
830654,830677,48,-
830689,830716,72,+
833145,833186,50,-
833640,833679,54,+
837735,837765,79,+
839618,839648,49,-
839875,839896,63,+
840969,840999,52,-
841545,841561,52,+
841923,841960,58,+
842547,842576,68,+
843422,843440,67,+
845460,845477,52,+
845942,845963,81,+
848701,848722,63,+
848787,848808,49,+
849098,849124,56,+
849632,849674,50,+
850651,850680,65,+
851066,851098,49,-
851092,851120,63,+
851340,851372,52,+
851781,851812,95,+
852570,852609,58,+
853003,853044,57,+
853098,853124,56,+
853710,853738,52,+
854216,854250,56,-
855660,855682,49,+
856777,856795,67,+
857146,857171,56,+
857780,857812,82,+
859545,859564,47,+
860046,860077,83,+
860408,860447,53,+
860731,860762,59,+
861084,861105,48,-
861232,861268,89,+
862713,862731,49,+
863716,863740,67,+
864268,864301,92,-
864536,864565,60,+
865345,865373,63,+
865977,865998,48,+
866300,866323,60,+
871683,871711,99,+
872067,872089,51,+
873323,873366,48,+
874137,874165,54,+
875427,875459,65,+
876627,876662,58,+
880324,880366,57,+
881285,881319,64,+
886416,886437,62,+
886575,886600,61,+
887318,887355,62,-
888743,888766,70,+
891585,891622,71,+
892628,892647,47,+
892758,892780,62,-
894458,894492,105,+
896300,896325,47,+
900640,900668,67,+
901828,901872,53,+
906203,906229,56,-
906328,906358,63,+
906527,906558,60,+
907240,907285,47,-
907303,907322,47,-
909402,909433,54,+
909948,909967,47,-
911410,911433,50,+
912787,912822,74,-
912875,912901,56,+
913685,913708,60,-
915011,915042,57,+
917052,917095,92,+
917333,917359,64,-
917392,917420,53,-
917959,918001,50,-
918064,918096,49,-
918154,918193,57,-
919394,919415,63,+
919984,920025,53,-
920080,920111,65,-
920292,920325,48,+
920342,920369,70,+
920426,920463,51,-
920481,920499,50,+
920638,920672,59,+
921519,921545,56,+
921593,921614,63,+
921783,921823,58,+
923251,923290,57,-
923559,923599,51,+
924748,924768,49,-
924845,924873,65,+
926499,926518,49,-
926892,926910,50,-
927674,927707,48,+
927864,927886,51,+
928897,928928,78,+
929028,929062,60,+
929732,929751,49,-
930589,930620,48,+
931295,931325,68,+
932387,932409,48,+
933427,933467,54,-
933751,933775,48,+
933925,933964,58,+
934584,934616,65,+
941560,941578,49,-
942366,942383,52,+
944309,944345,64,+
945622,945660,55,-
945914,945939,47,+
946369,946401,57,+
947998,948029,60,+
949946,949965,65,+
951623,951655,49,+
952480,952504,48,-
954342,954358,70,-
958001,958039,58,+
960050,960080,68,-
960638,960663,58,+
961013,961044,49,-
961300,961324,71,+
964566,964591,57,-
965040,965081,53,+
966248,966278,51,+
966284,966324,53,-
966998,967025,55,+
968085,968119,56,+
968820,968861,58,-
970901,970936,61,+
977113,977148,76,+
978452,978477,58,+
978653,978679,56,+
979748,979778,51,+
980647,980678,65,+
982479,982503,48,+
983506,983540,62,-
983579,983601,48,+
984181,984228,47,-
984362,984398,47,+
986265,986291,55,+
986351,986383,64,+
987697,987723,56,-
987862,987881,66,-
988153,988185,65,-
988823,988859,57,+
988887,988905,50,+
990432,990474,57,-
991006,991048,57,+
991100,991121,63,-
996474,996512,54,-
997434,997452,49,+
998979,999023,50,+
1001016,1001041,47,+
1002118,1002156,51,+
1007851,1007884,48,+
1016252,1016281,52,-
1018586,1018618,59,+
1022721,1022754,48,-
1023747,1023779,49,+
1024931,1024954,49,+
1027119,1027156,55,+
1027717,1027742,47,+
1027774,1027799,57,+
1029629,1029653,59,-
1030684,1030717,58,+
1032967,1032995,66,+
1033012,1033045,51,+
1033366,1033390,48,-
1034429,1034447,67,+
1035707,1035749,49,+
1036273,1036310,47,+
1037282,1037302,49,+
1037420,1037462,47,-
1038760,1038797,56,+
1039792,1039823,65,+
1039830,1039875,90,+
1041789,1041815,56,+
1044058,1044077,66,+
1044562,1044600,54,-
1044885,1044922,62,+
1046120,1046145,71,+
1046268,1046299,68,+
1048713,1048754,57,+
1049677,1049702,57,-
1050636,1050675,94,+
1050890,1050933,48,+
1051107,1051137,51,+
1051770,1051814,50,-
1052282,1052317,61,+
1054470,1054511,50,+
1054752,1054769,69,+
1055518,1055546,66,+
1056319,1056341,61,-
1056887,1056910,60,-
1057671,1057713,54,+
1058046,1058080,58,+
1059552,1059574,61,+
1060475,1060521,48,+
1062478,1062496,50,+
1064786,1064809,50,+
1065167,1065199,49,+
1065563,1065596,58,+
1066073,1066111,50,+
1066411,1066442,50,-
1066803,1066847,53,+
1067691,1067719,68,+
1067886,1067918,49,+
1070062,1070103,53,+
1070861,1070904,53,+
1071054,1071087,48,-
1071264,1071291,69,+
1071384,1071408,69,+
1073314,1073345,54,+
1075582,1075606,67,+
1075797,1075823,56,+
1075836,1075866,106,+
1076433,1076455,49,+
1077143,1077174,55,-
1078313,1078337,71,+
1078557,1078576,49,+
1078604,1078620,53,-
1078741,1078770,52,+
1080022,1080051,52,+
1080157,1080196,54,-
1080265,1080307,51,+
1080706,1080732,56,+
1080836,1080868,65,+
1081991,1082018,60,+
1082100,1082144,65,-
1082552,1082587,50,+
1082876,1082908,59,-
1083553,1083593,58,+
1091975,1092010,59,-
1095214,1095231,69,+
1096575,1096595,64,+
1097777,1097809,54,-
1097897,1097942,47,+
1098166,1098199,63,+
1098609,1098640,70,+
1099380,1099413,56,+
1100338,1100375,58,-
1101738,1101776,53,+
1104799,1104837,59,+
1106721,1106745,59,+
1108777,1108798,90,+
1113325,1113343,49,-
1118054,1118077,48,+
1122054,1122090,61,+
1124890,1124924,63,+
1125391,1125407,52,+
1126232,1126252,47,+
1127217,1127236,51,+
1128326,1128364,56,+
1128805,1128825,54,+
1129741,1129772,48,+
1133680,1133721,52,-
1136337,1136371,59,-
1139329,1139365,57,+
1144750,1144781,50,-
1145794,1145810,52,+
1147675,1147705,62,+
1149080,1149098,49,-
1163596,1163637,53,+
1165286,1165322,57,+
1166746,1166770,48,+
1169222,1169245,60,-
1173218,1173243,58,+
1174466,1174496,66,+
1175093,1175116,60,-
1178896,1178938,85,-
1180161,1180204,53,-
1180530,1180556,56,+
1180899,1180920,48,+
1181405,1181427,48,+
1181658,1181676,50,-
1182047,1182083,73,+
1182128,1182159,50,+
1183215,1183253,57,+
1183270,1183298,58,+
1183821,1183844,50,+
1184151,1184175,48,-
1185535,1185551,52,-
1185592,1185622,83,+
1185795,1185834,55,+
1187487,1187513,58,-
1189131,1189159,71,+
1193661,1193690,69,-
1193714,1193745,50,-
1195056,1195093,54,-
1195286,1195303,69,-
1195435,1195464,52,+
1195607,1195636,52,-
1195832,1195859,55,-
1196652,1196676,48,+
1197089,1197112,78,+
1197262,1197279,69,-
1197349,1197390,55,+
1200734,1200762,58,+
1201490,1201518,54,+
1201662,1201680,51,+
1202016,1202052,55,+
1204172,1204214,52,+
1204262,1204299,51,-
1204750,1204777,67,+
1205900,1205918,52,+
1206448,1206481,55,-
1206635,1206665,51,+
1208505,1208550,64,+
1209394,1209431,76,-
1211333,1211363,52,+
1212598,1212621,50,+
1212834,1212876,53,+
1213504,1213549,50,-
1215946,1215974,63,-
1216640,1216679,53,-
1218094,1218116,49,+
1219418,1219436,49,+
1220098,1220126,67,+
1220182,1220201,47,+
1220231,1220249,67,+
1222314,1222332,52,+
1222549,1222566,50,+
1222848,1222886,54,+
1223581,1223614,59,+
1223691,1223719,65,+
1224299,1224338,53,-
1224743,1224771,63,+
1225912,1225931,47,+
1226250,1226284,89,+
1226859,1226891,51,+
1226924,1226952,54,+
1227415,1227444,69,-
1227473,1227503,83,+
1229594,1229630,102,+
1230651,1230695,52,+
1231171,1231193,89,+
1231206,1231229,50,+
1232440,1232469,66,-
1232567,1232604,75,+
1232899,1232921,73,+
1232975,1233017,51,+
1233503,1233531,71,+
1234646,1234681,60,-
1235911,1235951,51,+
1237432,1237458,56,-
1239227,1239267,55,+
1239789,1239828,54,+
1239874,1239899,57,+
1240581,1240617,76,+
1240818,1240846,68,-
1240887,1240927,49,+
1242492,1242518,56,+
1242754,1242792,61,+
1243623,1243659,54,+
1243735,1243778,68,-
1244097,1244132,59,+
1247405,1247427,61,+
1247713,1247754,51,+
1249615,1249654,55,+
1249705,1249744,55,-
1249861,1249889,53,-
1250089,1250114,47,-
1250284,1250322,53,+
1250418,1250448,59,-
1252838,1252862,59,-
1256131,1256164,48,-
1257523,1257550,81,-
1257601,1257625,61,-
1259284,1259312,64,-
1260991,1261036,48,-
1261940,1261960,64,+
1264611,1264652,50,+
1265295,1265327,49,-
1265604,1265645,51,+
1268022,1268045,49,-
1268720,1268766,49,-
1268995,1269027,50,+
1270308,1270349,57,-
1270640,1270660,64,+
1271378,1271416,50,+
1271495,1271515,48,-
1271539,1271564,57,-
1271567,1271606,54,+
1271748,1271788,51,-
1271934,1271981,49,-
1278738,1278766,55,+
1280536,1280556,49,+
1281419,1281450,50,+
1282262,1282288,57,+
1282769,1282797,65,-
1284069,1284093,60,+
1285017,1285049,63,+
1285127,1285145,67,+
1285158,1285189,65,-
1286039,1286068,51,+
1288044,1288076,60,+
1288482,1288510,71,-
1288949,1288977,55,+
1291789,1291819,51,+
1294019,1294058,58,-
1305035,1305065,59,+
1310073,1310095,49,+
1311335,1311360,68,+
1314668,1314703,74,-
1317039,1317066,55,+
1317131,1317158,55,+
1317783,1317822,54,+
1318083,1318113,80,+
1320970,1320992,49,+
1321488,1321505,52,+
1321522,1321557,58,-
1321687,1321715,54,+
1322380,1322397,50,+
1323743,1323792,88,+
1326497,1326529,94,+
1327456,1327479,49,-
1328754,1328790,48,-
1329401,1329423,63,+
1330108,1330132,48,-
1330433,1330465,82,+
1331965,1331994,52,-
1332268,1332314,85,+
1333980,1334029,86,+
1334426,1334461,60,-
1336485,1336504,66,+
1338039,1338062,50,+
1338473,1338509,59,+
1338539,1338571,59,+
1338753,1338783,63,+
1339082,1339105,49,-
1340167,1340191,48,-
1340220,1340260,55,+
1340431,1340452,49,+
1341733,1341769,65,+
1343247,1343268,48,+
1343323,1343341,49,+
1343581,1343614,62,+
1345362,1345383,63,+
1345555,1345597,49,-
1346446,1346480,47,+
1346883,1346919,62,-
1350395,1350430,60,+
1351026,1351058,79,+
1351570,1351618,47,+
1352413,1352447,60,-
1352998,1353027,52,+
1353106,1353140,76,+
1353197,1353222,47,+
1354428,1354448,64,+
1355156,1355198,65,+
1355501,1355537,61,-
1356423,1356453,57,+
1356471,1356510,59,-
1356826,1356861,61,+
1357206,1357245,55,+
1357424,1357448,59,+
1357614,1357648,50,+
1357714,1357749,73,+
1358910,1358934,64,+
1359560,1359590,62,+
1359718,1359747,52,+
1359978,1360016,69,+
1360036,1360062,57,+
1360148,1360183,58,-
1360649,1360679,68,+
1360777,1360800,48,+
1362925,1362956,67,+
1365330,1365355,47,+
1365558,1365583,47,+
1366017,1366046,52,+
1366226,1366243,69,+
1366911,1366943,60,-
1367269,1367291,49,+
1368262,1368281,66,+
1368399,1368424,103,+
1369526,1369553,63,+
1371040,1371064,63,-
1371262,1371294,65,-
1372419,1372444,47,+
1376721,1376745,48,+
1377403,1377432,52,+
1384384,1384419,58,+
1386480,1386510,54,+
1387278,1387306,52,+
1390490,1390523,79,+
1390717,1390751,63,-
1391256,1391286,65,+
1392296,1392319,48,-
1392714,1392740,56,+
1393441,1393481,87,+
1393931,1393950,47,+
1394080,1394114,79,+
1394158,1394178,64,+
1394383,1394412,52,+
1394414,1394451,55,-
1394919,1394949,51,+
1395213,1395231,67,+
1395417,1395444,55,+
1395610,1395648,54,-
1395663,1395700,58,+
1396397,1396426,66,+
1396936,1396966,62,+
1397120,1397144,58,+
1397549,1397597,48,+
1397845,1397885,49,+
1398122,1398148,55,-
1398550,1398574,48,+
1399183,1399224,50,+
1399518,1399564,49,+
1400037,1400066,54,+
1400086,1400117,71,+
1400932,1400964,94,+
1401441,1401477,58,+
1401565,1401596,59,+
1401686,1401725,57,+
1403261,1403278,69,-
1403480,1403512,65,+
1403828,1403859,60,+
1404589,1404634,52,+
1404726,1404754,54,-
1405021,1405051,51,+
1405378,1405401,60,+
1406560,1406579,66,+
1407719,1407751,50,-
1408356,1408396,54,+
1409785,1409825,71,-
1410152,1410168,70,+
1419875,1419920,48,+
1422899,1422935,48,-
1423206,1423253,76,-
1424529,1424562,52,-
1428698,1428734,59,+
1428778,1428801,60,-
1428884,1428910,56,-
1430019,1430048,52,-
1431391,1431420,52,+
1431629,1431654,57,+
1432683,1432702,47,+
1433129,1433154,47,+
1435167,1435206,55,+
1435815,1435857,50,+
1436040,1436078,50,+
1439389,1439409,49,+
1440292,1440330,54,-
1443232,1443265,52,+
1443469,1443501,54,+
1444173,1444205,59,+
1444248,1444285,55,+
1444410,1444449,57,+
1444651,1444684,58,+
1445225,1445255,52,-
1445332,1445363,60,-
1447034,1447072,56,-
1448757,1448795,57,+
1449409,1449449,49,+
1450237,1450256,49,+
1450668,1450699,65,+
1451757,1451787,66,-
1452584,1452603,47,+
1453425,1453444,51,+
1453651,1453697,47,+
1454557,1454576,47,-
1454727,1454746,49,-
1456574,1456607,64,-
1457475,1457498,60,+
1457934,1457965,48,+
1459973,1460013,54,+
1460500,1460533,75,-
1460983,1461008,57,-
1461427,1461451,58,-
1461549,1461585,48,+
1462955,1462989,62,+
1463063,1463086,60,-
1463122,1463154,63,+
1463938,1463955,50,+
1464017,1464056,55,-
1464232,1464269,58,-
1465119,1465140,49,+
1465519,1465565,47,-
1465592,1465625,80,+
1465741,1465782,50,-
1466027,1466063,61,-
1466525,1466555,57,+
1466956,1466989,80,+
1468457,1468481,91,+
1468637,1468656,47,-
1472904,1472922,50,+
1474218,1474252,62,-
1474418,1474443,103,+
1475126,1475153,55,+
1480129,1480168,58,+
1480861,1480894,64,+
1481302,1481323,63,-
1481452,1481468,52,+
1481601,1481630,52,-
1481866,1481906,70,+
1482218,1482241,60,+
1482505,1482539,60,+
1483279,1483297,67,+
1483331,1483367,54,-
1483363,1483384,48,+
1483728,1483752,48,+
1484135,1484166,83,+
1484491,1484525,51,+
1484618,1484650,80,+
1484725,1484762,73,+
1484779,1484803,58,+
1484953,1484987,56,-
1485561,1485589,69,+
1485988,1486012,76,+
1486173,1486211,57,+
1486823,1486851,54,+
1486909,1486929,47,+
1487425,1487467,53,+
1487741,1487770,87,+
1487815,1487836,63,-
1488001,1488029,54,-
1488676,1488718,65,+
1489945,1489971,103,+
1490189,1490231,54,+
1491149,1491188,58,+
1492156,1492172,52,+
1494615,1494649,56,+
1494912,1494937,67,+
1495854,1495888,58,+
1496222,1496246,71,+
1497868,1497905,59,+
1497933,1497963,60,+
1499913,1499956,55,+
1500031,1500076,53,+
1500438,1500467,52,+
1503424,1503447,50,-
1503865,1503899,79,+
1506561,1506586,58,+
1511958,1511985,63,+
1512193,1512213,47,+
1512654,1512674,47,-
1512988,1513017,65,+
1513081,1513112,64,+
1513131,1513149,67,+
1513197,1513221,59,+
1514766,1514799,56,-
1515261,1515290,68,+
1516379,1516397,50,+
1516454,1516471,50,-
1517672,1517691,47,-
1517854,1517887,60,+
1517900,1517923,61,+
1518895,1518931,65,+
1520343,1520381,59,+
1520686,1520725,50,+
1520955,1520986,50,+
1521584,1521607,59,+
1523136,1523159,48,+
1523172,1523195,49,+
1529251,1529271,47,+
1529633,1529657,59,-
1529756,1529799,67,+
1529824,1529863,54,-
1530343,1530367,59,-
1530420,1530457,53,+
1530831,1530870,53,+
1531422,1531447,47,-
1531602,1531625,60,+
1531669,1531687,49,-
1531696,1531733,55,+
1531803,1531822,47,+
1531995,1532019,88,+
1532093,1532122,51,-
1533108,1533143,90,+
1534956,1534987,60,+
1535200,1535222,61,+
1536054,1536078,60,-
1537640,1537684,48,-
1537885,1537919,58,-
1538131,1538150,49,+
1539259,1539303,49,+
1539332,1539364,50,+
1539983,1540005,61,+
1540247,1540266,49,+
1540543,1540577,60,+
1541277,1541308,48,-
1541371,1541389,52,+
1541486,1541518,68,-
1543083,1543117,57,+
1545056,1545078,48,-
1546918,1546950,65,+
1548791,1548817,58,+
1548827,1548870,52,+
1549175,1549210,64,+
1550140,1550159,51,+
1550455,1550488,65,-
1550929,1550963,64,+
1551039,1551080,53,-
1551924,1551972,47,+
1552696,1552729,62,+
1553818,1553850,66,+
1553943,1553974,50,-
1558769,1558810,54,+
1559098,1559128,68,-
1560068,1560106,57,+
1560499,1560532,64,+
1561850,1561876,56,+
1563518,1563553,75,+
1564240,1564277,58,-
1564689,1564713,48,+
1585414,1585442,54,+
1586293,1586329,54,+
1587163,1587203,54,+
1587778,1587809,48,-
1591040,1591076,48,-
1591593,1591612,49,+
1592047,1592075,60,+
1592291,1592338,49,-
1592431,1592455,48,+
1592738,1592780,57,+
1592977,1593016,53,+
1593501,1593520,66,+
1593879,1593919,57,+
1594212,1594252,57,+
1594377,1594417,53,+
1594542,1594582,57,+
1595237,1595266,65,+
1595306,1595331,72,+
1595361,1595400,69,+
1596319,1596351,48,+
1598736,1598769,58,+
1598840,1598866,56,+
1599354,1599375,49,-
1600517,1600554,58,-
1600916,1600932,52,-
1604008,1604027,49,-
1604811,1604841,62,+
1608234,1608262,54,+
1609296,1609329,48,+
1609759,1609797,55,+
1613749,1613781,52,+
1614242,1614267,57,-
1615527,1615572,50,+
1616217,1616246,83,+
1616639,1616670,50,+
1617780,1617824,48,+
1617932,1617962,60,-
1618037,1618077,58,-
1618189,1618231,69,+
1618812,1618844,49,+
1619061,1619078,50,+
1622234,1622268,64,+
1623202,1623235,64,+
1626231,1626263,54,-
1626621,1626653,79,+
1628194,1628225,49,+
1629217,1629254,57,+
1629396,1629416,48,-
1632837,1632859,90,+
1633261,1633305,77,+
1634225,1634264,57,-
1634918,1634942,48,+
1639534,1639570,55,+
1640198,1640224,56,-
1641287,1641324,56,+
1642043,1642068,47,-
1642566,1642596,51,-
1642823,1642860,50,-
1643243,1643276,56,+
1643465,1643488,78,+
1643691,1643713,61,-
1643942,1643970,99,+
1644416,1644440,59,-
1645215,1645245,51,-
1648660,1648689,66,+
1649906,1649938,54,+
1650166,1650203,53,+
1650773,1650816,67,-
1651116,1651158,50,+
1651203,1651246,68,-
1651929,1651957,65,+
1652229,1652260,63,+
1652507,1652527,47,-
1652869,1652901,79,+
1652924,1652962,55,+
1654909,1654928,49,+
1655113,1655152,54,+
1655175,1655203,52,-
1655308,1655344,64,-
1658257,1658285,69,+
1658707,1658741,62,+
1658888,1658904,52,-
1659362,1659400,55,+
1660471,1660508,59,+
1660536,1660565,67,+
1661349,1661375,69,+
1661444,1661464,64,+
1661829,1661857,70,-
1662679,1662713,76,+
1663984,1664007,49,+
1664111,1664144,62,+
1664802,1664834,82,+
1667385,1667415,66,+
1667616,1667637,63,-
1670411,1670428,69,-
1670831,1670865,55,-
1670912,1670946,56,-
1673668,1673698,62,-
1673751,1673782,67,+
1674224,1674263,57,-
1675542,1675586,92,-
1675659,1675698,74,-
1677382,1677416,59,+
1677719,1677749,52,+
1677822,1677851,52,-
1678347,1678378,57,+
1678807,1678839,47,+
1682801,1682839,57,-
1683456,1683485,51,-
1683877,1683897,64,-
1684492,1684517,57,+
1684609,1684653,52,-
1684791,1684814,50,+
1684863,1684893,51,-
1685121,1685141,47,+
1685393,1685425,82,+
1685729,1685763,59,+
1685911,1685958,50,+
1686100,1686121,53,+
1688808,1688828,64,-
1689133,1689172,58,+
1689816,1689856,53,+
1690060,1690090,52,+
1690735,1690757,49,+
1691165,1691200,61,+
1691737,1691754,50,+
1692654,1692693,55,+
1692889,1692915,56,-
1693006,1693048,55,+
1693266,1693283,50,+
1693576,1693620,50,-
1694321,1694344,87,+
1695374,1695415,48,+
1696841,1696881,71,-
1697338,1697363,69,+
1699692,1699725,48,+
1701786,1701805,51,-
1702635,1702660,71,+
1704067,1704097,51,+
1705520,1705542,61,+
1705879,1705924,49,-
1709345,1709362,50,+
1709470,1709495,57,-
1712544,1712574,67,+
1713811,1713831,64,-
1714262,1714298,76,+
1715150,1715182,65,+
1718121,1718159,57,-
1719197,1719223,73,+
1719265,1719309,94,+
1719517,1719546,52,-
1719583,1719603,48,-
1720211,1720242,50,-
1720730,1720764,51,+
1721923,1721961,55,+
1722452,1722483,48,+
1723125,1723142,50,+
1723916,1723950,65,+
1724441,1724466,67,-
1724630,1724652,70,+
1725421,1725453,62,-
1727412,1727436,48,+
1728136,1728167,62,-
1729090,1729117,55,+
1730407,1730437,51,-
1730631,1730663,60,+
1731176,1731200,69,+
1731352,1731379,71,+
1732615,1732655,51,+
1733237,1733259,48,-
1736694,1736719,75,-
1736736,1736755,49,-
1736902,1736933,95,+
1737875,1737906,49,+
1741355,1741388,48,+
1742492,1742519,55,-
1743210,1743243,62,+
1743379,1743414,54,+
1743732,1743771,87,+
1744237,1744270,62,+
1745338,1745371,62,+
1745568,1745593,57,-
1746769,1746800,68,+
1747294,1747316,51,+
1750476,1750500,48,+
1751181,1751207,56,+
1751787,1751815,54,-
1752400,1752427,55,-
1752827,1752849,48,-
1753597,1753630,52,+
1753729,1753760,48,-
1753836,1753872,75,-
1753918,1753958,55,-
1754281,1754317,58,-
1755018,1755042,48,-
1755728,1755759,67,-
1757754,1757777,59,+
1758906,1758928,61,+
1759095,1759127,63,+
1762222,1762257,50,+
1763474,1763506,52,+
1764028,1764062,60,-
1765362,1765396,91,-
1765941,1765965,48,-
1765974,1766013,55,+
1766045,1766068,60,+
1766141,1766163,70,+
1766594,1766625,62,+
1766960,1766990,62,+
1767231,1767269,61,+
1767910,1767940,67,+
1767950,1767972,51,+
1768474,1768509,59,+
1769083,1769127,53,+
1769233,1769263,82,+
1770152,1770182,82,+
1770307,1770346,54,-
1770741,1770783,52,-
1771005,1771044,57,-
1771377,1771403,56,+
1771845,1771865,51,+
1771920,1771950,51,+
1772346,1772375,52,+
1773752,1773780,88,+
1776100,1776143,53,+
1776404,1776446,53,+
1776560,1776580,47,+
1777370,1777407,53,+
1778558,1778594,55,+
1778695,1778719,48,+
1778848,1778882,51,+
1779015,1779036,49,+
1779388,1779416,55,-
1781409,1781434,58,+
1781515,1781548,62,+
1781572,1781596,86,+
1782045,1782068,50,+
1782122,1782161,54,+
1783759,1783786,55,-
1784330,1784358,52,+
1787441,1787481,57,-
1787614,1787634,47,-
1787760,1787796,58,+
1787954,1787973,52,+
1788041,1788074,74,+
1789294,1789331,55,+
1789840,1789865,69,+
1790167,1790187,47,+
1790674,1790705,82,+
1790828,1790859,95,+
1790985,1791022,74,+
1791029,1791067,74,-
1791161,1791185,104,+
1791239,1791276,58,+
1791778,1791803,58,+
1792229,1792266,54,+
1792350,1792378,66,+
1792464,1792497,61,+
1792718,1792742,67,-
1792969,1793001,49,+
1793105,1793130,47,+
1793149,1793169,64,+
1793591,1793608,69,+
1793711,1793738,55,-
1793920,1793944,48,-
1794431,1794458,61,+
1795198,1795238,57,+
1795333,1795366,64,+
1795880,1795912,49,+
1796573,1796605,64,+
1800697,1800729,49,+
1816772,1816813,57,+
1817101,1817121,49,+
1828954,1828987,47,+
1829417,1829445,54,+
1832973,1832998,47,+
1833568,1833598,59,+
1833629,1833674,94,+
1834668,1834697,52,-
1834708,1834742,75,+
1834825,1834865,51,+
1835715,1835741,56,-
1835864,1835895,65,+
1835946,1835978,65,+
1837270,1837303,55,+
1837705,1837731,56,+
1838877,1838918,51,+
1839362,1839399,56,+
1839748,1839770,51,+
1839973,1840022,47,-
1840072,1840101,52,-
1840130,1840159,51,-
1840351,1840386,59,+
1841051,1841082,51,-
1842059,1842080,63,+
1842285,1842320,50,+
1843504,1843522,49,-
1843668,1843699,65,+
1843772,1843801,65,+
1844381,1844420,70,+
1846609,1846649,53,+
1848120,1848144,59,+
1854010,1854030,64,+
1854640,1854667,55,+
1855006,1855035,60,+
1855594,1855628,55,+
1856015,1856048,58,-
1856244,1856276,59,+
1858899,1858923,48,+
1859241,1859256,53,-
1861740,1861768,82,+
1865019,1865042,49,-
1865636,1865661,56,+
1866617,1866643,56,-
1871375,1871406,68,-
1875934,1875954,64,-
1876170,1876200,57,+
1881770,1881806,75,+
1881942,1881962,47,-
1883106,1883134,69,+
1883260,1883294,72,+
1883494,1883515,48,+
1887096,1887144,47,+
1887694,1887723,52,+
1889288,1889325,47,+
1889846,1889867,49,+
1889887,1889904,50,+
1890419,1890447,54,+
1892546,1892585,53,+
1892808,1892829,48,+
1895583,1895613,65,-
1895995,1896032,53,+
1896067,1896096,52,+
1899210,1899242,62,+
1899276,1899293,52,+
1903427,1903462,50,-
1903796,1903829,48,+
1903884,1903911,72,-
1904395,1904428,56,-
1904552,1904582,51,+
1905817,1905841,59,+
1907709,1907742,48,-
1909031,1909065,61,+
1909306,1909332,60,+
1909944,1909982,96,-
1910107,1910134,64,+
1910378,1910404,56,+
1910618,1910638,48,+
1912241,1912264,60,+
1912609,1912631,61,+
1912718,1912751,52,+
1913798,1913828,96,+
1914081,1914100,47,+
1914134,1914169,78,+
1916200,1916244,49,+
1916874,1916906,64,-
1917806,1917831,47,+
1918029,1918075,49,+
1918312,1918335,72,+
1918431,1918458,66,+
1918527,1918550,49,+
1918987,1919022,59,+
1919787,1919827,54,+
1919999,1920026,65,+
1920039,1920075,59,-
1924963,1925007,52,-
1925602,1925646,52,+
1925760,1925790,65,+
1925889,1925934,49,+
1926929,1926963,80,+
1927283,1927307,76,+
1927739,1927769,55,+
1928348,1928376,61,-
1930267,1930291,48,-
1930822,1930866,48,+
1931093,1931127,59,-
1931541,1931584,50,-
1931671,1931710,57,+
1932480,1932502,61,+
1932997,1933031,102,+
1933284,1933315,50,-
1936030,1936072,57,-
1936123,1936154,50,-
1941892,1941922,51,+
1942682,1942718,58,+
1947325,1947364,69,+
1959012,1959045,62,+
1963211,1963232,48,+
1964219,1964237,49,+
1971944,1971978,58,-
1974637,1974664,66,+
1979410,1979448,71,-
1979650,1979692,54,-
1980240,1980263,48,+
1980388,1980420,62,+
1980584,1980618,62,+
1980941,1980980,54,+
1981228,1981265,58,-
1982171,1982198,68,+
1982624,1982642,50,-
1982944,1982981,70,+
1983189,1983227,74,-
1984376,1984411,55,+
1986109,1986132,48,+
1986447,1986476,52,-
1986596,1986631,59,-
1987303,1987322,47,+
1987495,1987531,61,+
1988499,1988531,65,-
1989069,1989096,72,+
1990699,1990723,48,+
1990738,1990768,51,+
1991201,1991221,49,+
1993101,1993123,51,+
1994380,1994403,69,+
1995481,1995503,79,-
1995728,1995747,49,+
1996562,1996590,54,+
1997644,1997674,49,-
1998351,1998398,63,+
1998550,1998576,56,-
1999751,1999791,57,+
2000315,2000337,61,+
2001748,2001772,71,-
2006829,2006864,55,+
2010776,2010797,63,+
2014930,2014950,64,+
2015586,2015605,49,-
2016438,2016470,49,+
2016663,2016692,52,+
2016934,2016972,74,+
2017592,2017618,72,+
2018525,2018557,62,-
2020146,2020192,64,+
2020247,2020289,50,+
2020367,2020392,84,+
2021183,2021204,53,-
2021349,2021389,57,+
2022109,2022128,66,+
2022588,2022607,47,+
2022867,2022903,64,+
2023103,2023133,62,+
2023141,2023189,47,+
2023664,2023682,67,+
2024344,2024381,58,+
2024693,2024713,47,+
2024819,2024839,64,+
2024855,2024900,53,+
2025300,2025346,90,+
2026194,2026222,65,-
2026254,2026284,63,+
2027312,2027335,60,+
2028405,2028428,60,+
2028983,2029015,108,+
2029360,2029400,69,-
2030420,2030447,68,+
2030497,2030520,60,+
2030848,2030880,59,-
2031050,2031085,58,-
2031386,2031403,50,+
2031442,2031468,56,+
2033187,2033227,54,-
2034168,2034206,55,-
2034225,2034262,50,+
2034638,2034662,58,+
2035718,2035754,54,+
2035891,2035907,52,+
2036940,2036959,49,+
2037015,2037045,62,+
2037731,2037769,57,+
2038073,2038101,70,-
2038327,2038351,58,+
2038723,2038753,51,+
2039064,2039103,57,+
2039521,2039539,67,+
2039883,2039915,82,+
2039991,2040030,57,+
2040723,2040753,51,+
2041417,2041456,55,-
2048667,2048686,47,+
2053029,2053047,51,+
2057804,2057834,64,+
2057842,2057876,59,-
2061233,2061267,58,+
2062924,2062958,58,+
2063033,2063057,59,-
2063207,2063240,60,+
2064072,2064111,55,-
2065105,2065148,50,+
2065165,2065192,83,+
2066175,2066206,80,-
2066550,2066592,50,-
2067166,2067201,61,+
2067376,2067417,51,-
2068836,2068871,55,-
2070835,2070881,50,+
2072024,2072051,61,+
2072435,2072461,66,-
2074424,2074452,54,+
2074577,2074605,52,+
2074749,2074768,47,+
2074959,2074994,57,-
2075868,2075894,71,+
2075930,2075973,50,-
2076614,2076638,71,+
2077073,2077107,61,+
2078767,2078794,55,-
2079550,2079570,47,+
2079827,2079861,51,-
2080409,2080431,61,+
2081017,2081041,58,-
2081490,2081520,70,-
2082473,2082496,49,-
2083937,2083957,47,+
2084497,2084523,56,-
2086144,2086183,55,+
2086291,2086325,75,+
2086510,2086542,62,+
2086559,2086588,61,+
2086958,2086988,65,-
2087161,2087180,56,+
2087739,2087758,47,+
2087915,2087948,52,+
2088101,2088117,52,+
2088422,2088439,50,+
2088859,2088883,69,+
2089404,2089432,54,+
2090258,2090293,61,-
2090305,2090329,48,+
2092262,2092294,75,+
2094056,2094090,56,+
2094687,2094717,57,+
2095236,2095254,49,+
2095515,2095538,60,+
2095631,2095647,53,+
2097256,2097290,55,+
2097514,2097544,52,+
2101698,2101742,53,+
2103553,2103577,60,+
2103826,2103844,49,+
2104919,2104957,55,+
2107702,2107725,60,+
2107768,2107803,61,+
2109616,2109643,61,+
2110818,2110842,69,+
2110977,2110993,52,+
2111410,2111445,55,+
2113981,2114014,47,+
2114071,2114119,48,+
2114251,2114277,68,+
2115046,2115076,57,+
2116976,2117022,49,+
2117159,2117189,51,-
2117868,2117904,76,+
2119607,2119637,67,+
2121688,2121716,80,+
2122077,2122113,59,+
2122302,2122326,59,+
2122689,2122725,98,+
2123074,2123096,49,+
2123162,2123202,59,+
2123231,2123259,64,+
2123550,2123571,63,+
2123698,2123718,47,+
2124196,2124229,78,+
2124502,2124520,67,+
2124911,2124940,58,+
2125018,2125042,59,+
2125234,2125272,62,-
2125970,2125993,60,+
2126249,2126272,49,+
2126438,2126468,62,+
2126478,2126520,95,+
2126740,2126779,51,+
2127524,2127548,59,+
2128265,2128282,50,-
2128877,2128899,79,+
2128915,2128931,52,+
2129084,2129121,54,+
2129906,2129929,50,+
2130382,2130414,49,-
2131190,2131219,85,+
2131775,2131796,63,-
2132334,2132354,49,+
2133571,2133595,59,+
2133860,2133885,47,+
2134372,2134413,51,-
2134605,2134628,59,+
2134746,2134763,52,+
2136256,2136280,59,+
2138515,2138546,52,-
2138668,2138698,51,+
2139210,2139251,51,+
2141230,2141252,48,+
2141308,2141326,49,+
2142395,2142439,52,-
2143024,2143057,56,+
2146136,2146169,58,+
2146892,2146913,63,+
2147294,2147339,48,+
2147461,2147494,65,+
2147700,2147728,52,+
2148050,2148074,48,+
2148107,2148152,65,+
2148280,2148302,48,+
2149538,2149568,57,+
2150278,2150319,54,-
2150434,2150456,61,+
2151388,2151414,83,+
2152508,2152541,47,-
2152598,2152616,67,+
2154020,2154059,55,+
2157625,2157644,66,+
2159614,2159636,48,+
2161301,2161341,54,-
2162832,2162864,51,+
2163492,2163524,50,+
2168578,2168614,58,+
2169377,2169421,53,+
2169677,2169700,60,+
2170471,2170494,60,+
2171381,2171398,50,+
2172878,2172910,52,+
2175471,2175512,52,+
2176927,2176962,59,-
2177993,2178013,49,-
2179370,2179402,48,+
2179543,2179566,60,+
2179884,2179912,66,+
2181602,2181629,53,+
2185887,2185926,50,+
2186320,2186339,49,+
2186706,2186737,62,+
2189014,2189052,58,+
2190637,2190663,63,+
2190816,2190833,50,+
2191354,2191392,57,-
2192189,2192231,51,+
2196120,2196160,55,-
2199829,2199849,47,+
2200167,2200195,80,+
2200212,2200242,62,+
2200414,2200441,66,+
2201031,2201061,68,+
2203755,2203777,48,+
2204537,2204574,55,+
2206452,2206468,52,+
2209893,2209924,65,+
2214324,2214355,48,+
2216725,2216753,85,+
2220997,2221030,62,+
2223373,2223411,53,+
2226985,2227018,59,-
2228848,2228881,62,+
2228916,2228949,59,-
2232846,2232871,58,+
2235793,2235829,64,-
2235947,2235970,50,+
2241458,2241485,83,+
2242477,2242514,54,-
2250281,2250308,55,+
2251777,2251810,50,-
2253661,2253700,53,+
2259220,2259248,53,+
2259942,2259971,65,-
2260609,2260631,61,+
2264063,2264098,59,+
2265273,2265298,56,-
2268792,2268833,55,+
2271242,2271266,48,-
2272047,2272070,48,-
2273593,2273610,52,-
2278122,2278161,51,-
2280740,2280759,47,-
2281451,2281473,51,-
2282760,2282791,78,-
2284193,2284217,59,-
2286439,2286470,65,+
2287104,2287128,69,-
2288485,2288521,65,-
2289085,2289105,64,+
2289971,2290006,62,-
2290523,2290560,102,-
2292626,2292647,49,+
2293917,2293942,57,+
2300716,2300746,52,-
2300846,2300889,53,-
2304381,2304406,47,-
2306604,2306637,76,+
2306875,2306905,65,-
2310336,2310371,59,-
2311033,2311068,56,-
2313671,2313710,52,-
2317616,2317641,47,-
2318280,2318320,54,-
2319215,2319251,61,-
2319908,2319931,60,-
2320196,2320225,52,-
2320498,2320514,53,+
2321026,2321063,51,-
2322485,2322507,51,+
2323096,2323127,67,-
2323345,2323380,48,-
2323782,2323801,47,-
2324188,2324229,53,-
2326531,2326551,49,+
2326593,2326617,104,-
2326946,2326968,61,-
2328032,2328073,58,-
2328100,2328133,62,-
2328504,2328535,50,-
2330194,2330214,47,-
2330352,2330389,64,-
2330679,2330706,68,-
2330844,2330870,55,-
2330922,2330952,55,-
2331036,2331073,54,+
2332171,2332204,51,-
2332255,2332283,61,-
2334005,2334035,52,-
2334541,2334586,53,-
2334937,2334980,94,-
2335156,2335189,59,+
2335855,2335875,49,+
2335908,2335927,49,-
2336437,2336485,47,-
2340183,2340228,47,-
2345345,2345365,48,-
2345667,2345703,58,-
2345725,2345753,54,+
2349270,2349308,57,-
2349326,2349358,65,-
2349454,2349477,48,-
2349531,2349568,56,-
2349604,2349649,123,-
2353748,2353766,50,-
2355273,2355300,100,-
2355336,2355355,51,+
2355857,2355882,47,-
2356359,2356389,82,-
2356978,2357003,66,-
2359256,2359282,56,-
2360055,2360090,55,-
2360287,2360321,59,-
2360458,2360489,64,-
2361234,2361268,63,-
2361409,2361452,55,-
2361768,2361803,50,-
2363208,2363243,76,-
2363882,2363922,48,+
2365218,2365248,63,-
2365880,2365903,49,-
2366393,2366419,56,-
2370767,2370797,51,+
2371488,2371519,52,-
2372092,2372127,50,-
2373418,2373452,51,-
2373464,2373490,55,+
2376807,2376826,49,-
2377241,2377274,48,-
2377408,2377427,66,-
2378008,2378038,62,-
2378394,2378428,74,-
2378527,2378546,47,-
2380815,2380848,62,-
2381714,2381732,49,+
2382091,2382120,52,-
2382384,2382421,52,-
2383095,2383123,52,-
2384804,2384843,53,-
2384893,2384921,63,-
2387774,2387799,47,-
2388580,2388610,51,-
2390816,2390854,53,-
2390872,2390899,70,+
2392714,2392746,59,-
2395742,2395769,65,-
2396047,2396073,56,-
2396671,2396689,49,-
2398520,2398559,51,-
2398743,2398762,47,-
2398829,2398876,49,-
2399444,2399474,83,+
2401191,2401227,59,-
2403199,2403224,57,-
2405751,2405781,68,+
2408109,2408140,51,-
2411630,2411671,58,-
2412517,2412566,48,-
2413060,2413094,60,-
2415432,2415468,76,-
2415735,2415766,68,-
2418083,2418113,51,-
2418522,2418545,49,+
2419719,2419756,47,-
2420582,2420602,47,-
2420651,2420691,52,+
2421857,2421904,50,-
2422065,2422095,64,-
2422220,2422256,61,-
2423456,2423489,61,-
2424441,2424479,57,-
2428465,2428493,99,-
2430466,2430482,52,-
2430625,2430662,76,-
2430822,2430852,52,-
2431850,2431878,67,-
2433601,2433636,50,-
2434319,2434354,60,-
2435233,2435276,53,+
2435940,2435965,47,-
2439119,2439152,60,-
2439747,2439786,53,-
2441731,2441757,56,+
2444163,2444180,69,+
2445634,2445657,60,-
2447263,2447283,47,-
2447417,2447444,55,-
2448680,2448711,50,-
2449698,2449718,47,+
2454967,2454987,64,-
2455724,2455742,49,-
2456143,2456180,87,-
2456204,2456234,57,-
2456540,2456580,87,+
2457075,2457105,62,-
2458033,2458060,63,-
2458091,2458110,49,+
2458235,2458259,59,+
2458287,2458328,57,-
2458495,2458525,97,-
2458864,2458891,66,-
2459684,2459701,52,-
2459706,2459724,67,-
2462260,2462278,50,-
2462369,2462398,52,-
2462502,2462527,47,-
2463274,2463294,47,-
2466087,2466125,54,+
2466360,2466394,74,+
2466813,2466833,47,-
2467630,2467667,59,+
2468092,2468122,95,-
2468677,2468702,47,+
2468745,2468765,49,+
2471190,2471216,56,-
2471496,2471520,48,-
2471981,2472006,61,-
2473615,2473647,49,+
2473916,2473955,59,-
2474829,2474847,51,-
2475547,2475580,48,-
2475919,2475951,49,-
2477921,2477952,57,-
2478648,2478670,51,-
2486842,2486875,52,-
2491738,2491775,56,+
2495781,2495818,51,-
2495854,2495887,48,-
2500762,2500795,61,-
2503923,2503941,67,+
2505840,2505859,66,-
2510522,2510550,69,-
2510598,2510632,58,-
2510821,2510859,57,-
2512206,2512229,48,-
2513159,2513184,60,-
2517365,2517389,48,-
2518067,2518083,53,-
2518185,2518220,54,-
2518940,2518971,60,-
2524751,2524783,65,+
2525030,2525073,54,-
2531613,2531646,65,-
2531972,2531991,56,-
2532779,2532798,51,+
2533374,2533403,52,+
2533423,2533456,64,+
2534085,2534116,52,+
2535258,2535297,54,+
2535819,2535838,49,-
2537705,2537736,63,-
2540131,2540159,54,+
2540895,2540915,64,-
2540981,2540996,72,-
2541239,2541276,57,-
2541540,2541579,55,+
2543306,2543327,49,-
2543391,2543411,49,-
2543761,2543785,61,-
2544389,2544410,51,-
2544695,2544737,49,-
2544767,2544784,50,-
2545937,2545978,58,-
2548228,2548258,65,-
2548306,2548343,47,-
2548457,2548480,60,-
2549607,2549628,49,+
2550471,2550501,51,-
2552264,2552297,56,-
2557106,2557146,53,+
2557598,2557615,52,-
2557926,2557966,51,-
2558268,2558296,57,-
2558987,2559015,54,-
2559459,2559484,69,-
2559542,2559560,49,+
2560924,2560958,78,+
2561918,2561963,48,-
2562698,2562730,64,-
2563306,2563337,51,-
2564658,2564687,52,-
2565913,2565941,54,-
2566269,2566308,51,+
2567083,2567102,49,-
2569197,2569214,50,+
2570841,2570865,58,-
2572902,2572929,63,-
2574549,2574566,52,-
2576957,2576980,49,+
2577601,2577642,70,+
2580112,2580141,61,-
2582328,2582375,47,+
2582824,2582856,51,+
2588067,2588093,56,+
2590016,2590034,50,-
2590194,2590222,60,-
2590911,2590944,48,-
2599511,2599546,47,+
2599979,2599999,47,-
2601323,2601342,49,-
2606808,2606841,70,-
2608929,2608948,49,+
2610571,2610590,47,-
2612420,2612447,61,-
2613772,2613805,106,-
2615027,2615064,60,-
2615278,2615313,56,-
2615556,2615596,53,-
2619957,2619994,47,+
2620858,2620892,56,-
2621392,2621419,55,+
2621987,2622011,59,-
2623104,2623137,56,+
2624882,2624898,52,-
2625134,2625167,48,-
2625455,2625488,62,-
2625826,2625863,74,-
2626070,2626098,54,+
2626901,2626923,49,-
2627053,2627082,63,-
2627460,2627478,51,-
2627767,2627785,49,+
2629086,2629114,68,-
2630608,2630639,52,+
2630709,2630733,59,+
2635024,2635057,60,-
2638067,2638093,56,-
2639430,2639459,52,+
2639727,2639760,65,-
2640069,2640096,81,-
2640104,2640126,51,-
2640819,2640839,49,+
2641592,2641618,56,-
2641791,2641836,47,-
2642681,2642703,48,-
2643247,2643292,48,-
2644363,2644397,92,-
2647041,2647062,62,-
2647502,2647536,62,-
2647685,2647720,62,-
2649213,2649260,49,+
2649868,2649897,57,-
2650185,2650209,48,+
2650655,2650679,59,-
2651407,2651424,52,-
2652220,2652258,71,-
2653390,2653435,92,-
2654168,2654197,68,-
2655240,2655258,67,-
2655377,2655418,49,-
2656351,2656395,49,-
2656669,2656696,69,-
2656849,2656869,47,-
2656978,2657006,63,-
2657572,2657596,48,+
2657813,2657853,50,-
2657966,2657991,58,+
2658098,2658134,53,-
2658371,2658399,54,+
2659017,2659037,47,-
2659339,2659378,84,-
2659764,2659788,48,-
2659935,2659966,50,+
2661801,2661831,52,-
2663898,2663927,106,+
2664194,2664213,51,-
2664436,2664460,48,-
2665029,2665050,53,+
2667494,2667525,52,+
2671265,2671289,67,-
2671881,2671913,48,-
2674033,2674055,48,-
2675547,2675564,50,+
2675992,2676028,54,-
2676766,2676784,52,+
2677154,2677183,52,+
2677586,2677606,64,+
2680048,2680088,53,-
2680759,2680790,59,-
2685511,2685547,55,-
2685914,2685945,71,-
2687972,2687991,66,+
2688832,2688876,54,+
2689332,2689350,51,-
2690301,2690337,48,-
2690945,2690972,53,-
2693688,2693707,66,+
2693712,2693734,61,+
2694144,2694164,47,-
2694760,2694803,52,+
2695580,2695616,47,+
2695700,2695740,58,+
2695779,2695811,57,+
2698883,2698922,51,+
2698929,2698973,49,-
2699203,2699231,63,+
2699346,2699385,54,+
2699693,2699722,58,+
2699829,2699865,58,-
2700442,2700475,61,-
2700560,2700605,89,+
2700863,2700904,55,-
2701554,2701584,57,-
2709978,2710009,48,-
2711410,2711446,65,-
2711728,2711758,65,-
2712051,2712077,56,-
2712490,2712520,65,-
2712812,2712838,56,-
2713251,2713281,65,-
2713573,2713599,56,-
2714012,2714042,65,-
2714335,2714361,56,-
2714773,2714803,65,-
2715096,2715122,56,-
2715534,2715564,65,-
2715857,2715883,56,-
2716296,2716326,65,-
2716618,2716644,56,-
2717057,2717087,65,-
2717380,2717405,58,-
2717818,2717848,65,-
2718141,2718167,56,-
2718580,2718610,65,-
2718902,2718928,56,-
2719341,2719371,65,-
2719664,2719690,56,-
2720102,2720132,65,-
2720425,2720451,56,-
2720864,2720894,65,-
2721186,2721212,56,-
2721625,2721655,65,-
2721948,2721974,56,-
2723065,2723092,66,-
2724866,2724883,50,-
2734904,2734932,54,-
2735226,2735246,64,-
2735969,2735995,56,-
2736881,2736901,49,-
2737243,2737283,53,+
2737429,2737466,59,+
2740028,2740053,69,-
2741325,2741352,55,-
2742950,2742973,50,-
2743054,2743076,62,-
2744042,2744079,58,+
2744157,2744199,53,-
2744341,2744385,48,+
2749598,2749626,63,-
2753959,2753979,47,-
2775652,2775680,54,+
2778388,2778431,53,-
2778501,2778517,52,-
2780075,2780099,48,-
2783983,2784004,48,-
2785528,2785550,48,-
2796202,2796229,55,+
2796340,2796380,49,-
2796641,2796678,101,-
2798984,2799016,63,-
2799325,2799359,67,-
2801271,2801314,52,-
2801529,2801548,51,-
2802045,2802082,55,-
2803808,2803835,53,-
2805421,2805448,55,+
2806152,2806170,50,+
2806437,2806463,64,+
2806506,2806549,50,-
2810538,2810577,54,+
2812794,2812832,55,-
2812986,2813003,69,-
2813063,2813096,61,-
2813176,2813203,66,-
2813818,2813851,65,+
2814383,2814408,47,-
2814423,2814466,54,-
2814495,2814525,51,-
2815910,2815944,79,-
2816466,2816508,53,-
2819369,2819398,68,-
2819729,2819765,58,-
2819767,2819797,52,+
2819960,2820006,87,+
2821249,2821268,49,+
2822473,2822499,66,-
2822743,2822774,48,+
2823816,2823861,50,-
2824207,2824253,52,-
2825623,2825642,49,+
2826542,2826569,89,-
2826577,2826624,49,+
2827765,2827800,48,-
2827928,2827946,50,-
2828128,2828159,50,-
2828438,2828461,60,-
2830233,2830254,52,-
2830904,2830924,47,-
2831166,2831188,107,-
2832186,2832208,61,-
2832487,2832516,51,-
2832720,2832744,58,+
2833324,2833363,55,+
2833485,2833509,58,-
2833514,2833532,67,+
2833622,2833642,64,+
2834876,2834896,64,+
2835037,2835057,64,+
2835174,2835196,70,+
2835314,2835336,70,+
2839798,2839816,51,+
2839869,2839912,50,-
2842151,2842181,54,-
2842719,2842736,69,-
2843767,2843792,58,+
2844083,2844111,71,-
2844356,2844376,49,-
2844901,2844941,55,-
2845047,2845074,55,+
2845645,2845677,49,-
2849985,2850011,55,-
2854008,2854029,48,+
2856709,2856749,97,-
2856768,2856800,105,-
2856957,2856976,47,-
2857085,2857116,62,-
2857386,2857418,66,-
2857490,2857511,63,-
2859132,2859167,50,-
2860068,2860094,69,-
2860290,2860314,48,-
2860422,2860463,51,+
2861173,2861214,50,-
2863039,2863080,48,+
2863054,2863086,57,-
2863141,2863179,58,-
2863210,2863242,62,+
2866736,2866760,48,-
2867029,2867066,57,-
2867311,2867343,52,-
2867538,2867555,69,-
2867581,2867602,49,-
2868537,2868581,53,-
2869062,2869098,62,-
2869921,2869957,55,-
2870767,2870796,52,-
2871769,2871797,52,+
2871931,2871957,64,+
2872784,2872816,62,+
2874210,2874241,65,+
2875274,2875315,58,-
2876062,2876105,49,-
2876658,2876683,84,-
2877434,2877470,74,-
2877606,2877630,48,-
2880789,2880810,48,-
2880926,2880959,55,+
2881341,2881360,49,-
2881535,2881566,64,-
2883394,2883411,50,-
2883757,2883778,48,+
2884746,2884764,49,+
2885004,2885029,57,+
2887884,2887910,56,-
2889171,2889191,47,+
2889465,2889501,61,+
2891233,2891277,48,-
2893633,2893673,54,+
2894331,2894364,62,-
2894990,2895019,62,-
2895524,2895556,79,-
2900173,2900209,56,-
2901002,2901041,53,-
2904621,2904647,55,-
2906021,2906042,48,+
2907179,2907214,61,+
2907533,2907564,49,+
2908016,2908043,63,-
2908777,2908806,69,+
2909709,2909748,54,-
2910137,2910173,58,-
2913652,2913669,50,-
2914169,2914197,68,-
2914960,2914989,52,+
2915971,2915996,69,-
2920204,2920238,60,-
2920776,2920804,63,-
2921874,2921912,55,+
2922117,2922159,69,-
2922339,2922382,52,+
2925419,2925452,48,-
2926431,2926460,54,+
2927141,2927174,75,-
2928829,2928870,58,-
2933971,2934003,56,-
2934657,2934679,48,-
2936559,2936597,58,+
2938626,2938657,50,-
2938674,2938709,59,-
2939482,2939509,55,-
2943336,2943367,54,+
2944013,2944053,50,-
2944069,2944108,54,-
2945117,2945146,66,-
2945232,2945267,79,-
2946009,2946042,48,+
2946207,2946231,89,-
2947330,2947367,56,-
2947847,2947875,54,+
2948554,2948588,47,-
2949093,2949108,53,+
2951670,2951706,61,-
2952311,2952349,61,-
2953110,2953146,47,+
2953260,2953287,53,+
2953678,2953698,47,+
2955048,2955092,49,+
2955214,2955259,47,+
2955284,2955302,67,-
2955325,2955346,48,-
2958063,2958090,55,-
2960877,2960917,53,-
2973981,2974011,68,-
2974619,2974649,55,-
2987826,2987860,55,+
2989191,2989223,57,+
2996177,2996197,49,-
2997635,2997652,50,-
2997899,2997928,58,+
2998111,2998145,60,-
3000272,3000298,56,-
3004857,3004895,54,-
3005082,3005102,47,+
3005398,3005425,55,-
3006204,3006237,59,-
3008100,3008121,64,-
3008887,3008904,50,-
3010375,3010408,62,-
3010885,3010924,54,-
3011346,3011373,64,-
3015548,3015571,48,+
3018350,3018384,64,-
3025083,3025106,60,+
3030800,3030835,59,+
3031009,3031029,48,-
3031140,3031171,57,-
3031303,3031336,52,-
3032256,3032292,53,-
3033912,3033932,47,+
3034273,3034316,52,+
3034499,3034539,51,-
3035994,3036015,73,-
3036084,3036122,59,-
3036143,3036172,66,-
3036402,3036437,56,-
3036586,3036607,62,-
3038413,3038441,52,+
3039000,3039037,51,-
3039102,3039125,71,+
3039547,3039563,52,-
3039662,3039689,55,+
3041329,3041356,61,-
3041379,3041403,48,-
3041499,3041523,58,-
3042159,3042178,47,+
3043068,3043110,53,+
3044566,3044587,49,-
3045128,3045147,66,-
3046555,3046578,60,-
3048853,3048874,63,-
3049244,3049270,58,-
3049764,3049786,89,-
3050110,3050143,58,-
3050466,3050503,59,-
3052457,3052489,57,-
3053258,3053291,64,-
3055747,3055789,68,+
3056049,3056068,47,-
3056216,3056248,76,-
3056355,3056398,95,-
3056767,3056806,53,+
3056891,3056926,62,-
3057478,3057508,51,+
3058221,3058257,71,+
3063399,3063427,71,-
3066171,3066200,52,-
3066300,3066325,47,-
3066437,3066469,65,-
3066644,3066668,59,-
3067195,3067221,56,+
3067238,3067270,49,-
3067536,3067570,55,-
3068207,3068228,63,+
3068632,3068658,56,+
3069546,3069587,58,-
3069645,3069666,48,-
3069947,3069968,48,-
3070024,3070067,49,+
3071349,3071368,49,-
3071886,3071913,53,+
3072363,3072384,81,+
3072820,3072840,51,-
3073071,3073097,56,-
3074700,3074718,57,-
3074840,3074873,59,-
3075599,3075635,48,+
3076780,3076818,62,-
3077313,3077347,51,-
3077386,3077405,66,-
3077699,3077715,52,-
3078980,3079007,55,-
3079601,3079639,74,-
3081190,3081229,57,-
3084652,3084690,74,-
3086493,3086536,53,-
3086959,3086987,54,-
3087742,3087779,57,-
3087870,3087912,50,+
3088167,3088196,63,-
3089135,3089162,71,-
3089513,3089550,50,-
3089706,3089729,50,+
3090429,3090453,48,-
3090972,3091011,53,-
3091367,3091404,58,-
3091600,3091619,47,+
3093008,3093045,53,-
3093070,3093093,60,+
3093921,3093946,84,-
3094392,3094411,49,+
3096886,3096923,59,+
3097398,3097429,68,+
3097472,3097495,60,+
3098658,3098690,54,-
3100362,3100381,49,-
3100610,3100629,49,+
3101439,3101475,55,-
3101525,3101557,92,-
3101751,3101768,52,-
3102005,3102026,49,-
3104500,3104532,80,-
3108506,3108528,49,-
3108798,3108823,47,+
3109164,3109195,50,-
3109745,3109786,58,-
3109898,3109939,48,-
3112593,3112613,49,-
3113530,3113561,62,-
3115550,3115573,49,-
3115660,3115688,65,+
3117627,3117653,56,-
3118358,3118390,60,-
3122188,3122234,52,+
3122953,3122984,48,-
3123769,3123802,50,+
3126220,3126238,49,-
3126309,3126336,55,-
3129138,3129168,68,-
3129203,3129226,72,-
3129777,3129801,48,-
3130028,3130054,69,-
3131484,3131511,55,-
3131594,3131624,51,-
3132240,3132264,94,-
3132291,3132319,66,+
3132429,3132463,51,+
3132681,3132718,62,-
3132741,3132774,55,+
3132955,3132976,49,-
3133416,3133442,61,-
3133501,3133525,59,-
3133551,3133572,51,-
3134161,3134186,57,-
3134285,3134316,54,+
3134469,3134485,52,-
3134999,3135029,65,+
3135729,3135745,70,-
3136237,3136262,67,+
3136270,3136290,64,-
3137905,3137930,60,-
3138061,3138091,49,-
3140025,3140056,50,+
3141872,3141912,50,-
3144439,3144474,61,+
3145108,3145137,52,-
3146291,3146334,54,+
3146417,3146439,51,-
3146678,3146716,87,-
3146858,3146883,57,+
3147341,3147371,96,-
3147643,3147675,59,-
3149666,3149682,52,+
3149712,3149745,56,-
3150727,3150744,50,+
3151077,3151110,74,+
3151409,3151433,89,-
3151484,3151514,54,-
3151836,3151869,76,-
3152575,3152598,50,-
3152653,3152685,49,+
3152676,3152725,48,-
3152818,3152855,55,+
3152881,3152921,70,-
3153007,3153026,47,-
3153159,3153181,51,+
3153399,3153442,49,-
3153543,3153573,54,-
3153610,3153639,83,-
3153685,3153717,103,-
3154663,3154705,57,-
3155068,3155093,57,-
3155184,3155210,55,+
3155766,3155794,65,-
3156915,3156939,48,+
3157103,3157134,59,-
3157576,3157600,67,-
3157797,3157829,49,+
3159026,3159050,59,-
3159770,3159809,70,+
3159948,3159976,71,+
3160786,3160823,71,+
3161971,3162016,47,+
3162575,3162608,70,-
3162944,3162979,56,-
3163082,3163111,63,-
3163946,3163988,49,+
3164357,3164399,91,-
3165255,3165300,90,-
3169892,3169912,49,+
3170248,3170292,48,-
3170569,3170602,67,-
3172405,3172443,71,-
3172898,3172918,47,-
3174804,3174836,49,-
3179888,3179922,62,-
3179945,3179989,67,-
3182503,3182527,48,+
3182825,3182866,52,-
3183826,3183857,50,+
3183878,3183904,56,-
3184497,3184541,50,-
3184881,3184910,52,-
3185329,3185365,59,+
3186260,3186279,47,-
3186676,3186705,52,-
3187325,3187356,80,-
3187685,3187726,69,-
3188020,3188050,79,-
3188078,3188099,63,+
3188453,3188477,71,-
3188639,3188661,79,-
3190821,3190843,61,-
3191401,3191427,56,+
3202765,3202801,74,+
3203761,3203790,52,-
3204212,3204233,53,-
3204455,3204502,50,-
3204796,3204821,69,-
3205134,3205149,53,+
3205379,3205399,48,-
3205599,3205627,54,-
3205901,3205921,47,+
3205917,3205947,65,-
3206122,3206155,60,-
3208921,3208940,51,-
3209515,3209549,51,+
3210535,3210567,57,+
3210664,3210698,47,-
3211642,3211682,54,+
3212073,3212096,49,+
3212588,3212618,80,-
3212725,3212744,47,-
3214619,3214649,68,-
3217515,3217555,53,-
3218022,3218053,50,+
3218149,3218183,74,-
3218349,3218383,59,+
3218441,3218458,69,+
3219047,3219077,65,-
3219263,3219287,63,-
3220762,3220797,56,-
3220921,3220952,50,+
3222175,3222198,60,-
3224280,3224316,48,-
3224425,3224465,58,-
3224970,3225014,50,-
3225618,3225645,69,-
3225882,3225913,60,-
3226024,3226061,69,+
3226676,3226706,64,-
3226865,3226887,48,-
3227449,3227486,62,-
3228091,3228110,49,-
3228752,3228781,57,-
3229379,3229414,72,+
3229690,3229729,88,-
3229963,3229999,61,-
3230107,3230138,83,-
3230158,3230187,86,-
3231924,3231943,47,-
3232349,3232369,64,-
3232947,3232990,50,-
3233270,3233295,61,-
3233746,3233785,73,-
3234932,3234954,61,-
3235093,3235132,57,+
3236047,3236064,50,-
3236509,3236534,67,-
3236720,3236745,57,-
3236789,3236822,101,-
3239951,3239974,50,+
3242572,3242588,52,+
3242950,3242987,58,+
3247643,3247675,49,+
3250457,3250482,47,-
3250762,3250792,65,-
3252413,3252448,76,-
3254236,3254277,52,-
3254568,3254587,47,-
3255453,3255490,54,+
3258105,3258138,59,-
3258214,3258233,52,-
3264102,3264134,48,-
3264287,3264309,51,+
3265014,3265045,50,+
3265240,3265273,68,+
3266069,3266105,54,+
3266210,3266241,80,+
3266263,3266294,59,-
3266381,3266413,76,-
3266492,3266526,55,-
3269538,3269564,56,+
3270894,3270933,55,-
3271238,3271258,64,-
3272597,3272618,48,-
3273962,3273997,58,-
3275235,3275263,54,-
3277209,3277242,64,-
3277611,3277630,49,+
3278085,3278118,48,-
3278831,3278848,50,+
3280318,3280348,51,+
3282200,3282220,48,-
3282233,3282264,50,+
3282816,3282847,48,+
3282890,3282916,56,-
3283752,3283783,80,+
3285139,3285164,56,+
3285323,3285348,58,+
3285813,3285844,60,-
3285890,3285916,68,-
3285954,3285991,75,-
3287305,3287328,60,-
3290101,3290134,51,-
3290182,3290222,53,-
3290557,3290576,49,-
3290945,3290975,52,+
3291485,3291513,54,+
3291731,3291761,79,-
3293519,3293553,62,-
3295414,3295444,54,-
3298359,3298398,55,-
3300120,3300142,51,+
3302090,3302113,87,-
3302618,3302651,62,-
3302975,3303012,55,+
3303641,3303677,54,-
3303902,3303937,75,-
3304614,3304638,58,-
3304795,3304831,59,+
3304973,3305018,49,-
3307129,3307169,53,-
3307492,3307523,71,+
3309332,3309364,49,-
3309693,3309728,74,-
3309792,3309813,53,-
3310503,3310538,64,-
3310975,3311017,52,+
3311124,3311150,56,-
3312137,3312175,100,-
3313580,3313624,47,-
3315119,3315155,62,+
3315293,3315318,93,-
3316602,3316643,50,-
3316697,3316724,55,+
3317876,3317900,63,+
3317972,3318005,67,-
3318511,3318529,49,-
3318554,3318585,50,+
3318885,3318915,60,-
3319548,3319590,54,-
3319718,3319757,69,-
3320255,3320292,55,-
3320709,3320745,65,-
3320959,3320982,48,+
3321298,3321318,49,-
3321765,3321807,80,-
3322948,3322984,51,+
3323218,3323252,74,-
3324552,3324582,51,-
3325561,3325580,47,+
3325649,3325665,52,-
3325708,3325724,70,+
3327909,3327930,62,-
3328572,3328595,60,-
3329138,3329168,51,-
3329801,3329820,51,+
3330808,3330839,65,-
3332283,3332318,56,+
3334110,3334128,52,-
3337260,3337293,60,+
3339671,3339692,51,+
3339809,3339828,47,+
3344375,3344405,51,-
3344782,3344824,55,-
3345024,3345049,57,-
3345942,3345974,49,+
3348137,3348165,54,-
3349628,3349651,48,-
3351630,3351653,60,-
3353516,3353552,61,-
3353846,3353873,86,-
3354543,3354560,69,-
3354761,3354778,52,-
3355609,3355644,59,-
3355756,3355785,52,+
3358567,3358604,62,-
3359880,3359911,63,+
3360068,3360098,66,-
3362557,3362595,55,-
3364438,3364473,88,-
3365060,3365086,58,-
3365215,3365242,68,+
3366909,3366940,98,-
3367736,3367771,58,+
3369260,3369278,49,-
3370038,3370060,61,+
3370348,3370373,86,-
3375369,3375411,51,+
3375538,3375566,55,-
3380359,3380395,61,-
3391247,3391283,47,-
3397858,3397891,62,-
3399191,3399217,66,+
3399306,3399345,55,-
3399492,3399521,52,-
3400458,3400484,71,-
3400486,3400505,49,-
3400670,3400692,48,-
3400754,3400787,109,-
3401574,3401615,53,-
3402174,3402193,49,-
3402811,3402850,54,-
3403330,3403355,47,+
3406274,3406310,61,-
3407398,3407427,69,-
3408006,3408035,52,+
3408975,3409005,60,-
3409073,3409098,57,-
3409209,3409232,50,-
3409760,3409777,50,-
3410658,3410681,60,+
3412693,3412715,51,-
3414098,3414132,79,+
3416260,3416283,50,-
3416629,3416662,64,-
3420489,3420523,59,+
3427023,3427057,67,-
3427298,3427321,60,-
3427584,3427605,63,-
3428968,3429004,47,-
3429936,3429963,55,-
3432423,3432460,58,-
3432822,3432838,52,-
3434432,3434451,47,-
3435637,3435655,49,-
3435712,3435751,53,-
3439981,3440012,65,-
3440499,3440522,60,-
3440650,3440676,56,-
3446700,3446725,57,+
3450764,3450802,57,-
3451401,3451431,60,-
3453086,3453123,58,-
3454590,3454616,56,-
3455045,3455079,72,-
3456612,3456650,59,+
3457868,3457894,58,-
3458590,3458622,75,-
3458924,3458947,60,-
3458952,3458975,60,-
3459299,3459330,60,-
3464271,3464297,56,-
3467689,3467714,69,+
3469388,3469405,52,+
3470403,3470440,62,-
3471029,3471071,52,-
3471503,3471526,50,-
3471562,3471582,47,+
3471842,3471880,54,-
3472385,3472406,49,-
3473804,3473843,52,-
3473927,3473950,87,-
3474021,3474057,47,-
3474186,3474217,52,+
3475967,3476003,75,-
3476633,3476660,66,-
3477827,3477845,49,-
3478111,3478145,58,-
3478457,3478494,53,-
3478905,3478949,54,+
3479624,3479664,69,+
3481073,3481102,52,+
3481365,3481403,52,-
3481419,3481453,48,+
3482942,3482964,49,-
3483067,3483110,98,-
3484558,3484592,50,-
3484604,3484621,69,-
3484895,3484941,49,-
3484951,3484995,65,-
3485089,3485113,59,-
3485373,3485392,49,+
3486449,3486468,49,-
3487385,3487427,49,-
3487439,3487479,53,+
3487840,3487873,62,-
3487903,3487940,53,-
3488209,3488248,57,+
3488881,3488911,65,-
3489311,3489344,62,+
3489590,3489637,47,+
3489869,3489895,58,+
3490287,3490326,68,-
3492670,3492703,58,-
3493164,3493196,47,-
3494332,3494369,70,+
3494602,3494625,49,-
3494878,3494897,49,+
3494990,3495022,62,-
3496506,3496538,60,-
3496866,3496893,57,+
3496941,3496974,56,-
3497346,3497389,52,+
3498703,3498726,48,-
3498937,3498954,69,-
3500341,3500382,48,-
3500521,3500551,64,-
3501433,3501465,47,+
3502184,3502207,60,+
3502761,3502791,65,+
3503213,3503235,48,+
3503975,3504018,50,-
3504453,3504490,54,+
3504744,3504763,51,-
3505127,3505143,52,-
3506470,3506497,55,-
3507388,3507404,52,-
3507426,3507467,58,-
3507476,3507492,70,+
3507869,3507906,64,-
3508593,3508620,69,+
3508726,3508749,48,-
3510026,3510055,52,-
3510148,3510175,55,-
3510380,3510402,48,-
3511118,3511149,55,-
3511950,3511966,53,-
3513060,3513096,62,-
3513152,3513181,52,-
3513490,3513529,73,-
3513702,3513720,67,-
3513853,3513872,47,+
3514279,3514311,67,-
3514385,3514414,62,-
3514913,3514935,61,+
3516174,3516206,50,-
3516212,3516259,79,-
3516412,3516444,50,+
3517140,3517167,55,-
3518823,3518839,70,-
3519707,3519739,58,-
3520272,3520309,75,-
3521507,3521545,53,+
3521929,3521963,51,-
3522189,3522217,65,+
3522307,3522330,48,+
3522748,3522783,50,-
3524283,3524304,51,-
3524310,3524349,54,+
3524652,3524679,72,-
3524842,3524868,56,-
3525094,3525117,60,-
3525352,3525373,49,+
3525679,3525715,58,+
3526424,3526455,59,+
3526527,3526552,57,-
3526591,3526606,53,-
3528651,3528670,49,-
3529177,3529210,75,-
3530684,3530701,52,+
3531483,3531512,52,-
3533103,3533146,55,-
3534029,3534055,58,-
3535521,3535549,57,-
3536578,3536608,49,-
3537809,3537834,67,+
3539492,3539517,47,+
3544097,3544116,49,-
3544515,3544540,57,-
3546349,3546387,75,-
3550467,3550506,57,-
3551090,3551117,66,-
3551367,3551398,50,-
3551874,3551903,52,-
3552246,3552289,83,-
3552978,3552998,64,-
3554695,3554712,52,-
3558232,3558265,64,-
3558299,3558337,54,-
3560142,3560161,47,-
3560343,3560363,47,-
3560503,3560533,54,-
3561321,3561350,51,-
3561719,3561750,67,+
3563746,3563785,54,-
3565463,3565496,51,+
3569131,3569175,54,+
3569403,3569435,58,-
3571039,3571069,62,-
3571114,3571136,51,-
3572437,3572458,63,+
3573376,3573394,50,-
3573580,3573609,52,-
3573798,3573823,72,+
3574550,3574576,58,-
3575297,3575335,59,-
3576479,3576504,63,-
3578411,3578447,59,-
3578744,3578793,47,+
3578896,3578925,66,-
3579304,3579328,71,-
3579870,3579901,48,-
3580329,3580349,64,-
3580432,3580464,60,-
3580827,3580872,50,-
3587354,3587386,47,-
3587591,3587608,52,-
3587759,3587778,49,+
3588940,3588984,50,-
3590698,3590732,64,-
3596525,3596558,52,-
3597325,3597348,60,+
3598829,3598862,48,+
3599709,3599745,54,-
3600453,3600479,64,-
3610719,3610753,59,+
3611714,3611746,60,-
3615130,3615154,59,-
3615575,3615604,51,-
3615960,3615983,49,-
3615999,3616022,60,-
3616801,3616844,49,-
3617749,3617777,69,-
3618168,3618200,49,+
3619130,3619147,50,+
3619163,3619193,57,-
3620388,3620408,48,-
3622525,3622551,56,-
3623569,3623589,48,-
3623953,3623993,83,-
3624064,3624092,63,+
3624742,3624767,47,+
3624988,3625005,69,+
3625230,3625248,49,+
3627084,3627120,100,-
3627424,3627454,60,-
3627465,3627498,50,+
3627871,3627902,52,-
3628446,3628482,58,-
3629441,3629463,61,-
3629710,3629748,54,-
3630186,3630223,54,-
3630778,3630816,55,-
3632093,3632117,60,+
3633433,3633455,61,+
3637863,3637881,50,-
3638552,3638584,50,-
3644033,3644068,47,-
3644586,3644624,55,-
3645397,3645414,52,+
3647457,3647476,49,-
3649806,3649829,60,-
3651000,3651020,47,+
3652815,3652835,92,-
3653288,3653328,57,+
3657048,3657078,62,+
3660605,3660646,69,-
3661146,3661170,48,+
3662551,3662592,50,-
3662994,3663011,50,-
3664520,3664556,56,-
3677128,3677173,53,-
3678669,3678710,50,-
3679658,3679699,51,-
3679831,3679856,56,-
3679945,3679971,56,+
3680497,3680518,63,-
3680557,3680590,92,-
3680722,3680755,56,-
3681298,3681333,62,+
3682119,3682157,61,-
3682826,3682858,49,-
3685809,3685824,53,-
3685979,3686005,60,-
3687195,3687236,54,+
3687475,3687504,52,+
3689204,3689237,48,+
3689417,3689446,63,-
3690239,3690278,116,-
3691192,3691235,49,+
3691303,3691333,57,-
3692009,3692040,65,-
3693187,3693215,54,-
3693794,3693816,48,-
3693881,3693917,87,-
3694353,3694393,59,-
3695021,3695041,49,-
3695343,3695373,63,-
3695532,3695562,68,-
3695860,3695886,60,-
3696935,3696967,49,-
3696997,3697025,68,-
3697152,3697172,64,-
3697812,3697844,63,+
3698098,3698133,62,-
3698396,3698417,63,-
3698575,3698614,52,+
3699499,3699546,50,-
3700046,3700092,47,-
3701444,3701464,64,-
3707520,3707565,48,+
3708301,3708327,56,+
3708677,3708718,70,-
3711313,3711351,54,-
3712222,3712250,82,-
3712626,3712645,47,-
3712666,3712702,70,-
3712931,3712950,47,+
3713627,3713650,124,-
3713690,3713723,75,-
3718144,3718185,57,-
3719372,3719405,58,+
3719894,3719927,52,+
3721126,3721160,119,-
3723463,3723492,52,-
3723857,3723882,69,+
3724104,3724145,128,-
3728140,3728161,62,-
3729390,3729417,57,-
3729966,3729996,63,+
3730410,3730439,51,-
3730496,3730526,51,-
3730608,3730634,56,+
3731104,3731131,68,-
3732186,3732204,49,+
3732789,3732806,52,-
3733996,3734030,72,-
3734735,3734768,52,-
3734893,3734921,54,-
3734959,3734979,48,+
3735125,3735158,47,-
3736623,3736648,47,-
3736751,3736800,86,-
3738338,3738375,74,-
3739176,3739191,53,-
3739702,3739722,64,+
3739919,3739944,47,+
3740212,3740249,51,-
3741551,3741571,51,+
3742818,3742849,63,-
3743521,3743553,57,-
3744357,3744394,64,-
3744495,3744531,61,-
3744638,3744666,54,-
3745423,3745464,53,-
3746870,3746899,52,-
3747192,3747217,58,-
3747907,3747953,49,-
3749679,3749704,58,-
3752050,3752074,59,+
3757009,3757040,82,-
3758726,3758759,62,+
3764878,3764913,58,+
3773838,3773859,49,+
3774573,3774593,47,+
3776544,3776564,64,-
3780900,3780921,63,+
3782267,3782304,53,+
3783693,3783735,54,+
3783985,3784016,50,-
3784036,3784055,49,-
3784381,3784403,48,-
3784507,3784545,50,-
3784985,3785022,56,-
3785817,3785849,58,-
3786159,3786193,76,+
3787468,3787503,74,-
3787659,3787678,49,-
3788494,3788516,61,+
3789126,3789153,57,+
3790449,3790492,55,-
3790834,3790860,58,-
3793525,3793570,48,-
3794386,3794422,59,+
3795411,3795439,53,+
3795978,3796022,52,+
3796515,3796540,57,-
3797048,3797079,60,-
3797535,3797555,47,+
3797676,3797707,48,+
3798419,3798437,50,-
3798493,3798537,93,-
3798692,3798720,66,-
3798741,3798764,87,-
3798925,3798960,58,-
3799347,3799380,58,-
3799798,3799835,51,-
3799920,3799951,65,-
3800014,3800046,65,-
3800185,3800205,51,-
3800953,3800999,49,-
3801830,3801863,48,+
3802031,3802052,48,-
3802798,3802838,49,-
3803003,3803026,60,-
3803988,3804027,54,-
3804780,3804798,50,+
3804890,3804931,48,+
3805279,3805303,48,-
3807593,3807634,57,-
3807813,3807842,66,-
3808053,3808074,81,-
3808103,3808126,61,-
3809755,3809786,68,-
3810097,3810132,59,+
3810538,3810560,89,-
3811217,3811233,52,-
3811966,3812004,54,+
3812382,3812411,52,+
3813755,3813779,48,+
3814278,3814312,63,-
3816704,3816727,48,+
3818679,3818711,49,+
3819921,3819939,50,-
3821411,3821439,71,-
3821971,3822008,73,-
3822250,3822284,65,-
3822293,3822329,58,+
3824509,3824553,49,-
3826317,3826354,56,+
3828656,3828686,49,+
3840587,3840610,59,-
3844248,3844282,62,-
3845455,3845492,99,+
3845501,3845545,53,+
3848164,3848211,50,+
3850193,3850234,52,+
3851007,3851038,50,+
3853478,3853497,47,-
3853853,3853885,62,+
3853961,3853987,56,+
3854458,3854475,69,-
3861727,3861757,60,-
3861789,3861813,59,+
3861883,3861899,52,+
3872670,3872708,57,-
3873348,3873380,54,-
3884299,3884333,91,-
3890635,3890656,48,+
3891257,3891278,51,-
3904373,3904406,76,+
3904666,3904685,47,+
3904858,3904874,52,-
3906987,3907012,47,+
3907038,3907080,53,-
3907097,3907117,48,+
3911318,3911357,53,-
3912003,3912023,48,-
3912493,3912531,74,-
3912796,3912813,50,+
3915945,3915963,49,+
3917100,3917123,49,-
3917971,3917994,70,-
3919789,3919816,100,-
3920906,3920941,88,-
3921440,3921467,55,-
3925460,3925477,69,-
3926364,3926392,60,-
3927888,3927930,53,-
3931423,3931456,62,-
3932900,3932928,54,+
3936516,3936564,48,-
3942729,3942768,69,-
3946432,3946475,53,+
3946940,3946972,49,-
3949659,3949688,63,-
3950289,3950314,68,-
3951454,3951493,59,+
3955340,3955372,66,-
3957340,3957377,61,-
3957730,3957752,49,-
3958957,3958993,101,-
3961266,3961302,62,-
3961638,3961684,48,+
3963382,3963408,56,+
3963414,3963440,56,+
3963446,3963472,56,+
3963478,3963504,56,+
3963510,3963536,56,+
3963542,3963568,56,+
3963574,3963600,56,+
3963606,3963632,56,+
3963948,3963973,86,-
3965212,3965254,52,-
3967567,3967591,48,-
3972089,3972119,51,-
3974506,3974539,67,-
3977431,3977455,48,-
3977506,3977524,49,-
3984628,3984647,49,-
3986727,3986752,88,-
3991090,3991121,67,-
3993157,3993184,72,-
3994378,3994401,60,-
3998234,3998260,56,-
3998559,3998591,49,-
3999048,3999075,86,-
3999275,3999310,71,-
4003898,4003917,66,-
4005864,4005897,58,-
4013302,4013341,57,+
4018019,4018035,52,-
4019393,4019416,49,-
4023686,4023715,66,-
4023948,4023972,48,-
4024332,4024376,54,+
4025551,4025588,57,-
4025887,4025907,48,-
4026474,4026503,52,-
4026529,4026570,51,-
4027383,4027419,64,-
4027818,4027842,59,-
4030937,4030970,65,-
4035926,4035971,50,-
4036672,4036693,63,-
4037851,4037889,51,+
4038221,4038254,55,+
4039090,4039123,61,-
4040164,4040210,49,-
4044629,4044674,53,-
4044830,4044850,47,+
4045209,4045235,56,+
4047970,4048009,54,+
4049384,4049414,51,-
4052888,4052915,72,-
4059289,4059319,49,-
4059866,4059895,52,-
4061833,4061870,47,-
4062979,4063012,62,+
4063579,4063609,66,-
4064652,4064678,66,+
4066216,4066238,61,+
4066372,4066395,63,-
4068715,4068743,53,+
4069266,4069297,83,-
4071773,4071803,51,+
4074949,4074968,47,-
4077502,4077540,55,+
4081553,4081576,49,-
4082834,4082858,67,+
4083213,4083236,60,-
4084073,4084093,47,-
4086224,4086268,93,-
4086627,4086658,50,-
4088458,4088477,66,-
4088799,4088816,69,-
4089388,4089415,55,-
4092650,4092682,57,-
4093959,4093996,61,-
4094130,4094169,57,+
4094661,4094697,76,-
4094970,4094997,60,-
4099858,4099874,70,-
4101115,4101131,52,-
4101208,4101231,71,+
4102341,4102371,51,+
4103493,4103529,58,-
4103873,4103901,65,-
4104080,4104111,68,-
4104618,4104654,59,+
4106752,4106782,55,+
4107130,4107167,55,+
4107337,4107372,59,-
4107596,4107625,63,+
4107786,4107817,59,-
4107866,4107901,59,-
4108801,4108832,65,-
4108860,4108892,79,-
4109079,4109106,69,-
4110122,4110146,87,-
4110190,4110211,51,-
4110728,4110771,47,-
4111669,4111703,67,-
4111852,4111891,54,-
4112315,4112332,52,+
4112479,4112512,51,+
4118407,4118451,47,-
4118487,4118520,62,-
4119031,4119064,67,-
4119493,4119524,48,+
4119777,4119806,54,+
4120507,4120531,48,+
4122486,4122521,61,-
4122657,4122682,57,-
4123709,4123728,66,-
4123884,4123917,61,-
4125377,4125411,67,-
4125436,4125480,51,-
4125949,4125989,57,-
4126344,4126375,50,-
4126642,4126666,48,+
4126715,4126744,52,-
4127182,4127222,54,-
4128243,4128274,62,-
4129882,4129898,52,+
4131180,4131207,57,-
4139134,4139170,58,+
4139478,4139513,59,+
4139583,4139615,66,-
4140534,4140571,59,-
4142774,4142812,59,-
4143132,4143155,49,-
4143283,4143306,48,-
4146793,4146824,63,-
4147555,4147591,71,+
4148563,4148605,57,-
4150370,4150400,51,+
4152080,4152119,55,-
4152928,4152967,55,+
4153171,4153199,83,-
4154079,4154112,75,+
4154671,4154691,51,-
4155800,4155823,60,+
4158030,4158049,66,-
4158431,4158468,69,+
4159362,4159390,55,-
4160434,4160457,48,-
4161024,4161042,49,+
4163882,4163918,62,+
4164379,4164423,49,+
4164486,4164503,50,-
4169255,4169278,63,-
4172600,4172633,58,+
4173918,4173950,65,-
4174203,4174231,55,+
4177206,4177246,53,+
4179293,4179327,60,-
4181379,4181411,49,-
4184782,4184806,71,-
4186599,4186628,52,-
4187071,4187089,50,-
4187761,4187808,47,-
4188307,4188334,66,+
4191408,4191431,60,+
4195752,4195796,67,-
4196096,4196125,65,-
4198294,4198325,64,+
4198397,4198438,51,-
4199081,4199127,50,-
4200219,4200239,47,-
4200738,4200764,56,-
4201495,4201519,104,-
4203727,4203750,49,-
4223279,4223311,49,+
4225466,4225484,49,-
4225773,4225793,47,+
4228111,4228144,63,-
4228650,4228687,64,+
4229835,4229854,47,-
4230934,4230970,70,-
4231249,4231278,52,+
4234332,4234359,72,-
4234772,4234804,49,+
4237214,4237234,49,-
4240152,4240189,73,-
4240277,4240297,51,-
4240541,4240564,48,-
4241320,4241344,104,-
4242426,4242454,68,-
4242538,4242579,53,+
4242860,4242899,49,+
4243030,4243061,59,+
4244311,4244357,50,+
4248806,4248827,63,-
4249350,4249374,58,-
4249653,4249675,61,-
4250190,4250213,96,-
4250658,4250675,52,+
4251677,4251698,64,+
4251835,4251867,50,-
4252486,4252505,51,-
4253461,4253478,50,-
4254532,4254561,66,+
4254977,4254998,51,+
4255048,4255066,51,-
4255397,4255430,64,-
4260349,4260382,59,-
4260516,4260553,56,-
4261960,4262002,53,-
4262017,4262037,47,+
4263709,4263743,58,-
4269502,4269535,65,-
4274725,4274767,49,+
4275084,4275125,67,+
4279818,4279851,48,-
4281266,4281309,50,+
4284325,4284371,49,-
4285586,4285624,84,-
4286791,4286827,54,+
4287831,4287852,48,-
4287873,4287918,49,-
4288715,4288755,87,-
4288839,4288888,47,+
4289450,4289481,84,-
4289836,4289858,48,+
4290380,4290413,52,+
4291945,4291966,51,-
4291990,4292012,61,-
4292615,4292640,57,-
4295408,4295441,52,-
4295502,4295530,54,-
4295872,4295907,52,-
4296032,4296065,48,-
4296188,4296221,62,+
4296641,4296680,54,-
4296798,4296829,62,-
4297197,4297229,93,+
4297917,4297958,67,-
4297995,4298017,51,+
4298425,4298445,47,-
4298793,4298823,51,-
4299433,4299463,60,-
4300027,4300056,52,+
4300783,4300816,52,-
4301178,4301214,61,-
4301412,4301437,75,+
4301911,4301943,59,+
4302036,4302054,51,-
4302286,4302314,68,-
4307409,4307434,67,-
4307485,4307505,64,+
4312759,4312785,56,-
4314661,4314692,59,+
4316770,4316794,88,+
4317626,4317651,57,+
4317699,4317729,62,+
4320335,4320362,58,-
4321940,4321965,56,-
4322367,4322390,70,-
4323140,4323157,50,+
4324254,4324289,50,-
4324391,4324431,51,-
4325708,4325749,51,-
4332542,4332578,58,+
4345373,4345397,59,-
4346682,4346716,76,-
4347694,4347721,70,-
4349099,4349139,55,-
4349999,4350021,61,-
4350118,4350135,69,+
4350348,4350367,47,-
4350545,4350573,54,+
4350938,4350963,61,-
4351471,4351498,53,-
4352231,4352253,48,+
4353150,4353192,81,+
4354373,4354402,52,+
4357245,4357272,86,-
4359777,4359808,49,-
4360851,4360896,52,-
4362840,4362857,69,-
4363247,4363289,52,-
4363649,4363683,62,-
4364685,4364727,55,-
4368012,4368039,55,+
4371054,4371093,59,-
4373372,4373402,55,+
4374532,4374569,69,-
4376671,4376708,59,-
4378749,4378793,53,+
4379231,4379271,73,+
4388065,4388083,49,-
4389683,4389725,53,-
4393430,4393462,49,-
4396809,4396830,49,-
4397053,4397086,50,-
4398703,4398728,57,-
4400444,4400469,56,+
4402333,4402363,51,+
4402945,4402985,57,-
4403923,4403944,48,-
4405196,4405238,50,-
4408149,4408169,48,-
4411926,4411951,57,-
4412021,4412043,51,+
4412927,4412946,47,-
4414076,4414109,60,-
4414869,4414914,93,-
4415398,4415426,54,+
4415489,4415522,60,-
4416273,4416311,62,-
4416652,4416688,59,+
4418338,4418382,48,-
4418924,4418941,52,+
4419189,4419214,57,-
4419978,4420015,58,+
4420698,4420725,55,+
4422138,4422175,54,+
4422452,4422484,49,+
4423197,4423218,49,-
4423454,4423473,66,-
4423625,4423654,52,-
4424200,4424234,65,-
4426356,4426383,57,-
4428566,4428591,47,+
4429263,4429295,65,+
4430955,4430994,55,-
4432026,4432051,57,-
4432192,4432227,47,-
4433320,4433339,49,-
4433863,4433893,68,+
4437464,4437498,64,-
4438468,4438497,58,-
4440100,4440132,65,+
4443174,4443207,50,-
4445594,4445613,66,-
4446625,4446661,58,-
4447471,4447502,60,-
4448647,4448673,56,-
4452615,4452641,56,+
4453213,4453246,47,-
4456452,4456483,50,+
4460115,4460133,49,-
4475186,4475205,49,-
4476348,4476385,53,+
4477914,4477949,62,-
4478519,4478548,52,+
4479436,4479473,54,+
4479521,4479557,55,-
4479786,4479805,49,+
4480715,4480737,51,+
4492685,4492718,56,+
4496736,4496757,52,+
4498518,4498540,48,-
4500225,4500246,63,+
4500395,4500435,73,+
4502209,4502226,52,+
4504424,4504466,53,+
4504712,4504748,57,+
4505487,4505507,47,+
4507598,4507632,56,+
