start,end,score,strand
2732,2759,55,+
8455,8481,61,-
12040,12062,48,+
14419,14442,48,+
15916,15956,57,+
16308,16340,54,-
19301,19321,48,+
28736,28756,49,+
30097,30115,50,-
31287,31323,62,+
36954,36986,106,+
39682,39725,55,-
39734,39782,47,+
40989,41010,49,-
46649,46683,51,-
46874,46911,55,-
47441,47462,63,+
50156,50183,53,-
52091,52116,57,+
53190,53213,60,+
53682,53708,56,-
55614,55649,48,-
57718,57740,49,+
58270,58306,59,+
58692,58710,49,+
58813,58849,48,-
59014,59044,52,-
59731,59747,52,+
60917,60941,48,-
61157,61189,49,+
61920,61954,50,+
62532,62560,60,-
66533,66571,54,+
67847,67892,49,+
70625,70658,64,+
72462,72494,52,+
72687,72719,54,+
72928,72949,63,+
73732,73750,50,+
74301,74325,59,+
76115,76151,59,+
76634,76667,48,-
77038,77057,49,-
88657,88701,53,-
91964,91992,54,+
92872,92912,52,+
99364,99384,47,-
100054,100072,49,+
100192,100229,58,+
103993,104026,50,+
107049,107083,76,+
111494,111515,52,-
112692,112710,67,+
113933,113957,59,+
114124,114152,54,+
117525,117545,51,+
117581,117618,62,-
118105,118142,51,+
119316,119342,56,+
120224,120251,83,+
120603,120627,48,+
120889,120913,48,+
121373,121396,72,+
122550,122574,48,+
135632,135652,48,+
135911,135929,52,+
136003,136022,49,-
136628,136648,47,+
137320,137343,60,+
137359,137389,51,+
139792,139829,55,+
139853,139872,47,+
140830,140853,60,-
141868,141890,48,+
144235,144264,52,-
144554,144582,54,+
148119,148157,86,+
151195,151224,66,+
151904,151922,50,-
152336,152361,57,+
153749,153769,51,+
154866,154898,59,-
155188,155223,61,+
158075,158094,49,+
158881,158919,53,+
159219,159243,48,+
159336,159364,67,-
159811,159855,65,+
159957,159999,54,+
161701,161736,67,+
163221,163246,67,-
163249,163289,57,+
163602,163634,67,+
165325,165352,64,+
167745,167785,57,-
168042,168072,64,+
171868,171900,54,-
173260,173287,55,+
174186,174206,52,+
175191,175235,81,+
176008,176046,55,+
176506,176549,52,-
177287,177315,54,-
179681,179705,48,+
179920,179947,53,+
181281,181306,57,-
193009,193052,52,+
207252,207283,52,+
210567,210603,53,+
211345,211387,52,-
211728,211757,52,+
213240,213255,53,+
213262,213280,49,-
214072,214095,60,+
214462,214481,47,-
217883,217923,54,+
218312,218347,60,+
220775,220796,48,+
224380,224408,63,-
228998,229026,55,-
229066,229100,62,+
233036,233074,55,+
234521,234564,50,-
236209,236232,49,+
236357,236384,55,-
236707,236743,48,-
237119,237158,52,+
240631,240659,60,-
241400,241437,87,+
241454,241479,47,+
242713,242750,54,+
242861,242899,58,+
243159,243189,55,+
243689,243719,83,+
246557,246597,50,+
246821,246859,55,-
252008,252044,55,-
253930,253954,69,-
254022,254039,50,+
254711,254730,47,+
256392,256410,67,+
256863,256907,48,+
257923,257952,60,+
259232,259264,75,-
261587,261617,65,+
264123,264157,106,+
265622,265661,58,+
268240,268264,48,+
268765,268784,66,+
275656,275683,55,+
277409,277443,58,+
277716,277743,89,+
278151,278184,64,-
279305,279332,53,+
279911,279941,65,+
281231,281273,54,-
283997,284031,51,+
286466,286489,60,-
289940,289983,47,-
290486,290517,66,+
291859,291893,60,+
293894,293914,48,+
296798,296844,90,+
297443,297479,47,-
298475,298521,47,+
303081,303128,50,+
305200,305248,49,-
309721,309750,52,+
309928,309963,76,-
310214,310252,57,+
314135,314161,56,-
315858,315882,63,-
316071,316087,52,+
317979,317998,66,+
318675,318717,57,+
323457,323486,100,+
327200,327231,60,+
350132,350177,90,-
360188,360221,48,-
360326,360364,61,-
360579,360603,48,-
365009,365043,60,+
365303,365332,51,-
365950,365975,61,+
366284,366307,60,+
366750,366773,48,+
366891,366912,48,+
367180,367209,61,+
367580,367601,64,+
367726,367750,48,+
368614,368659,47,-
369126,369142,70,+
370145,370183,55,+
371551,371569,67,+
372888,372910,51,+
374830,374849,49,+
375259,375296,53,+
375675,375707,54,+
375729,375751,49,+
375988,376021,50,+
379994,380019,71,+
381235,381268,60,+
382239,382287,49,+
382874,382895,51,+
383816,383850,61,+
385806,385847,51,+
386654,386673,51,-
386834,386864,67,+
387929,387952,59,+
388821,388839,49,+
389558,389584,55,+
392317,392338,63,-
392546,392570,48,-
394699,394742,55,+
397991,398016,67,-
398156,398175,66,+
398853,398879,68,+
398892,398930,55,+
399224,399254,62,+
401877,401905,54,+
402321,402356,59,+
403170,403191,62,+
403641,403658,52,-
404790,404809,47,+
405348,405368,49,-
405435,405451,53,+
406191,406211,48,+
408652,408672,64,+
410532,410548,52,+
412202,412231,69,+
415852,415898,93,+
416236,416265,58,-
416875,416918,48,+
417837,417877,51,+
417922,417961,57,+
418680,418700,51,+
422205,422228,50,-
423909,423927,49,-
424457,424485,53,+
428058,428093,48,+
444873,444918,81,-
445982,446003,49,+
455144,455176,64,+
458049,458072,63,+
458410,458448,57,+
459666,459692,66,-
460750,460779,65,+
460924,460954,51,+
464463,464492,52,+
465030,465055,47,+
471447,471466,49,+
474935,474965,51,+
479550,479586,55,+
483163,483179,52,-
484014,484060,49,+
485203,485235,49,+
486703,486723,49,+
487992,488021,64,+
488158,488190,49,+
488199,488222,49,+
497007,497030,48,+
497320,497346,60,-
497621,497650,52,+
499358,499383,47,+
520034,520070,59,+
523986,524022,59,-
524067,524086,47,+
524821,524855,100,+
525099,525121,61,+
525311,525343,49,+
525881,525914,50,+
529810,529837,68,+
533464,533497,58,-
534176,534205,68,+
534231,534260,52,+
535059,535082,78,+
536422,536455,74,+
536494,536536,48,+
540211,540237,56,+
540648,540675,55,-
541259,541297,53,+
544267,544291,48,+
546224,546255,50,-
546995,547044,48,+
548599,548631,58,+
549254,549287,47,-
550612,550643,48,-
552202,552232,82,+
553872,553914,57,+
555839,555886,48,+
556740,556757,50,-
557826,557861,48,+
558439,558459,64,+
560794,560813,52,+
561203,561225,48,+
561991,562028,53,+
562219,562262,53,+
564200,564230,68,+
567224,567247,59,+
567507,567527,47,+
568933,568960,55,+
570298,570319,48,+
570617,570644,55,+
572225,572244,47,+
576892,576933,58,+
579305,579329,59,+
579470,579494,59,+
586813,586854,57,-
587127,587155,54,+
588129,588148,49,+
590400,590440,58,+
591798,591828,51,+
592371,592390,66,+
592629,592651,48,+
596928,596952,69,+
597731,597762,59,+
597850,597870,64,+
598111,598132,63,+
598499,598518,47,+
603890,603921,50,+
604090,604119,52,+
605268,605311,47,+
609237,609277,57,+
610288,610327,50,+
610830,610849,66,-
611712,611736,59,-
618179,618208,57,+
619347,619367,64,-
621267,621293,56,-
621385,621405,64,+
627508,627543,50,+
628775,628811,52,+
629225,629268,68,+
630564,630603,58,+
630616,630636,49,+
631459,631491,54,+
634996,635026,51,+
638721,638749,54,+
639921,639956,58,+
641040,641061,49,+
642029,642067,56,-
646065,646107,50,-
652144,652171,65,+
653840,653859,49,+
654383,654422,59,+
654706,654729,50,+
663540,663567,55,+
665401,665421,48,+
669441,669460,49,+
674214,674239,72,+
675694,675724,52,-
677436,677469,59,+
678477,678512,50,+
679275,679316,48,-
682114,682146,66,+
686558,686588,51,-
687725,687743,50,-
689510,689542,49,+
690415,690439,48,+
695268,695301,62,+
696990,697027,62,+
710789,710811,61,+
711705,711738,64,+
712242,712261,49,+
713508,713539,50,+
713789,713831,54,-
715670,715715,65,+
738612,738638,56,-
744589,744607,50,+
745307,745331,59,-
749494,749523,52,+
750541,750567,67,+
751783,751803,48,+
751918,751954,61,+
752926,752950,48,+
755030,755064,59,+
756184,756218,54,+
756919,756958,55,-
757997,758033,55,-
761277,761306,52,+
761418,761459,54,+
762185,762218,47,+
762409,762450,82,+
767506,767535,64,+
767733,767752,49,+
767945,767963,49,-
768229,768271,50,-
768331,768352,63,+
768366,768386,48,+
769120,769150,62,-
769647,769667,64,+
769726,769754,71,+
770017,770064,47,+
770737,770752,53,+
773351,773380,52,+
777208,777236,67,-
781790,781831,48,+
782060,782095,76,+
789954,789977,59,-
790326,790373,50,-
791413,791444,60,+
792226,792254,54,+
796012,796030,51,-
797610,797634,48,+
801333,801360,55,+
805619,805641,72,+
805877,805917,53,+
807616,807655,55,+
807792,807819,68,+
809555,809575,49,+
811974,811998,76,+
813439,813472,62,+
823641,823685,48,+
826611,826639,52,-
828226,828257,50,+
828798,828832,62,+
828855,828884,86,+
832083,832102,49,-
832259,832300,58,-
832875,832911,47,+
833609,833635,67,+
833963,833987,48,-
835351,835382,60,+
836300,836327,68,-
841086,841130,49,+
841170,841189,49,-
843080,843110,60,-
845267,845301,55,+
845476,845510,64,-
845873,845890,50,+
854430,854467,54,-
859591,859622,68,+
859694,859728,51,+
863237,863280,55,+
863556,863579,60,+
863665,863695,66,+
864444,864484,53,+
864535,864575,55,+
867434,867465,70,+
868479,868507,65,+
868759,868794,79,+
870374,870391,52,+
871464,871495,77,+
871718,871752,75,+
871995,872025,62,+
872858,872900,53,+
876120,876145,47,-
884415,884440,47,-
901415,901446,48,+
916462,916485,49,-
917449,917483,55,-
919814,919844,65,+
924767,924786,66,+
926648,926683,47,+
928045,928071,56,-
929598,929639,53,+
930156,930188,49,-
932412,932445,52,+
932906,932925,49,+
935767,935801,60,+
936410,936453,53,+
937143,937165,48,+
942078,942098,47,+
952172,952213,53,+
956638,956674,102,+
958008,958034,56,+
960149,960169,48,+
960202,960231,55,+
961338,961366,58,+
961410,961428,49,-
962849,962877,69,+
963869,963908,50,+
964185,964226,50,+
964652,964688,76,+
964812,964847,65,+
965082,965111,51,+
965526,965552,68,+
969063,969095,60,+
973373,973412,51,-
974488,974524,62,+
982312,982346,92,+
982857,982892,48,+
983064,983105,70,+
983854,983889,61,+
984361,984378,52,-
984578,984597,49,+
984882,984918,47,+
986272,986297,69,-
987638,987669,67,+
988787,988825,58,+
991219,991252,48,-
992476,992511,62,+
992834,992854,48,+
994784,994826,50,+
998751,998778,68,+
998828,998846,49,-
1003077,1003106,65,+
1004605,1004647,54,-
1004823,1004852,63,+
1005044,1005070,71,+
1005770,1005818,48,+
1007771,1007788,50,+
1008137,1008154,50,-
1009078,1009114,58,-
1009518,1009536,50,+
1011784,1011806,61,+
1013031,1013058,55,+
1013560,1013589,67,+
1015560,1015596,47,+
1016321,1016348,72,+
1019182,1019207,47,+
1021563,1021590,65,+
1021644,1021671,61,-
1022271,1022301,62,+
1022409,1022429,52,+
1022799,1022823,48,+
1024444,1024483,50,+
1024476,1024506,55,-
1026363,1026382,51,-
1027425,1027455,67,+
1028848,1028878,51,+
1029351,1029376,57,+
1031402,1031437,48,+
1031466,1031492,57,+
1034138,1034158,49,+
1037677,1037710,64,+
1039572,1039590,50,+
1041511,1041546,59,+
1044166,1044199,52,+
1044294,1044325,67,+
1044909,1044939,66,+
1046008,1046040,49,+
1047747,1047782,48,+
1049102,1049120,52,+
1051628,1051664,61,+
1053098,1053128,62,+
1053763,1053800,56,+
1053961,1053980,49,+
1056028,1056046,49,+
1058787,1058819,54,+
1061952,1061978,64,+
1065121,1065166,47,+
1066162,1066194,50,-
1081337,1081383,48,+
1081907,1081924,50,+
1089557,1089586,82,+
1090987,1091018,68,+
1091850,1091882,56,+
1092207,1092250,52,+
1092896,1092915,47,+
1095689,1095730,54,+
1096112,1096142,65,-
1097786,1097826,98,+
1101305,1101324,49,-
1103116,1103140,59,+
1103289,1103319,57,+
1107509,1107545,57,-
1107889,1107917,58,+
1108203,1108239,56,+
1111833,1111873,57,+
1113379,1113415,59,+
1115159,1115195,58,-
1115836,1115874,96,+
1115940,1115984,50,+
1116856,1116875,47,-
1118609,1118634,69,-
1120555,1120581,57,+
1126715,1126739,67,-
1131762,1131781,49,-
1133791,1133831,50,+
1134998,1135025,57,+
1135521,1135548,53,+
1136987,1137024,62,+
1140026,1140053,55,+
1140451,1140471,48,+
1140642,1140674,75,+
1140965,1141001,62,+
1142653,1142688,65,+
1149468,1149502,59,-
1152354,1152396,50,+
1153599,1153648,48,+
1155787,1155821,51,-
1156533,1156562,52,-
1157174,1157196,51,+
1158665,1158705,50,+
1158723,1158752,61,+
1162486,1162508,79,+
1163586,1163629,52,+
1167375,1167422,48,+
1167548,1167575,68,+
1169159,1169183,59,+
1169268,1169290,48,+
1169389,1169437,47,+
1170347,1170376,52,+
1170673,1170696,61,+
1170990,1171025,47,+
1171263,1171283,52,+
1177825,1177857,62,+
1188891,1188915,59,-
1199266,1199291,68,+
1199518,1199539,63,+
1203467,1203491,59,-
1204681,1204701,64,-
1204705,1204725,64,-
1204729,1204749,64,-
1204992,1205015,61,+
1207550,1207572,51,-
1210631,1210655,48,-
1210680,1210710,62,-
1211560,1211583,78,-
1211729,1211767,58,+
1214213,1214238,47,+
1214272,1214310,55,+
1214935,1214980,47,+
1215370,1215393,72,+
1216777,1216806,52,+
1216966,1216986,47,-
1217311,1217331,47,+
1218217,1218248,50,+
1218263,1218285,62,+
1221602,1221634,49,-
1224561,1224584,48,-
1225220,1225257,58,+
1231812,1231832,49,+
1232027,1232071,82,+
1233767,1233785,50,-
1235399,1235420,52,+
1238688,1238719,63,+
1242709,1242727,52,+
1244616,1244644,63,-
1244726,1244766,58,-
1244889,1244927,55,-
1246179,1246207,69,+
1247795,1247816,49,-
1251128,1251148,64,-
1251220,1251245,67,+
1252119,1252143,48,+
1253202,1253221,49,+
1254510,1254549,94,+
1254766,1254801,65,-
1259333,1259366,62,+
1259414,1259433,47,-
1260051,1260088,61,-
1260619,1260659,94,+
1261277,1261298,49,-
1263981,1264005,67,+
1264284,1264324,58,-
1265305,1265324,47,+
1267092,1267128,58,+
1268909,1268937,53,+
1269520,1269539,47,-
1269815,1269858,53,+
1269938,1269974,58,+
1270082,1270124,55,-
1270183,1270203,47,+
1270377,1270416,58,+
1270621,1270664,47,-
1270809,1270837,54,+
1270854,1270892,53,-
1275208,1275233,66,+
1275375,1275403,58,-
1276443,1276474,62,+
1276958,1276994,48,+
1277563,1277594,55,+
1277967,1277992,67,+
1279049,1279075,55,-
1279739,1279780,65,-
1281211,1281231,48,-
1282449,1282480,54,+
1284668,1284706,69,+
1284719,1284745,55,-
1286552,1286572,64,+
1287249,1287280,50,+
1287390,1287417,55,-
1287502,1287521,66,+
1289320,1289350,79,+
1289573,1289601,54,-
1290510,1290529,49,+
1293520,1293562,57,+
1293659,1293678,66,+
1294992,1295028,62,+
1295066,1295092,68,+
1295128,1295157,52,+
1295637,1295666,61,-
1297760,1297797,62,-
1299447,1299490,54,-
1300642,1300672,51,-
1301679,1301717,99,+
1302200,1302217,52,-
1302940,1302960,64,+
1307479,1307497,50,-
1312104,1312123,49,-
1313394,1313426,49,-
1317159,1317181,51,-
1317334,1317365,50,+
1323715,1323753,56,+
1323963,1323979,70,+
1325410,1325452,49,+
1327352,1327382,51,-
1328965,1328987,48,+
1329020,1329060,98,+
1329093,1329123,66,+
1330081,1330105,59,-
1331600,1331624,60,+
1331926,1331963,51,+
1334254,1334287,62,+
1334554,1334595,54,-
1335246,1335262,52,+
1336783,1336805,48,+
1337159,1337176,52,+
1341908,1341938,65,+
1344990,1345027,55,+
1345065,1345108,55,+
1345259,1345292,48,+
1346660,1346689,52,-
1349389,1349415,56,+
1350230,1350256,56,+
1357954,1357995,53,+
1359786,1359808,51,+
1365050,1365084,55,+
1367461,1367493,57,-
1367536,1367567,48,+
1367840,1367877,55,+
1373860,1373891,59,-
1374552,1374579,55,+
1374596,1374626,51,-
1376365,1376391,56,+
1377681,1377699,49,+
1377741,1377774,50,+
1381744,1381782,55,+
1383155,1383184,65,+
1386786,1386818,61,-
1388851,1388869,50,+
1393531,1393551,48,+
1394115,1394140,58,+
1396239,1396283,52,+
1397765,1397794,57,+
1399334,1399356,61,+
1399726,1399744,50,+
1400081,1400106,47,+
1400502,1400537,47,+
1401032,1401049,69,+
1401240,1401269,63,+
1401526,1401543,69,-
1401969,1401988,66,+
1402115,1402143,71,+
1403268,1403305,56,-
1404064,1404083,49,+
1409521,1409559,57,+
1409617,1409643,55,+
1411300,1411323,71,-
1412208,1412228,48,-
1415075,1415097,48,-
1418550,1418572,49,-
1421253,1421280,61,-
1421559,1421597,52,+
1421824,1421843,47,+
1425919,1425964,49,-
1428224,1428245,49,+
1428522,1428544,51,+
1429517,1429548,48,+
1430385,1430405,64,+
1433636,1433668,62,-
1433946,1433988,49,+
1434065,1434105,54,+
1436042,1436088,52,+
1436212,1436240,54,-
1436277,1436301,48,-
1438306,1438323,69,+
1439026,1439058,54,+
1439761,1439781,48,-
1444611,1444651,53,+
1446990,1447021,59,-
1447994,1448022,68,-
1449404,1449440,73,+
1450774,1450819,47,+
1454367,1454383,70,+
1455627,1455642,72,+
1455975,1455993,49,+
1455999,1456031,48,-
1456583,1456604,51,+
1456630,1456654,59,+
1456696,1456740,52,+
1456977,1457009,79,+
1457340,1457365,57,+
1459887,1459917,66,+
1460183,1460222,54,-
1460400,1460438,53,-
1462201,1462231,60,+
1465660,1465686,56,-
1466788,1466822,48,+
1467782,1467809,55,+
1471834,1471862,54,+
1472841,1472866,57,+
1473488,1473512,59,+
1474352,1474384,58,+
1477852,1477885,57,+
1480933,1480961,88,+
1482138,1482162,72,-
1482328,1482348,64,-
1485646,1485673,69,+
1486002,1486021,49,-
1490505,1490522,50,+
1491618,1491634,70,+
1499994,1500022,54,+
1501272,1501297,68,+
1504621,1504666,65,-
1505374,1505409,55,+
1505846,1505888,50,-
1510133,1510169,59,+
1510714,1510733,49,+
1511361,1511382,48,+
1512808,1512828,47,-
1513966,1513994,54,+
1514043,1514085,52,+
1518568,1518609,52,+
1521987,1522021,47,-
1522632,1522656,48,+
1523684,1523711,71,+
1523980,1524015,48,-
1524251,1524271,47,+
1525681,1525708,63,+
1527288,1527322,91,+
1527738,1527773,60,-
1529801,1529825,69,+
1530693,1530717,48,+
1531276,1531297,51,+
1531809,1531845,56,+
1532152,1532195,54,+
1533459,1533490,67,-
1533567,1533601,108,+
1537163,1537180,50,+
1537895,1537925,49,+
1538563,1538581,49,+
1544109,1544143,62,-
1544948,1544980,63,+
1545440,1545476,54,+
1545856,1545894,53,+
1546225,1546255,66,-
1546276,1546301,57,+
1546454,1546483,68,+
1547777,1547794,52,+
1548711,1548739,64,+
1549250,1549299,87,+
1550847,1550879,67,+
1552131,1552151,64,+
1554154,1554184,57,+
1554425,1554446,49,-
1555350,1555378,61,+
1556241,1556288,50,-
1557747,1557766,49,+
1557911,1557940,52,+
1558207,1558250,53,+
1560946,1560995,48,+
1561200,1561224,48,+
1561721,1561762,55,+
1566865,1566890,47,+
1567553,1567581,54,+
1568804,1568826,49,+
1569890,1569917,55,+
1570063,1570090,60,-
1570098,1570130,49,+
1571789,1571829,52,-
1573001,1573024,49,-
1578592,1578621,52,+
1585577,1585612,59,+
1587681,1587711,63,+
1588324,1588346,62,-
1588578,1588617,51,-
1590014,1590050,56,-
1591709,1591741,50,+
1591936,1591957,63,-
1592145,1592161,52,+
1596110,1596135,56,+
1597239,1597264,47,-
1597265,1597293,67,-
1597518,1597541,60,+
1597820,1597850,65,+
1599024,1599042,49,+
1599089,1599120,67,+
1600835,1600862,72,-
1602234,1602280,49,+
1604134,1604161,55,+
1604789,1604827,62,+
1607076,1607124,47,+
1607831,1607876,48,+
1608237,1608278,53,+
1608630,1608661,54,+
1608780,1608818,62,+
1612567,1612603,54,+
1613432,1613448,52,+
1613909,1613929,49,-
1616565,1616589,48,-
1623204,1623239,74,+
1627891,1627924,48,-
1631213,1631232,47,+
1632164,1632185,63,-
1635950,1635966,70,+
1646029,1646061,54,+
1646969,1647010,95,+
1647225,1647243,51,+
1648127,1648172,53,+
1651423,1651461,61,+
1652134,1652165,48,+
1653735,1653766,57,+
1654801,1654825,59,+
1659077,1659096,47,+
1660833,1660870,54,-
1661786,1661810,58,-
1661899,1661939,52,-
1663326,1663363,55,+
1663495,1663528,64,+
1663923,1663943,47,+
1664690,1664710,47,-
1665458,1665490,59,+
1665525,1665546,49,+
1665988,1666012,59,+
1666432,1666468,61,-
1666974,1667005,49,-
1667455,1667484,52,-
1668331,1668358,65,+
1668494,1668519,57,-
1669039,1669067,88,+
1670734,1670766,56,+
1672189,1672208,47,+
1673564,1673585,49,+
1674820,1674840,48,+
1675336,1675378,51,+
1675581,1675614,62,+
1679126,1679153,55,-
1680074,1680111,58,-
1682041,1682066,60,+
1683282,1683310,69,+
1687741,1687759,50,+
1687821,1687841,54,+
1688208,1688250,69,+
1688264,1688295,49,-
1688362,1688383,63,+
1688468,1688486,50,+
1688703,1688718,53,+
1689769,1689810,67,+
1689906,1689925,66,+
1690224,1690251,72,+
1691111,1691131,51,+
1692938,1692959,48,-
1694207,1694227,47,-
1694718,1694740,62,+
1694843,1694879,47,+
1695419,1695463,53,+
1695676,1695712,61,+
1695908,1695932,61,+
1696093,1696128,62,+
1696226,1696253,55,-
1697208,1697229,49,+
1698635,1698663,88,+
1699476,1699508,63,+
1700134,1700166,67,-
1700328,1700355,65,-
1701013,1701053,48,+
1701700,1701729,52,-
1702314,1702334,64,+
1702557,1702599,54,+
1704526,1704542,52,+
1706216,1706258,50,-
1708153,1708178,47,+
1708751,1708787,53,+
1710799,1710832,48,+
1710935,1710960,67,+
1710989,1711009,64,-
1712167,1712205,55,+
1716397,1716421,72,+
1716582,1716626,53,+
1717624,1717650,56,+
1720666,1720708,54,+
1721176,1721205,52,+
1724249,1724286,55,-
1724680,1724709,51,-
1728784,1728810,57,+
1729176,1729203,53,+
1729602,1729627,58,+
1732570,1732602,49,+
1733689,1733713,58,+
1733856,1733876,47,+
1735344,1735378,56,-
1736961,1736987,56,+
1737290,1737313,70,+
1738500,1738518,51,+
1739496,1739538,91,+
1740912,1740945,59,+
1741006,1741038,49,+
1743797,1743820,48,+
1744984,1745014,62,-
1749898,1749918,47,+
1750280,1750304,59,-
1750403,1750446,67,+
1751084,1751121,53,+
1752086,1752110,48,-
1752318,1752350,60,-
1752617,1752646,51,-
1753266,1753288,48,+
1753807,1753847,54,+
1755523,1755561,71,+
1755682,1755708,71,+
1756417,1756436,52,-
1756548,1756566,49,-
1761352,1761374,61,+
1761491,1761524,62,+
1761919,1761952,62,+
1762884,1762916,51,-
1763251,1763271,64,+
1763996,1764015,47,+
1771838,1771871,65,-
1772312,1772346,50,+
1773779,1773810,50,-
1775984,1776016,67,+
1776668,1776712,49,-
1778632,1778673,54,+
1779931,1779969,57,+
1783406,1783436,54,+
1784127,1784171,49,-
1795618,1795661,55,-
1797056,1797089,65,+
1797282,1797312,51,-
1798357,1798392,55,-
1798490,1798513,50,+
1798967,1798989,61,-
1803037,1803064,69,+
1803717,1803745,54,-
1803967,1803990,87,+
1806537,1806565,54,-
1806686,1806719,74,-
1807799,1807823,59,+
1808939,1808975,59,+
1809418,1809438,47,+
1810602,1810628,56,-
1818995,1819024,54,+
1821085,1821124,53,+
1821355,1821378,49,+
1823545,1823564,47,+
1824370,1824399,58,+
1827329,1827362,64,+
1831172,1831209,58,+
1832399,1832425,56,-
1834727,1834762,47,-
1835631,1835650,47,-
1836012,1836037,57,-
1842356,1842375,66,+
1846488,1846515,67,-
1851732,1851764,51,-
1854436,1854471,62,+
1856914,1856955,54,-
1856981,1857022,70,-
1857643,1857666,49,-
1860057,1860074,52,+
1860828,1860856,67,+
1860987,1861007,64,+
1862199,1862217,49,+
1862610,1862632,49,+
1863380,1863414,78,+
1865856,1865883,55,+
1867177,1867216,49,+
1868491,1868531,53,-
1869313,1869348,61,+
1869520,1869537,69,-
1873751,1873789,57,+
1874018,1874047,52,+
1875463,1875488,58,-
1875986,1876018,64,+
1880386,1880424,54,+
1880494,1880526,64,+
1881547,1881586,54,-
1882785,1882816,77,+
1883358,1883398,58,+
1884183,1884211,65,+
1885025,1885044,66,+
1887803,1887836,62,+
1888440,1888463,60,+
1889473,1889500,81,+
1889847,1889882,75,+
1898029,1898068,54,+
1898144,1898165,48,-
1898185,1898215,51,-
1898496,1898518,49,+
1900997,1901033,59,+
1913785,1913814,83,+
1915155,1915182,63,+
1919255,1919279,58,+
1919362,1919385,60,+
1921412,1921441,52,+
1923714,1923762,47,+
1930854,1930897,50,+
1930910,1930930,48,-
1936865,1936889,48,+
1937370,1937399,52,-
1938653,1938674,72,+
1941515,1941548,58,+
1942816,1942849,76,+
1943467,1943489,48,-
1946267,1946296,60,-
1956069,1956105,54,+
1957281,1957322,53,+
1957363,1957383,47,+
1958146,1958162,52,+
1959160,1959189,52,+
1959729,1959761,64,+
1959778,1959799,62,+
1962383,1962419,61,+
1962459,1962495,58,+
1964671,1964718,48,-
1967505,1967542,58,-
1967544,1967580,48,+
1968295,1968320,47,+
1968440,1968457,52,+
1969153,1969176,49,-
1972421,1972439,50,-
1973208,1973231,48,+
1974963,1975000,54,-
1975445,1975471,56,+
1975685,1975705,48,+
1976815,1976843,54,+
1978388,1978410,61,+
1978747,1978770,61,+
1981404,1981432,66,+
1983151,1983181,65,+
1983384,1983416,78,+
1983834,1983868,56,+
1985839,1985856,50,-
1990657,1990689,98,+
1992982,1993007,69,+
1993309,1993329,47,+
1995467,1995499,49,+
1997760,1997776,52,+
2000301,2000337,59,+
2000562,2000598,52,-
2000820,2000853,62,+
2003372,2003391,47,+
2007296,2007331,59,+
2007818,2007853,55,+
2008320,2008346,61,+
2008748,2008780,78,-
2014990,2015018,63,+
2018339,2018373,51,+
2019320,2019346,56,-
2024077,2024108,68,-
2030385,2030402,50,+
2030468,2030490,48,-
2031309,2031338,62,+
2032206,2032237,51,+
2032473,2032493,47,+
2032652,2032691,49,-
2034803,2034835,62,+
2036107,2036132,47,+
2036364,2036385,63,+
2036640,2036667,53,-
2037514,2037549,54,-
2037840,2037863,60,+
2038669,2038689,65,+
2039475,2039506,65,-
2045489,2045521,48,+
2045785,2045804,49,+
2045923,2045957,72,+
2047594,2047613,66,+
2049518,2049543,57,+
2049943,2049982,50,+
2052506,2052543,91,-
2054472,2054492,64,+
2055486,2055515,51,+
2056335,2056373,55,-
2056892,2056908,52,+
2056950,2056974,48,+
2057618,2057656,54,-
2059019,2059035,53,+
2059339,2059385,49,+
2060000,2060032,49,+
2061421,2061450,52,+
2063314,2063344,51,-
2064145,2064189,48,-
2064305,2064325,51,+
2065182,2065219,59,+
2065763,2065801,59,+
2066675,2066717,55,+
2066782,2066811,51,+
2067239,2067262,60,+
2067960,2067988,88,+
2068892,2068933,110,+
2071219,2071251,49,-
2071818,2071845,57,-
2072517,2072556,55,+
2081713,2081756,54,+
2081959,2081982,60,+
2089360,2089390,60,+
2090556,2090577,48,+
2093209,2093244,57,+
2093439,2093478,71,+
2093999,2094037,57,+
2095102,2095130,67,+
2096182,2096219,76,+
2096341,2096379,62,+
2098768,2098793,47,+
2104527,2104563,61,+
2105705,2105735,59,+
2106092,2106132,52,-
2106995,2107030,54,+
2109132,2109170,62,+
2109203,2109228,56,+
2111082,2111114,51,+
2112692,2112715,59,-
2125658,2125692,62,+
2126493,2126537,50,-
2130825,2130853,54,+
2131080,2131102,51,+
2133957,2133975,50,+
2135822,2135849,70,-
2137416,2137442,56,-
2137448,2137474,56,-
2137480,2137506,56,-
2137512,2137538,56,-
2137544,2137570,56,-
2137576,2137602,56,-
2137608,2137634,56,-
2137690,2137707,69,+
2138576,2138601,47,+
2141561,2141580,66,+
2143257,2143285,52,+
2148152,2148176,69,+
2150330,2150350,47,+
2153882,2153915,60,+
2157217,2157238,48,+
2157452,2157490,55,-
2158338,2158371,47,-
2160120,2160143,48,+
2160402,2160424,51,+
2160703,2160749,48,+
2160843,2160875,62,+
2161353,2161379,55,+
2162743,2162769,58,-
2163414,2163443,54,+
2164284,2164310,56,-
2165599,2165631,48,+
2166713,2166744,48,+
2168832,2168864,80,-
2169784,2169814,57,+
2169820,2169862,50,-
2171274,2171306,49,-
2171637,2171660,48,+
2173419,2173448,63,+
2179790,2179816,70,+
2183704,2183724,48,+
2191027,2191057,55,-
2191356,2191404,47,+
2191913,2191932,49,+
2191965,2191985,52,-
2192659,2192689,51,-
2192882,2192931,47,+
2196603,2196630,71,+
2196907,2196933,67,+
2197376,2197401,47,-
2197790,2197831,70,+
2198507,2198530,70,+
2198580,2198618,55,-
2199151,2199181,49,+
2201109,2201142,48,+
2204176,2204207,50,+
2205776,2205795,47,+
2207024,2207054,51,+
2207424,2207444,47,+
2207699,2207721,51,+
2209024,2209067,50,-
2210869,2210887,50,+
2211915,2211949,74,-
2212169,2212209,53,-
2217954,2217971,52,+
2219856,2219896,58,+
2222121,2222140,47,+
2224473,2224506,62,+
2226367,2226387,49,+
2230476,2230496,51,+
2235660,2235683,60,+
2236676,2236709,47,+
2237245,2237275,51,+
2245339,2245371,49,-
2245490,2245519,61,-
2247288,2247316,66,+
2247913,2247942,82,+
2248226,2248256,51,+
2248676,2248706,51,-
2250671,2250701,52,+
2251151,2251190,54,-
2252647,2252672,66,+
2254449,2254473,59,+
2255486,2255512,56,+
2257088,2257123,59,-
2257905,2257924,47,+
2261638,2261672,59,+
2264617,2264636,51,+
2273314,2273342,66,+
2278041,2278063,61,-
2282221,2282247,56,-
2283338,2283385,47,-
2283535,2283568,48,+
2284979,2285018,53,-
2286931,2286962,55,+
2288740,2288767,55,-
2291341,2291388,48,+
2294866,2294886,48,+
2295633,2295666,59,+
2297535,2297568,59,-
2297619,2297650,59,-
2302605,2302653,47,-
2302755,2302798,55,-
2302912,2302947,90,-
2306787,2306814,53,+
2308520,2308562,67,+
2309419,2309449,49,-
2311073,2311106,48,+
2312253,2312272,66,-
2312322,2312346,48,+
2312386,2312404,49,+
2312604,2312631,89,+
2315446,2315476,68,-
2319004,2319023,66,+
2319575,2319597,51,-
2320871,2320909,57,-
2323947,2323967,51,-
2324602,2324627,47,+
2324651,2324687,54,+
2326090,2326116,56,+
2326355,2326372,52,-
2327275,2327292,52,+
2330083,2330119,57,+
2330331,2330353,49,-
2332429,2332471,55,-
2333923,2333943,64,+
2335420,2335450,64,-
2339166,2339195,55,-
2344164,2344192,85,-
2344336,2344379,48,-
2345115,2345155,53,-
2345303,2345324,49,+
2347025,2347047,49,+
2347208,2347224,53,+
2351843,2351878,76,-
2352252,2352298,52,-
2353204,2353239,58,-
2355347,2355368,63,-
2356911,2356946,50,+
2357316,2357339,60,-
2358115,2358137,48,-
2360174,2360206,48,-
2361756,2361786,62,-
2361804,2361824,49,-
2364589,2364630,53,-
2366599,2366634,59,-
2368335,2368359,48,-
2371699,2371730,50,-
2373018,2373035,50,-
2376401,2376434,48,-
2376462,2376499,47,-
2377401,2377421,47,-
2381558,2381581,61,-
2382575,2382595,51,+
2383337,2383365,68,-
2384089,2384115,71,-
2387331,2387377,47,-
2389716,2389755,59,-
2392266,2392298,47,+
2392547,2392575,83,+
2396286,2396305,47,-
2403053,2403085,59,-
2406975,2406998,48,-
2408722,2408767,48,+
2408968,2408995,55,-
2411731,2411767,62,+
2412580,2412613,60,-
2415218,2415245,90,-
2416173,2416198,57,-
2417065,2417095,68,-
2418576,2418612,53,+
2418906,2418933,53,-
2419184,2419217,48,+
2419721,2419743,48,-
2420459,2420485,66,-
2425550,2425588,58,+
2427568,2427586,49,-
2427642,2427664,48,-
2428538,2428572,47,-
2429643,2429684,58,-
2430196,2430226,51,-
2432836,2432866,82,-
2434961,2435009,48,-
2436492,2436519,53,-
2436755,2436793,61,-
2437485,2437518,51,+
2438234,2438260,56,+
2440849,2440883,48,-
2442297,2442315,49,+
2444588,2444612,48,+
2447045,2447079,48,-
2447790,2447830,101,+
2449246,2449270,48,-
2449675,2449711,59,+
2450959,2450993,47,-
2451669,2451689,64,-
2452213,2452247,51,-
2453394,2453425,62,+
2457038,2457069,70,-
2459815,2459837,48,+
2463364,2463394,65,-
2466963,2466995,49,+
2467622,2467660,50,-
2468478,2468500,61,-
2469841,2469864,49,-
2470609,2470649,50,-
2470710,2470730,48,+
2470861,2470887,56,-
2470927,2470950,48,-
2471018,2471051,60,+
2471416,2471436,64,-
2471565,2471589,48,-
2472473,2472511,55,-
2473060,2473089,65,-
2473445,2473481,58,-
2474710,2474758,88,-
2475076,2475121,48,-
2475223,2475266,48,-
2475417,2475452,61,-
2475679,2475698,47,-
2475974,2476006,60,+
2476226,2476272,52,-
2480296,2480326,51,+
2481984,2482013,52,-
2482333,2482368,50,-
2485083,2485123,73,-
2485196,2485237,55,-
2485902,2485937,64,-
2486546,2486564,67,-
2487054,2487088,92,+
2489488,2489518,60,-
2490897,2490922,60,-
2493730,2493753,60,-
2493832,2493853,63,-
2495365,2495392,69,-
2497959,2497982,50,-
2500027,2500050,60,-
2502481,2502522,50,-
2503020,2503043,59,-
2504838,2504880,57,+
2507746,2507778,70,-
2507978,2508009,57,-
2508048,2508075,66,-
2510007,2510030,60,+
2510532,2510557,47,-
2510841,2510865,71,-
2511809,2511834,57,-
2512212,2512238,56,+
2516178,2516210,65,-
2518986,2519020,59,-
2520188,2520207,49,+
2520806,2520847,57,-
2521811,2521853,49,+
2523186,2523219,59,-
2525194,2525233,57,-
2525273,2525312,58,-
2525565,2525599,99,-
2525765,2525786,49,-
2526946,2526983,64,-
2527191,2527228,59,-
2527274,2527302,66,-
2527460,2527503,93,-
2527605,2527637,49,-
2528176,2528195,47,-
2528570,2528609,55,-
2528959,2528991,58,-
2529065,2529097,48,-
2529976,2529995,47,-
2530020,2530052,67,-
2530831,2530869,50,-
2531197,2531216,49,-
2531291,2531313,48,-
2531839,2531856,52,-
2531894,2531922,52,-
2532154,2532174,64,-
2532339,2532386,50,-
2532692,2532717,57,-
2532887,2532932,92,-
2533178,2533208,62,+
2534040,2534062,61,-
2534526,2534556,51,-
2534824,2534869,48,-
2540168,2540199,50,+
2544537,2544573,59,-
2544673,2544702,58,-
2546292,2546338,49,+
2546613,2546645,59,-
2547251,2547291,59,+
2548109,2548153,50,-
2549136,2549169,62,-
2549383,2549405,51,-
2549567,2549597,60,-
2549777,2549821,52,+
2551310,2551352,49,-
2551492,2551521,52,-
2555027,2555063,48,-
2557040,2557056,52,-
2557792,2557819,55,-
2558079,2558113,59,-
2558732,2558755,50,+
2559259,2559288,60,+
2560038,2560055,50,-
2560745,2560764,66,-
2562944,2562983,55,+
2564394,2564433,57,-
2564509,2564541,82,-
2564885,2564903,67,-
2565321,2565360,57,-
2565516,2565539,70,-
2566073,2566097,58,-
2566659,2566696,57,-
2566967,2566996,52,+
2567470,2567491,48,-
2568680,2568716,54,-
2569759,2569789,68,-
2570171,2570208,50,-
2570834,2570858,59,+
2571194,2571234,54,+
2572941,2572973,49,-
2573958,2573991,48,-
2575496,2575532,53,-
2576082,2576105,48,-
2577175,2577199,59,-
2577679,2577703,59,-
2578185,2578219,59,+
2578646,2578674,52,+
2578951,2578977,56,-
2579049,2579067,49,-
2579141,2579168,71,-
2579481,2579505,59,-
2580666,2580687,49,-
2583499,2583517,50,-
2584181,2584205,58,-
2586023,2586055,62,+
2586979,2587012,76,-
2587897,2587926,52,-
2588119,2588151,49,-
2588467,2588491,48,-
2588615,2588652,56,-
2589635,2589650,72,-
2591628,2591660,49,-
2602734,2602770,65,-
2604260,2604285,75,-
2606024,2606050,56,+
2606184,2606214,51,-
2608823,2608842,49,-
2613352,2613382,51,-
2613397,2613421,48,-
2614760,2614779,47,+
2614997,2615015,49,+
2618009,2618027,49,-
2620805,2620838,51,-
2621080,2621098,67,-
2621253,2621290,62,-
2622740,2622778,71,+
2623735,2623763,52,-
2626353,2626376,78,-
2627380,2627402,61,-
2627397,2627417,47,+
2628040,2628071,50,+
2630097,2630120,48,+
2630405,2630431,73,-
2630941,2630971,51,+
2631452,2631490,59,-
2632854,2632874,64,-
2632929,2632958,61,-
2633228,2633268,58,-
2637673,2637702,70,-
2637939,2637983,52,-
2638579,2638622,52,+
2640000,2640033,55,+
2642683,2642711,52,-
2644973,2644996,50,-
2645441,2645466,56,-
2646972,2646992,47,+
2648296,2648329,48,-
2649594,2649618,59,-
2650608,2650626,49,-
2652397,2652428,48,-
2654669,2654698,52,-
2655545,2655568,48,-
2657866,2657905,71,-
2658022,2658053,59,+
2659111,2659141,67,-
2659363,2659393,51,-
2659646,2659684,61,-
2659925,2659955,65,-
2660290,2660321,62,-
2660752,2660774,70,-
2660847,2660874,67,-
2660875,2660901,66,+
2660914,2660941,72,-
2660929,2660970,65,+
2661039,2661056,52,+
2661552,2661589,70,+
2662697,2662724,58,+
2662889,2662923,60,+
2663445,2663477,52,-
2664700,2664735,50,-
2668818,2668867,47,-
2669144,2669167,50,-
2671160,2671190,68,+
2672586,2672622,58,+
2672970,2673000,54,+
2673031,2673067,75,+
2673214,2673241,57,+
2673254,2673290,71,-
2673728,2673758,51,+
2674140,2674162,48,+
2674255,2674292,47,+
2675211,2675247,61,-
2675776,2675802,56,-
2676484,2676508,48,-
2679834,2679862,64,-
2681628,2681668,55,-
2684174,2684202,55,-
2687418,2687449,49,-
2687787,2687817,51,-
2692460,2692492,59,-
2695773,2695804,50,-
2698265,2698290,57,-
2699070,2699091,62,-
2700620,2700651,77,-
2703973,2704004,55,-
2705026,2705064,53,-
2706495,2706522,53,-
2706712,2706737,57,-
2706802,2706834,50,-
2710556,2710575,47,-
2713123,2713154,62,-
2713349,2713379,55,+
2713637,2713678,55,-
2714669,2714696,55,-
2716350,2716374,48,-
2718080,2718107,55,+
2718304,2718336,62,+
2719107,2719129,70,-
2719317,2719342,67,+
2720646,2720677,62,-
2721183,2721214,48,-
2721705,2721743,74,-
2722896,2722930,51,-
2724057,2724077,48,+
2727535,2727561,58,-
2728473,2728505,65,-
2729357,2729393,76,-
2729823,2729844,63,+
2732424,2732453,52,+
2735707,2735737,51,+
2736808,2736826,50,-
2738986,2739013,72,-
2741220,2741246,56,-
2744069,2744105,59,+
2745540,2745576,53,-
2746771,2746796,67,-
2747168,2747188,48,-
2747703,2747737,55,-
2748190,2748226,76,-
2749543,2749567,48,-
2750144,2750172,71,-
2753346,2753364,50,-
2753467,2753487,64,-
2754011,2754045,62,-
2754783,2754827,52,+
2755539,2755559,64,+
2756557,2756598,53,+
2758874,2758891,69,+
2759520,2759552,47,-
2759989,2760024,59,-
2760928,2760962,59,-
2762645,2762671,66,+
2762758,2762802,92,+
2764081,2764120,57,+
2765468,2765494,56,+
2767369,2767402,48,+
2767992,2768009,69,+
2769027,2769066,54,-
2771023,2771056,51,-
2772784,2772801,69,+
2773624,2773642,67,-
2774436,2774466,52,-
2774655,2774699,50,-
2775869,2775896,55,-
2776932,2776970,56,-
2777705,2777746,52,-
2777848,2777878,51,-
2778938,2778959,49,-
2779946,2779983,59,-
2780841,2780861,47,-
2781501,2781538,55,+
2782701,2782735,58,+
2783147,2783190,48,-
2783470,2783497,55,-
2785776,2785797,49,-
2787667,2787703,61,-
2788878,2788900,61,-
2790184,2790209,57,-
2791045,2791073,63,-
2791106,2791138,76,-
2792050,2792078,65,-
2798818,2798844,56,+
2799014,2799048,78,-
2799609,2799636,66,+
2801449,2801481,49,+
2804303,2804326,48,-
2804489,2804525,55,-
2808737,2808760,60,-
2814749,2814772,64,-
2815070,2815093,60,+
2819874,2819907,60,-
2822095,2822129,64,-
2825506,2825538,49,-
2828810,2828848,59,-
2830519,2830552,56,+
2832931,2832969,55,-
2833399,2833432,48,-
2833744,2833778,62,-
2834221,2834258,56,+
2838031,2838065,95,-
2840023,2840056,62,-
2842558,2842594,56,-
2844178,2844217,54,-
2844835,2844864,54,-
2846667,2846712,50,+
2847312,2847339,55,+
2847343,2847367,58,-
2847397,2847424,57,-
2850767,2850795,60,-
2854490,2854523,59,-
2857939,2857967,52,+
2860268,2860301,56,+
2860713,2860734,62,-
2861194,2861217,60,-
2862895,2862942,49,+
2864337,2864361,48,-
2865089,2865106,52,-
2866357,2866382,47,+
2867519,2867542,60,-
2867907,2867929,48,-
2868753,2868776,50,+
2869454,2869490,55,-
2869727,2869755,54,+
2870384,2870404,47,-
2870706,2870744,57,-
2871689,2871722,60,+
2872815,2872839,72,-
2875657,2875676,49,-
2876145,2876174,63,+
2876686,2876710,48,-
2876782,2876822,55,+
2877070,2877101,76,-
2880165,2880198,48,+
2881014,2881049,103,-
2882160,2882182,49,-
2887265,2887287,48,-
2887597,2887621,48,-
2889017,2889059,53,-
2891406,2891440,75,-
2891871,2891907,52,+
2892352,2892392,69,+
2892594,2892616,48,-
2892836,2892867,78,+
2894855,2894886,77,-
2894895,2894919,48,-
2896595,2896629,59,+
2896991,2897024,48,+
2897195,2897231,62,+
2897860,2897877,50,+
2898993,2899038,47,-
2899636,2899664,61,-
2902450,2902482,49,+
2906772,2906820,49,-
2908979,2908996,50,-
2910426,2910454,67,-
2912491,2912523,76,-
2914290,2914322,54,+
2916688,2916718,57,-
2917824,2917841,50,-
2919216,2919249,47,-
2929576,2929602,70,-
2930110,2930136,70,-
2930644,2930670,70,-
2931178,2931204,70,-
2931712,2931738,70,-
2932246,2932272,70,-
2932780,2932806,70,-
2933314,2933340,70,-
2933848,2933874,70,-
2934382,2934408,70,-
2934916,2934942,70,-
2935450,2935476,70,-
2938127,2938162,56,-
2946045,2946086,57,-
2948623,2948642,47,-
2948947,2948965,50,-
2949688,2949714,56,-
2950962,2951002,53,+
2954556,2954574,49,-
2955216,2955234,50,+
2955285,2955306,48,+
2955841,2955876,59,+
2957549,2957579,85,-
2959878,2959918,54,-
2959884,2959906,48,+
2960408,2960433,67,+
2961241,2961265,60,-
2963584,2963614,51,+
2965570,2965603,47,-
2970960,2970995,56,-
2971441,2971468,55,+
2971623,2971666,54,-
2972172,2972190,50,+
2972788,2972825,73,-
2979002,2979036,50,-
2979204,2979230,69,-
2979848,2979890,68,+
2980027,2980059,49,-
2980520,2980561,54,-
2983570,2983593,87,+
2985448,2985468,64,-
2985839,2985869,52,+
2985925,2985951,55,-
2987373,2987402,60,-
2989625,2989659,59,-
2990390,2990431,54,+
2990469,2990493,48,-
2993364,2993399,58,-
2993951,2993983,49,+
2994801,2994828,64,-
2996166,2996189,60,-
2996198,2996216,50,-
2998785,2998804,66,-
2999826,2999849,64,+
3000462,3000493,67,-
3001288,3001310,70,-
3001652,3001676,104,+
3001680,3001704,104,+
3001708,3001732,104,+
3002085,3002111,56,+
3002227,3002256,52,+
3002318,3002338,64,+
3005815,3005853,101,-
3006337,3006357,64,-
3006445,3006465,64,-
3009058,3009088,68,-
3010321,3010365,50,-
3013551,3013576,66,-
3013685,3013721,54,-
3015931,3015959,68,-
3016465,3016507,57,-
3017129,3017166,59,-
3017612,3017632,49,+
3018002,3018025,48,+
3022289,3022313,48,-
3024816,3024841,71,-
3029820,3029844,48,-
3034405,3034446,52,+
3037368,3037413,48,+
3037435,3037464,65,-
3039228,3039261,48,-
3040196,3040233,74,-
3040924,3040968,53,-
3043225,3043258,67,-
3045491,3045511,49,+
3048847,3048889,53,-
3049784,3049821,56,+
3052057,3052078,62,+
3052369,3052389,48,+
3052995,3053032,61,-
3055033,3055065,50,-
3055488,3055511,60,-
3056314,3056339,68,+
3056379,3056406,55,+
3062613,3062639,55,-
3063393,3063410,52,-
3064356,3064385,66,+
3069737,3069771,55,+
3069796,3069829,64,-
3070211,3070243,66,-
3070940,3070970,65,-
3072767,3072799,62,-
3073107,3073137,70,-
3073240,3073281,51,+
3073988,3074013,58,-
3075896,3075926,60,+
3076645,3076682,47,+
3081221,3081247,56,-
3081435,3081455,49,-
3081959,3081994,59,-
3082719,3082755,75,-
3084974,3085002,63,-
3085919,3085943,48,-
3087145,3087176,65,+
3087747,3087777,60,-
3088206,3088235,65,-
3088618,3088637,66,-
3088977,3088997,47,-
3089127,3089149,48,-
3089361,3089398,62,-
3089595,3089620,84,-
3092479,3092501,51,-
3093349,3093382,62,+
3093740,3093769,51,-
3096186,3096223,53,+
3096785,3096816,64,-
3098053,3098079,56,+
3098089,3098107,50,+
3100077,3100102,57,+
3101730,3101761,59,-
3105488,3105508,47,+
3107977,3108007,51,+
3111276,3111302,69,-
3111557,3111581,48,-
3122407,3122428,48,+
3124414,3124434,47,-
3125106,3125143,62,+
3125351,3125385,79,+
3126550,3126586,58,-
3130064,3130081,50,-
3132413,3132446,68,-
3133858,3133890,48,+
3134501,3134532,64,-
3135795,3135826,83,-
3136663,3136708,53,-
3137230,3137267,105,-
3138269,3138307,74,+
3138510,3138551,70,-
3138672,3138707,56,-
3140647,3140669,48,+
3148273,3148301,65,+
3148525,3148546,63,+
3149852,3149874,61,-
3153876,3153899,48,-
3155883,3155910,63,-
3158845,3158873,86,-
3160072,3160090,67,-
3163506,3163545,53,-
3164456,3164498,69,-
3164569,3164606,51,-
3165351,3165384,48,+
3165953,3165974,63,+
3170164,3170197,62,-
3170406,3170449,50,-
3171570,3171588,51,+
3172428,3172461,64,+
3172735,3172767,47,-
3174644,3174660,53,-
3175001,3175034,62,-
3175495,3175513,49,-
3177353,3177379,55,-
3181407,3181428,63,-
3182520,3182536,52,-
3182591,3182609,67,-
3193616,3193646,66,-
3195945,3195974,52,+
3196066,3196091,47,+
3196309,3196341,49,-
3200887,3200929,52,-
3216733,3216769,56,+
3218073,3218113,50,+
3222440,3222470,51,+
3225898,3225928,51,-
3226464,3226499,50,-
3228475,3228505,51,+
3229049,3229079,82,-
3231543,3231566,60,+
3234380,3234410,77,-
3234526,3234544,67,-
3234686,3234722,58,-
3239047,3239069,70,-
3239530,3239562,49,-
3240557,3240586,55,-
3240609,3240627,67,-
3242045,3242065,64,+
3249055,3249076,48,-
3249671,3249688,50,+
3255838,3255863,75,+
3260587,3260612,57,-
3261153,3261172,47,-
3263210,3263230,48,+
3265435,3265469,61,+
3267927,3267969,97,-
3274425,3274468,54,+
3276667,3276688,62,+
3282483,3282509,56,+
3283868,3283885,52,+
3288844,3288872,71,-
3289305,3289325,47,-
3293039,3293056,52,-
3293166,3293207,70,-
3296345,3296366,48,-
3298366,3298385,49,-
3299280,3299317,55,-
3299768,3299796,54,+
3300051,3300082,62,-
3300203,3300235,80,-
3300855,3300883,61,-
3300944,3300966,51,+
3304287,3304323,59,-
3305229,3305260,55,-
3306912,3306945,58,-
3307419,3307436,52,-
3308477,3308504,55,-
3310139,3310166,58,-
3310763,3310793,68,-
3311782,3311801,66,-
3312052,3312088,76,-
3312100,3312124,48,-
3312361,3312401,55,-
3314087,3314115,68,-
3315313,3315342,52,-
3315589,3315637,47,-
3315677,3315705,55,-
3316515,3316536,62,+
3319429,3319466,47,-
3321942,3321964,51,-
3322670,3322689,47,+
3324300,3324323,50,+
3325025,3325046,62,-
3326872,3326904,51,-
3327604,3327639,56,-
3327771,3327803,65,-
3328162,3328182,48,-
3328284,3328310,61,-
3328532,3328557,67,-
3328963,3328984,81,+
3330734,3330763,71,+
3331826,3331859,48,+
3332016,3332046,68,-
3333056,3333087,67,+
3333948,3333964,52,+
3334888,3334917,54,-
3335429,3335460,65,-
3337837,3337868,66,-
3340770,3340799,52,-
3341552,3341587,58,+
3341698,3341721,48,-
3341991,3342016,47,+
3342357,3342388,50,-
3344770,3344795,47,-
3344806,3344831,57,-
3345116,3345146,51,-
3345173,3345198,64,-
3345260,3345295,62,+
3345821,3345838,52,-
3345957,3345980,50,-
3346801,3346818,69,-
3348823,3348846,87,-
3349849,3349888,55,+
3350015,3350033,52,-
3351432,3351459,85,-
3351595,3351626,50,-
3351751,3351794,52,-
3352740,3352764,48,-
3352838,3352869,62,-
3353188,3353206,49,-
3353814,3353847,59,-
3356004,3356028,67,-
3356172,3356204,67,-
3356388,3356421,65,+
3357411,3357433,48,-
3357810,3357839,66,-
3359045,3359085,53,-
3359976,3360007,60,+
3360430,3360460,54,-
3360494,3360524,65,-
3362355,3362387,48,+
3363311,3363357,47,-
3363385,3363414,57,-
3363644,3363670,56,-
3364190,3364221,59,+
3366311,3366355,53,-
3366865,3366887,51,-
3367240,3367271,60,-
3367382,3367419,56,+
3370576,3370596,48,+
3372678,3372702,59,-
3372786,3372825,58,+
3372910,3372931,49,-
3373088,3373117,66,-
3373480,3373507,60,-
3373747,3373777,62,-
3374903,3374941,58,-
3375304,3375348,47,+
3375977,3375994,50,-
3377060,3377077,50,-
3377488,3377524,64,-
3377633,3377666,92,-
3378166,3378199,65,-
3379864,3379898,67,-
3381058,3381100,93,-
3381855,3381884,86,-
3385181,3385220,99,-
3389041,3389086,47,-
3391283,3391303,47,-
3394996,3395013,52,+
3395854,3395889,55,+
3396696,3396723,64,-
3398422,3398440,50,-
3404736,3404755,47,-
3405546,3405573,55,+
3405614,3405651,58,+
3405798,3405838,55,-
3406475,3406496,63,+
3406681,3406706,47,-
3406826,3406847,51,+
3407029,3407064,88,-
3408560,3408588,54,-
3408825,3408860,47,-
3417070,3417100,65,+
3417781,3417813,52,-
3422860,3422896,58,-
3423610,3423644,56,-
3424920,3424949,52,-
3425222,3425247,57,-
3425579,3425596,52,+
3426364,3426395,63,-
3426904,3426941,55,+
3428894,3428924,49,+
3429390,3429424,62,-
3429967,3430007,83,-
3430467,3430497,51,-
3435990,3436013,60,-
3436613,3436650,56,-
3436702,3436721,66,-
3439393,3439423,59,-
3442906,3442938,50,+
3443253,3443282,70,-
3445810,3445834,71,-
3445891,3445928,75,-
3446249,3446276,72,-
3447113,3447146,59,-
3448081,3448108,53,-
3448884,3448915,62,-
3457105,3457137,49,-
3458058,3458089,49,+
3458783,3458817,72,-
3458941,3458968,53,-
3459973,3459995,61,-
3460154,3460190,75,-
3462408,3462428,49,-
3463222,3463258,57,-
3464180,3464208,71,-
3464785,3464805,49,+
3465002,3465025,60,-
3465329,3465348,51,-
3465737,3465775,61,-
3467776,3467821,49,-
3470197,3470227,51,-
3470699,3470729,65,-
3471954,3471982,54,+
3472173,3472195,49,-
3472537,3472568,60,-
3475612,3475644,82,-
3475942,3475978,57,+
3476167,3476199,56,-
3476227,3476246,47,-
3478149,3478169,64,-
3479546,3479583,62,-
3480022,3480047,64,-
3481252,3481290,61,-
3483384,3483418,78,-
3483437,3483466,58,+
3484597,3484630,62,-
3484950,3484969,47,-
3486558,3486597,53,+
3487587,3487610,48,-
3487999,3488037,54,-
3488553,3488571,50,-
3488754,3488777,60,-
3490167,3490210,53,-
3490326,3490368,57,-
3490710,3490741,50,-
3491403,3491421,49,-
3491469,3491512,55,+
3492750,3492768,49,-
3494126,3494144,49,+
3497248,3497293,50,+
3498194,3498218,59,-
3502112,3502157,64,-
3502450,3502485,64,-
3504607,3504639,64,-
3505053,3505077,61,-
3505607,3505639,49,-
3505699,3505720,63,-
3505833,3505860,65,-
3505862,3505898,56,-
3506387,3506406,47,-
3507125,3507159,59,+
3509123,3509140,52,-
3509152,3509189,53,-
3509525,3509554,66,-
3510042,3510074,52,-
3511008,3511028,49,-
3514354,3514382,54,-
3516387,3516411,76,-
3517082,3517105,50,-
3519046,3519065,49,-
3523686,3523703,50,-
3524756,3524803,47,+
3526572,3526598,56,-
3526949,3526990,54,-
3527369,3527393,67,-
3529745,3529777,50,-
3529834,3529867,60,-
3530850,3530893,53,+
3531368,3531409,69,+
3532093,3532117,59,-
3532652,3532684,50,-
3532892,3532911,47,+
3533560,3533594,60,-
3533877,3533894,50,-
3533910,3533931,49,+
3534333,3534368,67,+
3534623,3534666,50,-
3534833,3534850,50,-
3535423,3535460,58,+
3536715,3536737,51,+
3537835,3537877,85,+
3541603,3541626,60,+
3545106,3545146,54,+
3545252,3545275,60,+
3546136,3546170,64,+
3546581,3546611,70,-
3547937,3547961,69,+
3551507,3551535,54,-
3553579,3553606,55,-
3554838,3554867,52,-
3555146,3555163,52,-
3555628,3555668,58,-
3558981,3559024,53,-
3559469,3559494,66,-
3560775,3560795,54,-
3561191,3561228,74,-
3561522,3561551,52,-
3561700,3561736,59,-
3562270,3562299,51,+
3562673,3562690,50,-
3562810,3562843,61,-
3564347,3564378,60,-
3566210,3566243,74,-
3566650,3566678,54,-
3568086,3568110,59,-
3569838,3569868,51,-
3569909,3569927,50,-
3570916,3570942,70,+
3570982,3571026,49,+
3572686,3572705,47,+
3577216,3577240,71,+
3578228,3578248,52,-
3579534,3579570,59,-
3581926,3581951,58,-
3585629,3585651,48,+
3596881,3596901,47,-
3599410,3599443,55,-
3600496,3600539,49,-
3601732,3601768,55,-
3602144,3602177,64,-
3603743,3603763,48,+
3604242,3604272,65,-
3605790,3605820,55,-
3608739,3608765,56,+
3609087,3609105,49,-
3609109,3609138,68,+
3609549,3609572,60,-
3610439,3610460,49,-
3611532,3611561,52,-
3612904,3612930,56,-
3614037,3614070,58,-
3615691,3615721,63,-
3622616,3622638,61,-
3624286,3624310,48,-
3626104,3626129,58,+
3626517,3626557,58,-
3628821,3628844,60,-
3628904,3628930,56,-
3629249,3629277,69,-
3629540,3629560,47,-
3631530,3631547,50,-
3631912,3631934,48,-
3632092,3632116,59,+
3633622,3633662,115,-
3634264,3634290,56,-
3634469,3634499,49,-
3634662,3634683,63,-
3639727,3639763,58,-
3640369,3640413,67,-
3641107,3641143,71,-
3641459,3641490,67,-
3641522,3641546,87,-
3644608,3644635,55,-
3644877,3644896,49,+
3647492,3647513,51,-
3649212,3649254,54,-
3650156,3650174,67,+
3651820,3651861,51,-
3654439,3654486,48,-
3655867,3655897,51,-
3656476,3656512,74,-
3658264,3658305,53,-
3660630,3660661,54,-
3660794,3660816,48,-
3661431,3661457,70,-
3662034,3662056,51,-
3664928,3664961,56,-
3667105,3667140,60,-
3667502,3667530,68,+
3667605,3667630,67,-
3668252,3668284,64,-
3670130,3670169,58,-
3671976,3671994,49,-
3672184,3672214,51,-
3673526,3673551,57,-
3673990,3674023,79,-
3676331,3676365,59,-
3677379,3677404,57,+
3679315,3679351,58,-
3680417,3680439,49,-
3680874,3680899,57,-
3681518,3681553,58,-
3682132,3682151,49,-
3682402,3682433,60,-
3683614,3683637,49,-
3689358,3689388,60,+
3689658,3689690,58,-
3691010,3691054,54,-
3691464,3691510,52,-
3692457,3692473,52,-
3694603,3694630,55,-
3697866,3697902,58,-
3698437,3698474,58,-
3708549,3708582,48,-
3710631,3710664,59,+
3711426,3711444,51,-
3717415,3717454,71,-
3723183,3723210,71,-
3725143,3725165,61,+
3727059,3727093,78,-
3727952,3727984,65,+
3728414,3728440,56,+
3729891,3729923,64,-
3729983,3730009,55,-
3731336,3731371,64,-
3731566,3731589,49,+
3732676,3732698,48,-
3733991,3734015,48,-
3734301,3734336,61,-
3736514,3736544,66,-
3737333,3737360,88,-
3738089,3738124,58,-
3739463,3739503,71,-
3740302,3740351,48,-
3743149,3743170,62,-
3745163,3745201,61,+
3747498,3747540,57,+
3748269,3748316,49,+
3748764,3748791,55,-
3751259,3751295,58,+
3754391,3754427,59,-
3756329,3756368,57,-
3758146,3758174,65,+
3758281,3758309,71,-
3758984,3759015,60,-
3759407,3759448,58,+
3759595,3759619,58,-
3760509,3760533,59,+
3761243,3761276,48,-
3761581,3761614,47,-
3763550,3763592,49,+
3764632,3764651,52,+
3765674,3765695,49,-
3766371,3766407,58,-
3767821,3767842,62,-
3767947,3767966,49,+
3768424,3768458,80,-
3771931,3771971,53,-
3773614,3773639,67,-
3773752,3773782,85,+
3776345,3776393,47,-
3780012,3780043,60,-
3781672,3781702,57,-
3783929,3783955,55,-
3784588,3784619,52,-
3786502,3786520,49,+
3788676,3788720,53,-
3794280,3794319,54,-
3794909,3794950,52,+
3797161,3797195,59,+
3800893,3800913,48,-
3802655,3802674,66,+
3803943,3803976,48,+
3804299,3804339,57,+
3805965,3805995,51,+
3806534,3806566,64,-
3806989,3807027,51,+
3808609,3808631,61,+
3809427,3809469,48,+
3809934,3809963,52,+
3811742,3811771,52,-
3813119,3813137,67,+
3813656,3813685,52,+
3814022,3814044,61,-
3814561,3814584,69,-
3815192,3815222,57,-
3817619,3817661,52,+
3818545,3818571,85,-
3819518,3819551,50,-
3822669,3822693,48,+
3822905,3822931,56,-
3823003,3823036,62,+
3825791,3825831,55,+
3826315,3826346,54,-
3827766,3827782,53,-
3829247,3829284,54,-
3829919,3829953,50,+
3830268,3830306,50,-
3832546,3832568,48,+
3841198,3841232,105,-
3844083,3844119,58,-
3850337,3850362,47,+
3853838,3853857,49,-
3855037,3855061,59,-
3858418,3858443,56,-
3863309,3863345,58,-
3863397,3863415,49,-
3864144,3864172,68,-
3864787,3864831,49,+
3865184,3865208,59,+
3866044,3866075,60,-
3866313,3866343,49,-
3868886,3868919,64,+
3869205,3869228,60,-
3869447,3869474,70,-
3870456,3870475,47,-
3872246,3872292,48,-
3872634,3872669,59,-
3874350,3874391,57,-
3878837,3878859,61,-
3882303,3882334,60,-
3882877,3882907,66,-
3883138,3883171,60,-
3884844,3884886,50,-
3892580,3892600,64,-
3893806,3893851,92,+
3894217,3894246,55,-
3895614,3895633,47,-
3896546,3896576,68,+
3896712,3896751,53,-
3900121,3900152,63,-
3900173,3900203,66,-
3900299,3900339,59,-
3900690,3900716,55,-
3906178,3906205,55,+
3911305,3911338,58,-
3913509,3913557,49,-
3915026,3915069,49,-
3915747,3915791,52,+
3915867,3915905,75,-
3922207,3922246,70,-
3925604,3925646,52,+
3926379,3926407,68,-
3927656,3927689,60,-
3927950,3927981,50,+
3928314,3928338,48,+
3931993,3932037,49,+
3932093,3932114,49,-
3932477,3932500,48,+
3932708,3932748,53,-
3935814,3935844,52,-
3936756,3936794,56,+
3938887,3938927,57,-
3940262,3940284,48,+
3940754,3940776,61,-
3940790,3940826,74,-
3943125,3943168,49,-
3943221,3943239,49,-
3944793,3944818,57,+
3945611,3945644,52,+
3946079,3946097,49,-
3946354,3946387,48,+
3947572,3947591,49,-
3947684,3947701,50,-
3947754,3947779,47,-
3948600,3948626,91,-
3955182,3955214,60,-
3959073,3959099,56,+
3959289,3959319,80,-
3962119,3962140,64,-
3962161,3962180,47,-
3964938,3964977,50,-
3965316,3965347,55,-
3966290,3966308,49,+
3966598,3966635,75,-
3967598,3967624,63,+
3968050,3968092,85,-
3972593,3972631,51,-
3972978,3973014,76,-
3973034,3973065,52,+
3976387,3976425,59,-
3977910,3977944,61,+
3980769,3980796,89,-
3984508,3984531,48,-
3985071,3985096,88,-
3988477,3988514,53,-
3989780,3989817,56,-
3990743,3990775,65,+
3994075,3994107,49,+
3995168,3995213,52,+
3997811,3997848,62,-
3998454,3998494,71,-
3998988,3999032,52,-
3999732,3999757,47,-
4001137,4001175,54,+
4001938,4001978,58,-
4002648,4002671,59,+
4002774,4002798,48,+
4009504,4009526,51,-
4010252,4010298,52,+
4010824,4010855,55,-
4012629,4012662,48,-
4012786,4012808,48,-
4013807,4013836,57,-
4014462,4014500,58,-
4014616,4014635,49,+
4014651,4014685,59,-
4014701,4014733,49,+
4015197,4015217,64,+
4015662,4015694,52,-
4018370,4018397,83,-
4018786,4018809,60,-
4018898,4018915,50,+
4020440,4020464,63,-
4021572,4021612,57,-
4022201,4022236,57,-
4022722,4022762,83,-
4023646,4023685,57,+
4025198,4025224,73,-
4025328,4025367,55,-
4025407,4025428,64,-
4025456,4025494,71,+
4025639,4025659,64,-
4025682,4025711,65,-
4025762,4025787,67,+
4027210,4027249,53,+
4027851,4027886,58,+
4029450,4029489,59,-
4030946,4030971,67,-
4031289,4031309,64,+
4031730,4031754,87,-
4031901,4031934,65,+
4032437,4032465,60,+
4032958,4032992,60,-
4033248,4033269,48,+
4033840,4033871,50,-
4034287,4034323,64,-
4034470,4034509,54,+
4034555,4034575,47,+
4034788,4034809,63,-
4035815,4035855,54,-
4037798,4037817,51,-
4038981,4039012,59,-
4039098,4039124,55,-
4039526,4039565,58,+
4040190,4040219,52,+
4041706,4041750,53,-
4043689,4043721,65,-
4044305,4044325,48,+
4045846,4045875,62,-
4045985,4046009,70,-
4046059,4046081,61,-
4046413,4046438,69,+
4047145,4047180,50,-
4050702,4050736,62,+
4052923,4052950,55,+
4053043,4053064,48,+
4054055,4054088,59,-
4055293,4055330,55,+
4056183,4056216,51,-
4057068,4057090,64,-
4057689,4057722,52,-
4061064,4061094,60,-
4061958,4061996,59,-
4063110,4063153,52,-
4064246,4064265,47,+
4065235,4065267,51,-
4065778,4065815,56,-
4065841,4065865,59,+
4066161,4066194,75,-
4066309,4066343,50,-
4066430,4066462,48,-
4076275,4076312,50,+
4082235,4082259,69,-
4085501,4085535,60,-
4087208,4087231,60,+
4087394,4087426,49,+
4087844,4087878,47,+
4088056,4088076,49,-
4089281,4089318,58,-
4089579,4089606,69,-
4089798,4089820,61,-
4100028,4100063,64,-
4103695,4103720,69,+
4106296,4106314,52,+
4114597,4114635,53,-
4120018,4120038,48,+
4123651,4123671,64,-
4124258,4124297,53,-
4124720,4124767,47,-
4125122,4125155,62,-
4128261,4128284,50,-
4129704,4129727,49,-
4133063,4133092,65,+
4133475,4133503,88,-
4135308,4135347,51,-
4135482,4135515,48,+
4138148,4138165,69,-
4138818,4138858,57,-
4139791,4139832,47,+
4141319,4141338,49,+
4141371,4141407,76,-
4143611,4143652,54,-
4143678,4143697,49,-
4144116,4144135,66,-
4144183,4144213,60,-
4144915,4144962,48,-
4146162,4146196,92,-
4146702,4146745,54,-
4147087,4147113,58,-
4147597,4147628,62,-
4150617,4150653,59,+
4151642,4151670,66,+
4152238,4152264,66,+
4152767,4152793,72,-
4153423,4153458,50,-
4154158,4154192,50,+
4154448,4154481,60,-
4154725,4154747,89,-
4155354,4155373,47,+
4155404,4155420,52,-
4156271,4156296,47,-
4156782,4156815,51,+
4157869,4157895,55,+
4158198,4158229,50,-
4158547,4158580,48,-
4159125,4159163,55,+
4160733,4160769,48,-
4161302,4161338,55,-
4161685,4161710,57,+
4162053,4162093,58,-
4162215,4162252,75,-
4165599,4165642,48,-
4166537,4166572,59,-
4167502,4167527,47,-
4168379,4168417,74,+
4169385,4169402,52,+
4169553,4169589,76,+
4170354,4170373,51,-
4171207,4171233,56,+
4172760,4172776,52,-
4176505,4176526,63,-
4176802,4176825,60,+
4177422,4177459,47,-
4178405,4178433,54,+
4181990,4182016,56,+
4182308,4182343,58,+
4182408,4182432,59,-
4183414,4183445,62,+
4185073,4185099,56,-
4187934,4187954,64,+
4187972,4187997,67,-
4194239,4194268,52,-
4197164,4197183,49,-
4198008,4198049,51,-
4200052,4200089,57,-
4200521,4200558,58,-
4200595,4200615,47,+
4201923,4201948,57,-
4202028,4202059,62,-
4205194,4205234,53,+
4205770,4205793,60,+
4205830,4205860,60,-
4206127,4206166,49,-
4206832,4206852,64,-
4206873,4206914,72,-
4207259,4207285,83,-
4210407,4210435,85,+
4210949,4210977,52,-
4211813,4211849,48,+
4213549,4213573,48,+
4217114,4217137,49,-
4218361,4218392,62,+
4226016,4226046,62,-
4227861,4227905,50,-
4228662,4228682,64,-
4229004,4229037,119,-
4229548,4229579,55,-
4229711,4229734,60,+
4230609,4230639,51,-
4234701,4234738,61,-
4234967,4234997,65,+
4236910,4236945,50,-
4238349,4238382,64,-
4239272,4239298,66,+
4239536,4239564,54,-
4239885,4239906,48,-
4240063,4240096,56,+
4240505,4240522,52,+
4244461,4244504,54,-
4245158,4245189,62,+
4248848,4248879,62,-
4249388,4249421,62,-
4249796,4249830,50,-
4252759,4252789,51,-
4253077,4253101,48,-
4256079,4256109,59,+
4256371,4256404,62,-
4256823,4256849,69,-
4258064,4258092,57,-
4258969,4258993,69,-
4263490,4263511,63,-
4264174,4264192,67,-
4264836,4264866,51,-
4265063,4265105,54,+
4271670,4271689,49,-
4279239,4279263,48,-
4280035,4280059,59,-
4281281,4281315,76,-
4283233,4283260,58,-
4283452,4283480,60,-
4283816,4283858,50,+
4284202,4284235,62,+
4285201,4285233,62,-
4286041,4286063,61,-
4289688,4289724,65,-
4293946,4293989,48,+
4294138,4294177,55,-
4295310,4295333,60,+
4295715,4295749,80,-
4295848,4295888,57,-
4296551,4296579,66,+
4297639,4297687,48,-
4302177,4302198,49,-
4304561,4304594,58,+
4305045,4305066,90,-
4306085,4306110,47,-
4307078,4307112,47,-
4307819,4307839,64,-
4308271,4308291,64,-
4308698,4308718,47,+
4309890,4309912,61,-
4311820,4311854,50,-
4312157,4312176,47,+
4312661,4312705,53,-
4313277,4313297,64,-
4314152,4314172,54,-
4314669,4314689,64,-
4317154,4317183,52,-
4317691,4317725,58,+
4319906,4319936,49,-
4320725,4320754,54,+
4321957,4322001,50,+
4321997,4322015,49,-
4328196,4328215,47,-
4328926,4328951,67,+
4328965,4328984,66,-
4330584,4330617,62,-
4332727,4332763,92,-
4333190,4333221,50,-
4334841,4334870,52,-
4335021,4335040,66,-
4335356,4335380,89,-
4335950,4335986,59,-
4336080,4336102,51,-
4336909,4336939,51,+
4337756,4337787,62,-
4338936,4338973,54,-
4339439,4339473,51,+
4340149,4340190,53,-
4340241,4340272,54,-
4340489,4340530,54,-
4341300,4341342,57,-
4341840,4341881,53,-
4342809,4342835,56,-
4343957,4343989,54,-
4344329,4344351,48,+
4344419,4344445,88,-
4345658,4345696,54,+
4345999,4346028,66,-
4351289,4351311,70,-
4351315,4351349,55,+
4352408,4352430,61,+
4352950,4352977,71,-
4353527,4353558,57,-
4353905,4353941,102,-
4354121,4354152,68,-
4354341,4354381,53,+
4356626,4356665,61,+
4356832,4356863,54,+
4359693,4359724,59,-
4360578,4360604,56,-
4360689,4360714,57,-
4360994,4361021,69,-
4361538,4361565,55,-
4361853,4361885,50,-
4362037,4362062,67,-
4363543,4363569,56,+
4367604,4367641,59,-
4369181,4369221,54,-
4371282,4371316,56,+
4371375,4371410,65,-
4374149,4374168,66,-
4374536,4374553,52,+
4375845,4375865,47,-
4376081,4376100,49,-
4376109,4376154,65,-
4376600,4376642,49,+
4376742,4376770,71,-
4377180,4377212,64,-
4380210,4380249,52,-
4381069,4381094,71,-
4383066,4383095,55,-
4383169,4383188,52,-
4384389,4384415,85,-
4386034,4386078,51,-
4387450,4387474,48,+
4387520,4387551,65,-
4387713,4387738,58,+
4388551,4388580,69,-
4389053,4389071,50,-
4390020,4390066,76,-
4400452,4400484,60,+
4406900,4406927,57,-
4408336,4408353,50,+
4409348,4409369,48,-
4409422,4409446,48,+
4413437,4413455,51,+
4413686,4413705,51,+
4414764,4414802,55,+
4416490,4416520,62,+
4417701,4417733,60,-
4418478,4418498,48,-
4419853,4419888,62,+
4420614,4420632,49,+
4422262,4422292,51,-
4423481,4423517,62,+
4424086,4424106,64,-
4424922,4424967,49,-
4426253,4426281,61,-
4428875,4428896,48,-
4436414,4436433,47,+
4437206,4437246,48,-
4438787,4438807,47,-
4441005,4441037,49,-
4441605,4441631,61,-
4443979,4444011,61,-
4446617,4446635,50,-
4448043,4448083,51,-
4450978,4451002,59,+
4451047,4451070,60,+
4455808,4455846,52,+
4457257,4457289,50,+
4457741,4457772,64,+
4484537,4484578,52,+
4486977,4487010,51,-
4488194,4488231,64,+
4488830,4488867,54,+
4494223,4494250,72,-
4499985,4500005,51,-
4500249,4500272,48,-
4501413,4501444,59,+
4502705,4502751,50,+
4508028,4508057,52,-
4508334,4508352,51,+
4508574,4508597,96,-
4509596,4509615,47,-
4513359,4513375,52,-
4513761,4513808,63,-
4519000,4519036,64,-
4529474,4529507,48,+
4530179,4530209,55,-
4530419,4530444,71,-
4531281,4531320,83,-
4537826,4537862,57,-
4540178,4540195,50,+
4543532,4543555,60,-
4544519,4544549,62,-
4545580,4545605,57,+
4545774,4545802,54,+
4545899,4545925,66,-
4547705,4547745,87,-
4547821,4547839,67,-
4548210,4548233,48,+
4550948,4550993,48,-
4556399,4556426,53,-
4559226,4559272,47,+
4560523,4560556,47,-
4560874,4560919,90,-
4561244,4561289,53,-
4562226,4562266,55,-
4562562,4562600,54,-
4563132,4563158,55,+
4563803,4563829,55,-
4563855,4563875,47,-
4567266,4567303,53,-
4568653,4568682,58,-
4569283,4569315,59,+
4569676,4569724,90,-
4570464,4570493,98,+
4572778,4572803,67,-
4572904,4572924,64,+
4574154,4574186,48,-
4575580,4575608,54,-
4576370,4576398,54,+
4579580,4579599,66,+
4579746,4579792,50,-
4581234,4581276,70,-
4583666,4583706,87,-
4583828,4583858,62,-
4584150,4584181,65,-
4586523,4586558,50,-
4586660,4586700,51,-
4594755,4594791,58,+
4605849,4605870,48,+
4608005,4608038,47,-
4608826,4608857,60,-
4612251,4612268,69,+
4612665,4612704,61,+
4613157,4613189,71,-
4613276,4613308,59,-
4615011,4615032,49,+
4615285,4615315,60,+
4616638,4616672,57,+
4622967,4622999,76,-
4625881,4625898,69,-
4626288,4626330,52,-
4627963,4627992,58,+
4633179,4633220,57,-
4634089,4634120,50,-
4643857,4643876,47,-
4644934,4644974,52,-
4645811,4645844,64,-
4646743,4646779,61,+
4654467,4654492,88,-
4661407,4661443,56,-
4663209,4663230,49,-
4666466,4666485,49,-
4668320,4668358,55,-
4668429,4668454,67,-
4672233,4672249,70,-
4672495,4672525,62,-
4672750,4672772,61,+
4675215,4675235,48,-
4677002,4677035,62,-
4679424,4679459,57,-
4680255,4680273,50,-
4681500,4681539,53,-
4682689,4682714,57,-
4683983,4684017,65,-
4689125,4689152,57,-
4692294,4692330,54,+
4694725,4694754,86,-
4694832,4694863,63,-
4694901,4694929,52,-
4695167,4695192,86,-
4696001,4696021,48,-
4706754,4706789,61,+
4709326,4709357,52,-
4710066,4710104,62,+
4710489,4710521,54,-
4710584,4710622,70,+
4711553,4711590,62,-
4717286,4717319,47,-
4718038,4718063,57,+
4720968,4720991,60,+
4733503,4733547,49,-
4733900,4733923,48,+
4740038,4740069,50,-
4740597,4740631,68,+
4741966,4742001,94,-
4743029,4743074,53,+
4743831,4743850,49,+
4757378,4757397,51,-
4759740,4759765,47,+
4760200,4760233,48,+
4760588,4760612,48,+
4760823,4760844,52,+
4761777,4761799,48,+
4762622,4762644,48,-
4764228,4764260,49,-
4764542,4764559,50,-
4771760,4771785,57,+
