start,end,score,strand
2441,2468,55,+
2977,3014,57,+
7172,7198,56,+
7781,7818,58,-
10161,10190,57,-
13443,13463,47,-
14728,14749,49,+
16163,16186,48,+
19164,19189,57,+
21119,21145,56,+
22452,22472,49,+
25044,25086,53,+
33694,33736,55,-
33870,33911,55,-
39152,39184,71,+
42078,42099,63,-
42170,42189,49,+
45530,45560,64,+
46565,46581,52,+
46851,46875,59,+
47742,47764,61,-
48698,48729,52,+
49050,49073,89,+
52497,52520,48,-
54929,54958,55,+
55406,55431,47,-
55560,55580,47,-
70596,70619,48,-
70940,70969,51,+
71167,71197,62,+
71892,71911,49,+
75050,75089,58,+
83615,83639,71,-
85713,85730,50,+
85911,85933,51,-
87612,87634,61,-
88345,88373,54,+
89827,89862,62,+
91349,91376,55,-
91523,91542,66,+
91627,91659,49,-
94775,94805,51,-
94978,95005,68,+
96073,96096,61,+
98962,98992,51,+
100155,100178,61,+
101269,101295,66,-
101513,101532,49,-
102138,102158,47,+
102381,102409,54,+
102830,102853,60,+
103019,103056,54,+
105805,105832,55,+
106184,106229,53,+
106517,106540,60,-
107231,107266,56,-
107447,107470,49,+
111856,111893,58,-
112030,112059,52,+
112460,112491,60,-
113706,113744,69,+
117578,117596,50,-
118398,118431,65,+
118775,118800,86,-
120906,120941,62,-
121386,121428,68,+
122138,122159,63,-
122539,122562,50,+
122656,122685,67,-
122870,122904,48,+
123085,123104,49,-
123131,123175,65,+
123629,123647,49,-
124451,124476,57,-
125401,125443,55,+
125645,125671,56,-
125700,125720,51,+
125757,125788,50,-
128552,128596,52,+
130145,130181,53,+
130236,130266,65,-
130631,130662,64,+
133638,133667,52,+
133843,133860,52,+
133889,133905,53,+
134110,134146,58,-
135317,135346,67,+
136848,136866,49,-
136995,137034,59,+
137280,137315,58,-
138211,138234,69,+
139835,139880,52,-
145369,145396,55,-
148107,148139,60,-
148330,148350,51,+
148527,148562,59,+
149683,149716,47,-
155979,156013,59,+
157017,157053,58,-
157396,157422,56,-
160559,160580,51,-
160861,160892,50,-
162548,162571,49,+
162893,162926,48,+
163635,163665,62,+
166127,166152,57,+
167552,167575,49,+
167856,167874,67,+
167893,167914,51,+
168086,168122,70,+
168474,168505,50,-
169109,169135,56,-
169152,169177,60,+
169212,169247,62,+
169499,169530,67,+
172901,172921,64,+
176332,176367,58,+
176794,176826,57,-
176855,176875,64,-
178453,178486,67,+
179258,179281,60,-
179340,179360,64,-
179364,179408,54,+
180892,180911,47,+
181824,181852,54,+
182264,182293,63,+
182388,182422,47,+
182575,182609,48,+
184083,184112,68,+
185566,185599,51,-
186786,186807,49,-
187093,187118,57,-
187741,187783,52,+
190264,190283,47,+
194620,194650,51,+
202298,202317,47,+
202905,202939,56,+
203505,203543,59,+
203983,204020,59,-
205418,205448,65,+
208516,208535,66,+
209787,209823,62,+
212030,212053,60,-
212435,212460,57,-
214809,214834,57,+
216620,216649,66,+
217665,217689,58,+
218635,218657,51,+
219136,219182,63,+
224314,224349,50,+
225231,225258,55,-
228771,228789,67,+
234182,234218,48,+
234865,234897,64,-
235647,235669,70,-
236050,236074,48,+
236592,236616,59,+
238930,238962,49,-
239244,239273,52,+
240822,240853,50,+
241004,241049,48,-
243985,244015,51,+
244206,244245,53,+
246140,246172,59,+
248952,248997,95,-
249718,249745,71,+
268326,268367,57,+
279578,279608,57,+
279869,279911,55,+
282020,282040,49,+
283293,283316,49,-
285851,285880,65,+
293395,293434,53,+
293671,293689,50,+
297234,297258,48,+
297760,297786,68,+
300141,300165,69,+
301252,301292,55,+
304984,305023,73,+
309451,309500,88,-
312669,312696,69,+
314875,314911,55,-
316824,316844,49,-
317401,317424,48,+
317492,317537,48,-
318019,318053,64,-
319481,319499,49,+
322621,322648,69,+
323089,323109,48,+
323476,323498,49,-
323641,323681,53,+
323893,323935,55,-
324585,324605,64,-
327242,327265,50,-
327523,327554,54,+
328556,328578,62,-
328679,328715,47,-
332181,332202,48,+
332350,332386,61,+
333818,333842,48,+
334683,334710,53,+
339666,339684,67,-
341054,341073,51,-
348200,348220,51,-
348364,348391,57,+
353134,353178,88,-
354820,354864,51,+
355970,355994,69,+
356529,356558,64,+
356730,356755,70,+
359901,359920,49,-
360920,360951,57,-
361875,361898,50,+
368150,368176,56,-
368592,368619,55,-
370650,370672,107,+
371135,371150,53,+
371675,371694,47,+
371829,371847,49,-
371957,371988,65,+
372089,372115,56,+
372945,372972,66,+
373846,373878,49,+
376926,376958,105,+
377885,377908,78,+
378614,378661,49,-
379530,379552,70,+
379585,379605,48,-
379608,379624,52,+
380857,380900,52,+
384889,384916,60,+
385189,385216,83,+
385579,385600,63,-
385841,385888,49,+
387008,387044,55,+
388162,388201,53,+
389270,389298,69,-
389456,389490,63,+
389580,389623,55,+
390184,390208,86,-
390424,390447,48,-
390863,390896,62,-
392078,392110,104,+
392670,392701,59,-
394451,394494,50,+
395930,395958,63,+
406393,406414,48,+
406795,406828,62,-
406864,406895,50,+
409465,409504,58,+
410737,410766,69,+
410986,411015,52,+
411337,411375,55,-
412839,412871,57,+
413393,413442,48,+
413470,413496,56,+
413758,413791,64,+
413821,413855,55,+
416249,416285,108,+
416373,416404,68,+
419151,419197,50,+
419712,419731,47,-
419878,419897,56,+
420008,420045,64,+
420208,420244,61,-
420651,420674,63,+
421223,421247,59,-
424042,424071,86,+
424120,424138,51,+
424747,424773,56,-
426558,426603,47,+
426880,426904,89,+
428225,428265,57,+
428376,428396,48,+
429374,429409,61,-
431600,431619,49,+
433532,433549,52,+
434669,434700,65,+
438297,438332,47,-
438792,438814,61,+
439799,439830,67,+
440090,440120,70,+
440745,440793,47,-
441014,441056,50,-
441384,441419,56,+
441522,441553,64,+
443548,443580,65,+
444382,444408,56,+
444803,444827,48,+
445593,445617,48,+
447482,447504,49,+
447715,447735,47,+
449489,449520,52,+
450576,450608,62,-
451226,451254,54,+
451486,451518,65,+
451603,451637,51,+
451801,451829,54,+
452136,452172,75,+
453600,453620,48,+
455521,455545,69,+
455757,455792,62,-
456085,456103,49,-
456273,456292,47,+
456760,456789,55,+
457194,457231,56,+
457941,457962,49,+
459058,459096,57,-
459135,459162,70,+
459719,459736,50,+
462543,462569,69,+
463344,463373,65,+
464363,464397,55,+
468473,468508,62,+
468559,468575,52,+
477618,477648,65,+
478443,478462,66,+
481641,481657,52,-
484586,484627,57,+
484678,484706,57,+
484800,484823,48,+
484860,484885,58,+
485760,485800,57,+
486890,486917,66,-
486942,486967,56,-
487118,487154,54,-
489992,490019,71,+
490861,490890,58,+
491019,491038,52,+
491055,491087,68,+
491255,491284,80,-
491907,491928,48,-
493361,493390,54,+
495686,495729,48,-
496402,496421,66,-
497287,497316,60,-
501036,501064,61,+
504997,505043,77,+
510254,510277,60,-
511121,511149,66,+
513858,513893,58,+
514906,514926,49,+
515689,515719,68,+
516202,516229,69,-
516780,516809,61,-
517932,517965,51,+
518301,518330,52,+
520110,520140,51,+
522312,522329,50,+
522845,522873,54,+
524436,524469,50,+
527321,527345,76,+
528546,528565,66,-
531763,531781,50,+
535279,535304,84,+
537687,537714,55,+
538019,538038,49,+
538553,538586,52,+
538903,538932,66,+
539640,539670,79,+
543842,543872,57,+
547351,547395,48,-
550077,550121,52,+
553652,553697,49,+
555193,555218,47,+
558905,558929,91,+
560746,560777,67,+
560839,560875,62,+
563184,563219,75,+
564370,564410,58,+
566809,566841,94,+
567385,567434,47,-
572813,572858,50,-
576316,576357,58,-
576381,576404,60,-
577661,577693,57,+
580274,580299,57,+
582023,582062,50,-
582688,582707,49,+
583944,583960,53,-
586259,586305,50,+
588870,588887,50,+
591322,591354,49,+
594863,594905,55,+
596396,596426,63,+
597319,597338,49,+
599004,599047,83,+
601600,601640,58,+
602001,602042,54,+
603091,603121,79,+
603825,603862,47,-
604599,604640,48,-
605787,605811,59,+
611255,611294,53,+
612108,612131,50,-
615216,615252,48,+
617721,617753,54,+
617863,617883,47,-
618359,618389,52,+
619574,619617,52,-
620690,620737,47,+
621468,621512,52,+
635523,635564,81,+
638359,638401,50,+
638673,638712,57,+
644993,645023,59,+
645050,645067,52,+
645855,645877,48,-
648374,648401,55,+
648436,648478,50,+
650346,650362,52,+
658717,658749,75,-
663794,663839,48,+
664403,664450,104,+
665542,665559,52,-
665650,665675,57,-
665701,665736,60,+
668597,668636,50,+
668782,668826,47,-
669218,669241,48,+
671121,671158,55,-
672175,672218,50,+
673470,673501,61,-
673513,673539,56,-
675713,675747,56,-
678240,678257,52,+
678541,678572,48,-
681284,681322,114,-
682004,682035,55,-
688664,688695,48,+
698969,699000,77,+
701942,701972,52,+
702101,702149,62,+
702176,702209,62,+
704847,704883,56,+
706724,706750,56,-
707531,707554,50,-
707613,707639,66,+
707661,707697,76,+
708594,708631,53,-
708634,708670,48,+
709094,709114,51,-
710676,710717,53,+
711997,712027,55,+
712502,712535,60,-
713021,713054,60,+
713293,713318,47,+
713530,713557,66,+
713999,714015,52,+
714046,714066,47,-
714672,714694,61,+
715965,716004,49,+
717080,717104,59,-
719542,719578,55,+
720235,720255,47,+
721814,721833,66,+
721961,721978,50,-
722224,722260,56,-
723208,723241,58,+
723471,723490,49,+
724045,724072,58,-
724749,724775,56,-
725042,725083,54,+
726986,727020,56,+
727242,727274,59,+
729871,729896,86,+
729978,729997,49,+
730021,730041,47,+
730402,730437,58,+
731827,731869,54,-
732948,732981,62,+
733820,733855,57,+
734434,734454,47,+
735303,735339,51,-
740832,740879,49,-
741697,741734,60,+
746023,746057,65,+
746193,746225,49,-
755344,755369,67,+
755492,755523,54,+
759667,759700,52,-
760461,760493,49,-
762832,762867,59,+
763761,763796,60,+
764652,764681,52,+
765634,765673,57,+
766992,767028,47,+
767159,767178,49,+
767877,767906,52,-
769050,769075,47,+
769268,769288,47,+
770638,770665,55,+
770775,770814,50,+
771099,771126,55,+
771663,771697,54,+
772123,772152,52,-
772869,772892,61,+
773204,773227,48,-
773466,773491,57,+
774888,774909,52,+
774939,774970,52,+
775192,775223,76,+
776300,776326,56,-
776716,776756,53,+
776947,776988,82,+
777038,777075,51,+
778227,778265,74,+
778417,778433,52,+
778977,778997,64,+
779091,779116,67,+
779717,779734,69,+
780076,780123,47,+
785068,785100,65,+
785149,785184,61,+
785289,785316,55,+
787663,787703,114,+
790600,790622,61,-
792429,792453,48,-
794337,794368,63,+
795336,795355,47,+
797783,797813,54,-
798507,798536,52,+
798857,798905,47,+
799000,799020,65,+
799503,799528,67,+
799948,799968,64,-
800087,800109,61,+
801441,801461,47,-
801551,801591,59,+
807953,807986,59,+
809226,809275,47,+
810187,810210,60,+
810253,810282,71,+
810290,810311,49,+
810706,810745,54,-
811545,811587,57,+
816054,816082,54,+
816331,816357,56,-
818286,818308,48,+
818997,819031,60,+
819751,819777,55,+
831737,831755,50,+
831799,831832,57,+
832668,832695,68,+
834107,834134,71,+
834182,834209,63,+
835361,835381,49,+
835705,835726,63,+
835838,835862,48,+
840593,840629,56,+
840863,840896,94,+
841289,841309,48,+
842760,842779,51,+
843859,843899,54,+
844142,844182,55,+
844643,844674,80,+
845768,845793,66,+
857916,857942,56,+
860469,860495,56,+
860681,860706,47,+
860895,860910,53,+
861229,861269,59,-
863839,863858,49,+
863918,863952,64,-
865111,865153,54,-
867293,867314,63,-
867646,867675,52,-
871522,871548,67,-
874882,874923,50,-
874971,875001,51,+
875417,875453,76,+
877923,877948,57,+
878607,878649,47,+
885631,885672,52,+
888019,888059,55,+
888493,888526,74,+
888880,888903,49,+
889317,889349,59,+
889663,889702,59,+
889854,889897,55,+
890225,890247,48,+
890296,890322,56,+
890887,890929,53,+
891497,891528,63,+
898580,898604,48,+
900063,900083,65,+
901066,901098,51,+
901619,901653,105,-
903364,903401,61,-
903953,903990,57,+
904757,904794,55,+
905417,905451,50,+
906868,906896,68,+
907625,907643,49,+
907695,907731,59,+
908053,908070,50,+
908665,908700,50,+
916051,916073,49,+
916979,917015,59,+
917252,917271,49,+
920124,920162,53,-
924107,924130,70,+
924594,924625,54,+
929657,929691,105,+
931703,931734,54,-
935841,935869,54,+
937847,937866,49,-
938732,938775,52,-
941634,941666,49,+
942249,942268,47,-
942348,942393,65,-
943203,943228,47,+
943923,943954,48,-
944604,944628,59,+
948185,948206,49,-
952177,952220,111,+
954395,954418,49,-
954555,954576,63,+
955221,955260,58,-
955507,955533,71,+
955683,955720,55,+
956008,956052,47,+
956480,956510,82,+
956979,957010,57,-
957117,957149,103,-
958663,958703,51,+
959950,959976,57,+
960745,960763,49,+
961019,961042,60,-
961394,961414,47,+
961875,961894,49,-
962741,962756,53,+
962820,962864,54,+
962945,962975,59,+
963373,963411,53,+
964204,964220,53,+
964270,964294,67,+
964858,964890,59,+
967505,967534,52,-
967595,967631,58,-
967651,967689,52,+
967785,967804,49,-
969414,969445,50,+
970036,970066,49,+
970475,970500,47,+
971202,971238,56,+
971689,971726,74,+
973680,973722,85,+
973958,973987,63,+
974082,974120,53,-
974665,974696,49,+
975203,975233,51,-
976244,976264,48,+
976852,976876,58,+
976938,976963,84,-
977197,977216,66,-
977367,977399,60,+
977564,977608,54,+
979922,979970,48,-
980415,980458,52,-
980985,981004,47,-
981777,981817,54,+
984313,984344,78,+
986206,986234,65,+
986598,986639,53,-
987424,987441,69,+
988693,988728,60,+
990289,990334,49,-
993490,993523,60,+
993687,993731,54,+
998011,998041,49,-
998116,998136,47,+
999303,999324,49,+
1000902,1000929,55,+
1003686,1003708,61,+
1006845,1006863,49,+
1007293,1007313,64,-
1009068,1009107,54,+
1011850,1011880,51,-
1012594,1012624,51,+
1013423,1013458,56,-
1013553,1013578,58,+
1014005,1014035,51,-
1014642,1014679,58,+
1015240,1015269,52,+
1015774,1015812,62,-
1016070,1016091,49,-
1016529,1016552,60,-
1016809,1016830,48,+
1017330,1017362,51,+
1017762,1017795,63,+
1018599,1018617,50,+
1019731,1019773,49,-
1021157,1021188,63,+
1021543,1021566,60,+
1021701,1021720,47,+
1022617,1022641,59,-
1022732,1022756,69,+
1022779,1022809,51,+
1023687,1023721,60,-
1024132,1024161,58,+
1024837,1024856,49,+
1024971,1024999,55,-
1030355,1030383,54,+
1031779,1031820,54,+
1033355,1033388,47,+
1034495,1034525,51,+
1035277,1035310,47,-
1036919,1036941,61,-
1039340,1039362,72,+
1040134,1040170,64,+
1040679,1040714,64,+
1043533,1043559,56,-
1043978,1044021,49,-
1045670,1045689,51,-
1046514,1046545,60,+
1051244,1051276,49,+
1054340,1054375,61,+
1063615,1063648,48,+
1072660,1072699,55,-
1073634,1073670,58,+
1074576,1074602,56,+
1083052,1083085,63,+
1083209,1083240,62,-
1083715,1083740,57,+
1084842,1084890,83,+
1087589,1087616,65,-
1089089,1089116,55,+
1090527,1090551,48,-
1092026,1092047,48,+
1092839,1092867,52,+
1094720,1094738,67,+
1096063,1096105,49,+
1099084,1099118,64,+
1099641,1099687,89,+
1099844,1099872,52,-
1100251,1100283,57,+
1102312,1102329,52,+
1102642,1102670,61,+
1104766,1104786,47,-
1105555,1105583,66,+
1106821,1106843,48,+
1106966,1107005,57,+
1109223,1109268,48,+
1111024,1111049,57,+
1112632,1112677,49,+
1114289,1114323,56,+
1115628,1115656,68,+
1116041,1116065,67,+
1118022,1118041,49,-
1118223,1118265,54,+
1119376,1119416,49,-
1120035,1120067,49,+
1120520,1120543,48,-
1121323,1121350,66,+
1121563,1121585,51,+
1122135,1122152,52,+
1122297,1122327,57,+
1123882,1123904,49,+
1124447,1124482,60,+
1124499,1124521,51,+
1126069,1126110,54,-
1126609,1126651,68,+
1127587,1127622,54,-
1128380,1128400,47,+
1129016,1129039,48,+
1129458,1129480,51,-
1130980,1131008,57,+
1131328,1131356,65,+
1133156,1133190,50,-
1133298,1133322,48,+
1133941,1133957,52,+
1134112,1134138,66,+
1134146,1134174,54,-
1134329,1134355,56,+
1136581,1136605,59,-
1137153,1137172,49,+
1139140,1139161,63,+
1140441,1140475,51,+
1141919,1141948,52,+
1147736,1147762,56,+
1152228,1152244,70,+
1153017,1153052,73,+
1153585,1153605,47,+
1153903,1153926,61,+
1154506,1154525,49,+
1155783,1155822,59,+
1156135,1156157,51,-
1156701,1156724,70,-
1158381,1158418,58,+
1158470,1158491,63,+
1158519,1158561,48,+
1158612,1158638,56,+
1158676,1158718,52,+
1159391,1159426,48,+
1159767,1159805,62,+
1161005,1161035,65,+
1161160,1161201,70,+
1167873,1167901,54,+
1168291,1168328,55,+
1170602,1170639,54,+
1171090,1171114,48,+
1172634,1172665,50,+
1173149,1173168,47,+
1173512,1173548,59,+
1177711,1177736,57,-
1178101,1178134,48,-
1182516,1182552,56,-
1183729,1183750,49,-
1193952,1193993,54,+
1194766,1194797,66,+
1195724,1195752,66,+
1195865,1195884,49,+
1195972,1196004,62,+
1196239,1196259,54,+
1196656,1196685,52,+
1201368,1201395,55,+
1201796,1201813,52,+
1202091,1202139,47,+
1202450,1202492,53,-
1204775,1204797,49,-
1205393,1205421,54,+
1209021,1209044,60,-
1211067,1211087,47,+
1213295,1213315,54,+
1215054,1215077,60,-
1217992,1218015,48,-
1218929,1218971,85,-
1219881,1219900,49,-
1220661,1220691,65,+
1221569,1221587,50,+
1221812,1221829,52,-
1222204,1222228,61,+
1222433,1222472,58,+
1223435,1223468,67,+
1224403,1224442,54,-
1224936,1224962,56,+
1227753,1227783,51,+
1232141,1232170,52,+
1234115,1234136,62,+
1234288,1234329,53,-
1237086,1237113,55,+
1238243,1238265,62,+
1238503,1238544,57,+
1239262,1239302,54,-
1244120,1244136,70,+
1244497,1244543,64,+
1246636,1246678,57,+
1246820,1246844,60,+
1246894,1246931,58,-
1247142,1247177,59,+
1247386,1247414,53,+
1247475,1247502,67,+
1247557,1247579,48,+
1249113,1249143,51,+
1249573,1249608,67,+
1250498,1250515,50,-
1250917,1250935,49,+
1251095,1251121,56,+
1251161,1251200,50,+
1251971,1251997,63,-
1252235,1252257,48,+
1253114,1253145,54,+
1255157,1255181,59,+
1256103,1256127,48,-
1259117,1259135,50,-
1259278,1259307,52,-
1260641,1260685,48,-
1261950,1261968,49,+
1262524,1262561,59,+
1262764,1262790,67,+
1263189,1263210,49,+
1263898,1263927,52,-
1264579,1264608,52,+
1264790,1264824,60,+
1265325,1265363,54,+
1265540,1265568,54,+
1266775,1266814,53,-
1268736,1268769,62,+
1269900,1269929,69,-
1269940,1269968,69,+
1273181,1273225,52,+
1273745,1273782,59,+
1275671,1275696,86,+
1276165,1276199,58,+
1276440,1276465,47,+
1276861,1276896,47,+
1277394,1277411,50,+
1277602,1277631,63,+
1277888,1277906,49,-
1279503,1279519,53,-
1279652,1279676,48,-
1280825,1280852,61,-
1284500,1284530,61,+
1285669,1285718,48,+
1287456,1287489,62,-
1288183,1288206,59,-
1289131,1289168,55,+
1292804,1292825,49,-
1294282,1294324,47,+
1297776,1297798,61,-
1301042,1301069,65,-
1302378,1302414,55,-
1302465,1302496,65,-
1305882,1305918,61,-
1306826,1306846,64,+
1307654,1307678,48,-
1309006,1309048,48,+
1310235,1310266,50,-
1310545,1310586,68,+
1312055,1312094,54,+
1312654,1312674,48,-
1312974,1313002,54,-
1316568,1316592,59,-
1316782,1316807,57,-
1317458,1317488,51,+
1321356,1321379,71,+
1322453,1322472,51,+
1322644,1322686,49,+
1323780,1323809,54,+
1327403,1327441,95,+
1328154,1328182,54,-
1328652,1328670,50,+
1328816,1328848,58,+
1330460,1330480,49,+
1335609,1335646,56,-
1336005,1336035,79,-
1336520,1336549,55,+
1337254,1337274,64,-
1337429,1337455,56,-
1341633,1341676,49,+
1341865,1341894,65,+
1352519,1352546,53,+
1353014,1353047,62,+
1353711,1353740,54,+
1353980,1354010,52,+
1356930,1356962,47,+
1358131,1358172,58,+
1359672,1359702,55,+
1364724,1364749,57,+
1369907,1369927,47,-
1374755,1374786,67,+
1376122,1376150,53,+
1377410,1377433,69,+
1377837,1377862,47,+
1378470,1378487,52,-
1380271,1380292,48,+
1381960,1381991,51,+
1382932,1382973,50,-
1383608,1383636,57,+
1385233,1385277,49,-
1385385,1385424,54,+
1385687,1385723,59,+
1386134,1386159,69,+
1386708,1386742,48,+
1389308,1389345,50,+
1389367,1389402,78,+
1390881,1390910,52,+
1391340,1391361,48,+
1394849,1394873,48,+
1395876,1395909,48,+
1396482,1396502,47,+
1397453,1397482,52,-
1397753,1397780,65,+
1397865,1397892,63,+
1399492,1399524,59,+
1399678,1399713,60,-
1401258,1401287,63,+
1401741,1401766,67,+
1402957,1402979,48,-
1403318,1403355,64,+
1403637,1403684,49,+
1403765,1403802,74,+
1403828,1403865,53,+
1404380,1404403,49,-
1404420,1404454,65,+
1405536,1405567,67,-
1405645,1405677,50,+
1407970,1407989,49,+
1408744,1408762,49,+
1408958,1408983,47,+
1409796,1409840,52,+
1410131,1410159,116,+
1411253,1411285,65,-
1411539,1411568,52,+
1411682,1411718,73,+
1412973,1412993,48,+
1414464,1414488,59,+
1415350,1415392,69,+
1416246,1416276,51,+
1418340,1418377,61,+
1418666,1418709,53,+
1419425,1419463,87,+
1421545,1421588,53,-
1424038,1424063,47,+
1424737,1424762,47,+
1425615,1425651,56,-
1427584,1427609,69,+
1432198,1432229,55,-
1433264,1433300,57,+
1435534,1435558,48,+
1436216,1436245,52,+
1441865,1441897,67,+
1447547,1447566,49,+
1449676,1449712,61,+
1449716,1449734,50,-
1451794,1451824,54,+
1455818,1455860,53,+
1456052,1456076,58,-
1457628,1457654,55,-
1458535,1458562,55,+
1459469,1459515,88,+
1460203,1460226,60,+
1460296,1460330,59,+
1460590,1460608,67,+
1460850,1460893,47,+
1461964,1461994,51,+
1464134,1464174,53,+
1464573,1464611,51,+
1465462,1465491,54,+
1466033,1466053,73,+
1466861,1466888,55,+
1467172,1467209,53,+
1469023,1469055,65,+
1469822,1469855,60,-
1471399,1471445,63,+
1471823,1471858,54,-
1472145,1472164,66,+
1472355,1472397,53,+
1472620,1472644,67,+
1474893,1474926,63,+
1475408,1475446,56,-
1476587,1476618,57,+
1478881,1478905,48,-
1480161,1480197,48,+
1480318,1480351,52,-
1481063,1481084,62,+
1486016,1486054,54,+
1488972,1489012,99,+
1490659,1490677,49,+
1491041,1491069,57,-
1492399,1492419,47,+
1494592,1494615,60,-
1494873,1494907,59,-
1497194,1497224,62,+
1497384,1497421,57,+
1498330,1498353,59,+
1498376,1498421,52,-
1498490,1498525,58,+
1503855,1503876,62,-
1509199,1509241,53,+
1510160,1510184,59,+
1510395,1510413,51,+
1512606,1512642,59,-
1515171,1515213,50,+
1515301,1515346,88,+
1515844,1515867,48,-
1515880,1515914,58,+
1517026,1517057,57,+
1517233,1517266,61,-
1517330,1517363,48,-
1520568,1520601,58,+
1522494,1522538,47,-
1523401,1523422,62,+
1526045,1526073,54,-
1527161,1527201,55,-
1529517,1529555,59,-
1530820,1530841,49,+
1531040,1531077,51,-
1531545,1531581,56,+
1531814,1531856,53,+
1532488,1532530,47,+
1532561,1532580,47,+
1537239,1537261,48,+
1537612,1537640,54,+
1539075,1539101,56,+
1539676,1539692,52,+
1540402,1540438,55,+
1540598,1540631,48,-
1540769,1540799,51,+
1541691,1541739,47,-
1541759,1541786,71,+
1542561,1542596,48,-
1542981,1542999,50,+
1543159,1543192,50,+
1543193,1543234,49,-
1543392,1543418,56,+
1543722,1543766,53,+
1543971,1544013,48,+
1544315,1544343,53,+
1545650,1545689,50,+
1548793,1548831,62,+
1549185,1549231,89,-
1550259,1550288,52,-
1550638,1550669,51,+
1551298,1551327,52,-
1552155,1552197,54,+
1553115,1553154,58,+
1554121,1554138,50,+
1555714,1555745,59,-
1556641,1556671,60,+
1561688,1561718,55,+
1565181,1565209,54,-
1565450,1565481,65,+
1565628,1565658,52,-
1568132,1568157,89,+
1569801,1569832,62,+
1570612,1570640,53,+
1573002,1573029,57,+
1573703,1573750,47,+
1574674,1574692,67,+
1574707,1574742,67,+
1574846,1574888,50,+
1576313,1576354,52,-
1577686,1577723,74,+
1577938,1577956,50,+
1578018,1578046,57,-
1579104,1579134,51,+
1579412,1579446,60,+
1584384,1584408,48,-
1584722,1584768,50,+
1585897,1585927,57,-
1591118,1591142,59,-
1591209,1591241,48,+
1591914,1591953,54,+
1592862,1592891,51,-
1595622,1595651,52,-
1595744,1595786,55,-
1595935,1595981,90,+
1597732,1597757,47,+
1600190,1600224,57,+
1606000,1606033,79,+
1607157,1607182,58,+
1607854,1607873,49,-
1608512,1608556,63,+
1610229,1610249,47,-
1610831,1610873,52,+
1613410,1613433,49,-
1613566,1613598,67,+
1613691,1613722,50,-
1614942,1614976,68,+
1615241,1615262,51,+
1617307,1617352,53,+
1618481,1618522,54,+
1618802,1618840,58,-
1619780,1619818,57,+
1620042,1620061,47,-
1620541,1620569,54,+
1629088,1629105,52,-
1640745,1640787,47,+
1644682,1644711,66,+
1647908,1647937,65,-
1652443,1652476,64,+
1653901,1653920,66,+
1654296,1654337,49,+
1654441,1654481,50,+
1654585,1654625,50,+
1655415,1655453,97,+
1655483,1655521,57,+
1657808,1657839,50,-
1658554,1658579,69,-
1661648,1661685,56,+
1661899,1661936,104,+
1668168,1668208,73,+
1673484,1673513,58,+
1673863,1673896,48,+
1674004,1674035,60,-
1674326,1674364,55,+
1674863,1674897,51,+
1678037,1678071,47,+
1680176,1680214,56,+
1681272,1681309,74,+
1681395,1681431,57,-
1682702,1682719,52,-
1683454,1683486,49,+
1683703,1683721,49,+
1684264,1684296,76,+
1686876,1686910,64,+
1691368,1691404,71,+
1693916,1693953,54,+
1694095,1694115,48,-
1697540,1697575,144,+
1697607,1697628,52,+
1699659,1699692,59,-
1699881,1699907,101,+
1703053,1703089,58,+
1703313,1703343,66,+
1704949,1704985,55,+
1705157,1705177,48,+
1706699,1706728,68,+
1707455,1707494,50,+
1708963,1708990,85,+
1709069,1709100,65,-
1710231,1710268,55,+
1712796,1712812,53,+
1713375,1713410,59,+
1714302,1714339,64,-
1714747,1714775,54,+
1715294,1715312,49,+
1716500,1716532,80,+
1718460,1718478,50,+
1720145,1720177,82,+
1721969,1722003,47,+
1723120,1723139,47,+
1723683,1723711,54,+
1723814,1723855,67,+
1724495,1724523,111,+
1724592,1724619,66,+
1725564,1725601,47,-
1725837,1725866,51,+
1727142,1727174,49,+
1727860,1727881,63,+
1727939,1727971,80,+
1728778,1728796,49,-
1730551,1730586,64,-
1730746,1730767,63,-
1730770,1730811,53,+
1731245,1731262,69,+
1731533,1731562,69,+
1731814,1731845,50,-
1732903,1732936,59,-
1737091,1737133,50,-
1737758,1737787,65,-
1738246,1738286,59,+
1738337,1738380,50,-
1739018,1739037,47,-
1739878,1739913,58,+
1739927,1739953,56,+
1740209,1740239,83,+
1740804,1740826,48,+
1742955,1742987,49,-
1743350,1743378,57,+
1744238,1744265,69,+
1745331,1745366,61,+
1746414,1746444,62,-
1746824,1746856,63,+
1747488,1747510,61,+
1747670,1747699,52,-
1748541,1748581,71,-
1748584,1748609,67,+
1749932,1749974,53,-
1752881,1752921,53,+
1753010,1753027,50,+
1753364,1753394,49,+
1753911,1753951,59,+
1759279,1759310,51,+
1761648,1761671,48,+
1762498,1762538,58,+
1762644,1762669,57,-
1762825,1762845,47,+
1764439,1764470,65,+
1765563,1765596,75,+
1765778,1765797,66,+
1768246,1768269,50,+
1768352,1768375,60,+
1768994,1769015,48,+
1771817,1771835,49,+
1781713,1781732,47,+
1782877,1782908,49,-
1783816,1783846,68,-
1784412,1784434,48,+
1789376,1789400,48,+
1790295,1790321,56,-
1791620,1791642,61,-
1791680,1791697,69,-
1793140,1793162,90,+
1793199,1793235,61,+
1798867,1798904,61,-
1800283,1800304,63,+
1804664,1804683,51,+
1805305,1805325,48,-
1805755,1805790,50,+
1806643,1806675,65,+
1809976,1809998,48,-
1810744,1810770,64,+
1810967,1810986,49,-
1811680,1811697,52,-
1812303,1812336,62,+
1813842,1813873,48,+
1813950,1813992,49,+
1814008,1814055,49,-
1815532,1815571,58,+
1815619,1815663,52,-
1816051,1816076,67,-
1816194,1816216,70,+
1818156,1818179,48,+
1819069,1819093,48,+
1819793,1819823,51,-
1820566,1820586,49,+
1821513,1821555,92,+
1821783,1821820,57,+
1822041,1822070,82,-
1822257,1822287,59,+
1827849,1827876,69,+
1828413,1828431,49,+
1828498,1828524,56,+
1828573,1828598,57,+
1828788,1828821,60,+
1830065,1830098,61,+
1831295,1831319,59,+
1833548,1833573,47,+
1834355,1834395,59,+
1835486,1835522,59,+
1836030,1836075,50,+
1836759,1836785,58,+
1842551,1842573,48,+
1846565,1846584,47,-
1847577,1847608,49,+
1850442,1850469,57,+
1851298,1851315,52,-
1851391,1851420,51,-
1852247,1852275,54,-
1855444,1855467,60,+
1858637,1858656,47,+
1859778,1859820,47,+
1860951,1860978,68,-
1861858,1861899,53,-
1861936,1861967,48,-
1862043,1862080,115,-
1862498,1862523,57,-
1863929,1863958,57,-
1864261,1864291,57,-
1864555,1864591,58,-
1865307,1865330,49,-
1865939,1865962,59,+
1866260,1866290,51,+
1866601,1866646,52,+
1867291,1867324,62,+
1868043,1868075,52,+
1871527,1871550,59,+
1872651,1872690,55,+
1873526,1873543,50,-
1873596,1873630,48,-
1874192,1874233,51,+
1874609,1874628,49,-
1874822,1874853,52,+
1875197,1875228,80,+
1875459,1875497,73,+
1875756,1875788,65,+
1876018,1876050,60,+
1876185,1876205,48,+
1876585,1876607,61,+
1877334,1877358,48,+
1877459,1877492,63,+
1877916,1877951,59,-
1878914,1878956,52,-
1879659,1879685,71,+
1880539,1880568,52,+
1881939,1881967,81,+
1883894,1883927,52,-
1886929,1886966,58,+
1887109,1887143,48,+
1887645,1887682,99,-
1890007,1890038,55,+
1890493,1890510,69,+
1893945,1893974,52,-
1896149,1896191,53,+
1896373,1896392,52,+
1898274,1898299,69,+
1898443,1898470,67,+
1898601,1898621,47,+
1899280,1899304,58,+
1899382,1899428,52,+
1899952,1899989,57,+
1900209,1900245,55,+
1900823,1900858,58,+
1901242,1901272,51,+
1901526,1901550,59,-
1901990,1902026,48,+
1903032,1903054,51,+
1903171,1903204,51,+
1904392,1904424,64,+
1906864,1906910,52,+
1907692,1907725,58,-
1910284,1910316,57,+
1911085,1911112,55,-
1911202,1911226,89,-
1911393,1911425,82,+
1912745,1912772,66,+
1916156,1916181,57,+
1917479,1917515,59,-
1925188,1925216,71,+
1926322,1926345,60,-
1926350,1926373,60,-
1926493,1926516,60,+
1928668,1928686,49,+
1929763,1929787,59,+
1930474,1930501,69,+
1931431,1931454,49,+
1931463,1931485,48,+
1931636,1931672,52,+
1932312,1932341,55,+
1934722,1934757,64,+
1935265,1935280,53,+
1947268,1947299,68,-
1950900,1950923,60,+
1957334,1957371,75,+
1957807,1957823,52,+
1957954,1957989,48,+
1960520,1960540,47,-
1960918,1960956,59,+
1964840,1964870,60,+
1965932,1965963,55,-
1967329,1967358,65,+
1967497,1967519,51,+
1970271,1970309,57,-
1974069,1974086,52,+
1977884,1977905,48,+
1980102,1980136,59,+
1980740,1980777,71,-
1981417,1981437,48,+
1982993,1983023,65,+
1983118,1983143,57,+
1985032,1985072,86,+
1988782,1988799,52,-
1989197,1989223,67,+
1989336,1989362,68,+
1989426,1989446,82,+
1989474,1989493,47,+
1994669,1994711,51,-
1996029,1996064,61,-
1996692,1996736,52,+
1997390,1997420,54,+
1998013,1998035,97,+
1998691,1998724,59,-
2001435,2001475,54,+
2001807,2001835,68,+
2003537,2003559,48,-
2003778,2003812,48,+
2004734,2004753,47,+
2004794,2004837,54,-
2004924,2004963,57,+
2006795,2006815,64,+
2008304,2008332,54,+
2008780,2008818,58,-
2009158,2009189,50,-
2009812,2009832,47,-
2014308,2014336,52,+
2015126,2015163,73,+
2018345,2018368,48,+
2019047,2019065,49,+
2019263,2019281,49,+
2019539,2019558,47,+
2021084,2021113,52,+
2022197,2022233,48,-
2022949,2022973,48,+
2022994,2023024,51,+
2023451,2023471,64,+
2023610,2023641,67,+
2027492,2027511,52,+
2028689,2028711,61,-
2029382,2029421,61,-
2030297,2030323,56,-
2030811,2030829,50,+
2032077,2032114,61,+
2033468,2033500,59,-
2033655,2033689,64,+
2038525,2038567,52,+
2046574,2046594,64,+
2048306,2048335,52,+
2048788,2048815,55,-
2049212,2049245,48,+
2050178,2050210,62,-
2054203,2054235,79,+
2056944,2056971,55,+
2057281,2057306,47,-
2058566,2058589,60,+
2060267,2060289,90,+
2060633,2060675,49,-
2061520,2061537,69,+
2062632,2062666,60,+
2067024,2067060,54,+
2067196,2067213,50,+
2068288,2068307,49,+
2068363,2068404,58,+
2068791,2068820,52,-
2068904,2068934,68,+
2069089,2069121,65,+
2069221,2069255,58,+
2069410,2069453,49,-
2069687,2069711,58,+
2070128,2070165,70,+
2070212,2070232,49,+
2070267,2070294,71,+
2070450,2070489,57,+
2070983,2071005,62,+
2071345,2071382,99,+
2072905,2072944,55,-
2073658,2073702,97,+
2074585,2074617,63,+
2086420,2086452,63,+
2087312,2087354,50,+
2089845,2089865,49,+
2090541,2090587,48,+
2093196,2093223,55,+
2093855,2093896,54,+
2097072,2097114,65,-
2100700,2100729,68,+
2103485,2103507,48,-
2104493,2104513,47,+
2105061,2105104,53,+
2106507,2106555,49,-
2107063,2107087,59,+
2107170,2107187,50,+
2107221,2107250,54,+
2108384,2108407,48,+
2109533,2109557,59,+
2112856,2112898,54,+
2113252,2113298,47,+
2113325,2113348,60,-
2113722,2113746,48,+
2114358,2114378,47,-
2118246,2118283,99,+
2119184,2119208,59,+
2119664,2119692,69,+
2120329,2120359,70,-
2121431,2121470,59,+
2123388,2123414,56,-
2125150,2125182,56,-
2125398,2125426,99,+
2126428,2126456,54,+
2127122,2127159,57,+
2127360,2127382,61,-
2127463,2127490,61,+
2127901,2127944,53,+
2128111,2128143,70,+
2128812,2128829,50,+
2129249,2129282,97,+
2130585,2130604,47,+
2130712,2130745,52,-
2132553,2132585,60,+
2133493,2133530,56,+
2135646,2135678,54,+
2136351,2136387,59,+
2136474,2136497,60,+
2137463,2137485,61,+
2139708,2139740,54,+
2143094,2143111,52,+
2144048,2144066,50,+
2144477,2144501,48,+
2145165,2145203,51,+
2146645,2146679,64,+
2147924,2147947,60,+
2147987,2148025,61,+
2149164,2149202,55,+
2150506,2150536,51,-
2151024,2151048,69,+
2151183,2151199,52,+
2152322,2152363,55,+
2152436,2152476,73,+
2152584,2152616,52,+
2153298,2153327,52,+
2156394,2156427,48,-
2156537,2156570,58,+
2157142,2157164,62,+
2159256,2159287,66,-
2159891,2159934,55,+
2162225,2162264,57,+
2163209,2163233,48,+
2164822,2164859,99,+
2165125,2165164,50,-
2165183,2165215,76,+
2165684,2165718,59,+
2165788,2165817,66,+
2166049,2166091,57,+
2166312,2166333,63,+
2166723,2166746,60,+
2167048,2167086,62,+
2167571,2167607,58,+
2167964,2168005,55,+
2168023,2168050,55,+
2168100,2168133,48,+
2168491,2168527,59,+
2169417,2169451,58,-
2169655,2169678,49,+
2170634,2170658,59,+
2171044,2171060,52,+
2171323,2171346,60,-
2172511,2172543,49,-
2173079,2173099,49,-
2173334,2173378,54,+
2173930,2173951,63,-
2178095,2178129,60,-
2178167,2178200,52,+
2179743,2179764,63,+
2179803,2179837,65,+
2181024,2181062,53,-
2188920,2188942,61,+
2189915,2189952,61,-
2190026,2190060,60,-
2191943,2191961,50,+
2192873,2192908,78,+
2197137,2197164,55,+
2197166,2197190,87,+
2197665,2197699,47,-
2197843,2197866,49,+
2198719,2198753,64,+
2199159,2199182,48,+
2200993,2201013,47,+
2202409,2202450,49,+
2202707,2202725,50,-
2203434,2203461,66,+
2204344,2204382,57,-
2213146,2213174,54,+
2216079,2216112,60,-
2217248,2217288,55,-
2217702,2217742,54,-
2217853,2217895,50,-
2218073,2218102,51,-
2218138,2218176,58,-
2221472,2221507,62,-
2222523,2222543,49,-
2224036,2224068,48,+
2224438,2224476,87,+
2225843,2225863,51,-
2226204,2226232,61,+
2230435,2230466,59,+
2231086,2231106,49,+
2232461,2232492,50,+
2234846,2234890,53,+
2235710,2235746,59,-
2236517,2236537,51,+
2238444,2238474,62,-
2240271,2240299,52,+
2240427,2240451,59,+
2240878,2240911,62,+
2241138,2241160,48,-
2243078,2243105,55,+
2243123,2243153,66,+
2243845,2243871,61,+
2246739,2246761,48,+
2246846,2246888,50,-
2252566,2252596,83,+
2256855,2256891,75,-
2257606,2257642,48,+
2257658,2257688,108,-
2258259,2258284,56,+
2260160,2260190,63,+
2266171,2266200,55,+
2267262,2267280,49,+
2268148,2268190,52,+
2268753,2268792,51,-
2269909,2269934,69,+
2271431,2271462,65,-
2275034,2275056,49,+
2275268,2275304,57,-
2276036,2276070,47,+
2285935,2285972,76,-
2288315,2288349,60,+
2290231,2290269,70,-
2290462,2290481,47,-
2291016,2291044,54,-
2297220,2297247,55,+
2302523,2302561,57,-
2307625,2307660,59,+
2312384,2312428,47,-
2315840,2315874,60,+
2317796,2317822,69,+
2318184,2318217,59,-
2318786,2318823,58,+
2318997,2319020,48,-
2319852,2319882,68,-
2323837,2323878,57,-
2325435,2325458,48,-
2326132,2326165,64,-
2326550,2326583,62,+
2327106,2327135,66,-
2328479,2328514,72,+
2329692,2329728,59,-
2330086,2330112,56,-
2332109,2332151,54,-
2332344,2332375,70,-
2334211,2334243,51,+
2334430,2334462,49,+
2334801,2334835,50,-
2335115,2335133,50,+
2336429,2336447,49,+
2337660,2337692,64,-
2337744,2337779,62,-
2338295,2338333,101,-
2340225,2340245,64,+
2340399,2340419,64,+
2341690,2341715,57,+
2344480,2344511,67,+
2348580,2348612,52,-
2348712,2348739,58,-
2352931,2352962,50,+
2354761,2354790,66,-
2356163,2356186,50,-
2359093,2359121,54,-
2361709,2361748,52,-
2364074,2364106,62,-
2364313,2364356,49,+
2367844,2367879,59,+
2369123,2369147,48,-
2369440,2369471,49,-
2369523,2369552,51,-
2370606,2370639,48,-
2370923,2370965,53,-
2373104,2373133,62,-
2374645,2374669,76,+
2375686,2375715,80,-
2378854,2378884,62,-
2378913,2378953,54,-
2379017,2379053,57,-
2380393,2380429,58,-
2382633,2382660,58,-
2386560,2386593,64,-
2386746,2386790,64,-
2387671,2387704,48,-
2388031,2388053,62,-
2388687,2388707,48,+
2392933,2392959,56,+
2398178,2398201,60,+
2398889,2398932,47,-
2398991,2399023,54,+
2401329,2401362,67,-
2404186,2404214,54,+
2404376,2404417,50,-
2408240,2408259,47,+
2408574,2408593,66,-
2410341,2410388,50,+
2411411,2411439,83,-
2412102,2412135,50,+
2412463,2412494,76,-
2412866,2412896,51,-
2413016,2413039,50,+
2413241,2413273,76,+
2415024,2415059,62,+
2415245,2415283,56,+
2415327,2415367,58,+
2416606,2416632,55,+
2417691,2417713,48,-
2417940,2417966,83,-
2418046,2418065,47,-
2421362,2421386,69,+
2421573,2421593,48,+
2424300,2424336,55,+
2429761,2429802,48,-
2429971,2430004,48,-
2431331,2431363,49,-
2433168,2433193,67,+
2433832,2433861,80,-
2434808,2434837,52,-
2439232,2439257,47,-
2441072,2441120,47,-
2441716,2441737,63,+
2443455,2443476,48,+
2445312,2445358,90,-
2445716,2445737,63,-
2446745,2446770,56,-
2448137,2448168,52,+
2451385,2451410,57,-
2451732,2451763,59,-
2453406,2453434,54,-
2455154,2455185,50,-
2458114,2458141,58,+
2465012,2465052,57,-
2466312,2466333,51,+
2467564,2467599,76,-
2467803,2467837,58,-
2468131,2468157,71,-
2471284,2471303,49,+
2475814,2475852,62,-
2476016,2476046,64,-
2476524,2476558,48,+
2478374,2478406,49,-
2478925,2478953,71,-
2479492,2479513,63,-
2479645,2479674,54,-
2495259,2495281,61,-
2496309,2496332,59,-
2501204,2501229,56,-
2501371,2501401,51,-
2503117,2503146,54,+
2504798,2504839,72,-
2505725,2505765,70,-
2507307,2507342,65,-
2508857,2508882,57,+
2509700,2509729,51,-
2509742,2509766,59,+
2510056,2510093,50,-
2512879,2512904,47,-
2513186,2513223,53,-
2514067,2514098,50,-
2514922,2514943,48,-
2515079,2515099,52,-
2516731,2516767,52,+
2517156,2517186,70,-
2517216,2517242,64,-
2517785,2517807,61,+
2518296,2518330,59,-
2519762,2519799,75,-
2520400,2520426,56,-
2520585,2520615,49,+
2521231,2521256,61,-
2522874,2522914,59,+
2523471,2523490,47,-
2525373,2525413,55,-
2528546,2528573,63,-
2529891,2529933,57,-
2537768,2537804,58,-
2543194,2543213,56,-
2544595,2544624,52,+
2544644,2544677,59,+
2545180,2545210,49,-
2546557,2546601,63,+
2546673,2546702,52,+
2546966,2546999,60,+
2548250,2548289,57,+
2552249,2552265,70,-
2552626,2552646,54,-
2553095,2553114,49,-
2554064,2554096,51,-
2554678,2554714,64,-
2555519,2555553,65,+
2562327,2562354,69,-
2562376,2562411,47,-
2563466,2563483,52,-
2563794,2563834,71,-
2564132,2564151,49,-
2564857,2564885,54,-
2565326,2565354,68,-
2566189,2566220,62,-
2567202,2567245,53,-
2567930,2567975,91,-
2568120,2568161,53,+
2568529,2568561,64,-
2569140,2569168,52,-
2570173,2570199,56,-
2570851,2570871,47,-
2571743,2571768,60,-
2572926,2572949,49,-
2574110,2574134,59,-
2574730,2574748,49,+
2574884,2574901,69,+
2575432,2575450,49,+
2577213,2577252,54,-
2578096,2578125,52,-
2578609,2578636,63,-
2580278,2580295,52,-
2582686,2582709,49,+
2583330,2583371,54,+
2593826,2593853,67,+
2596426,2596444,50,-
2596991,2597013,48,-
2604277,2604302,57,+
2609127,2609163,65,-
2614249,2614284,61,-
2615888,2615904,52,-
2618624,2618653,80,-
2620893,2620926,51,+
2620977,2621012,89,-
2621934,2621977,54,-
2623151,2623188,53,+
2623517,2623555,50,+
2623882,2623906,48,+
2628950,2628993,49,+
2630928,2630972,50,+
2631943,2631983,57,+
2633455,2633486,62,-
2633506,2633531,71,-
2633708,2633742,58,-
2633987,2634016,63,+
2634582,2634606,48,-
2635684,2635722,55,+
2635768,2635800,49,+
2636157,2636190,58,+
2637477,2637496,47,-
2637659,2637695,61,-
2638596,2638628,62,-
2638796,2638834,57,+
2642002,2642029,58,+
2642060,2642091,50,-
2642740,2642769,52,-
2643073,2643114,57,+
2643531,2643561,51,-
2643649,2643679,62,-
2643914,2643932,49,-
2643978,2643997,51,+
2644275,2644307,47,+
2644827,2644860,64,-
2645763,2645791,54,+
2646648,2646671,48,-
2652538,2652566,52,+
2652865,2652898,62,-
2652917,2652946,52,-
2653025,2653062,64,-
2656475,2656503,54,-
2656920,2656954,64,-
2657103,2657145,54,-
2658889,2658913,48,-
2659538,2659578,49,+
2660088,2660112,59,-
2661207,2661252,48,-
2663617,2663639,48,-
2664463,2664486,49,+
2664557,2664593,59,-
2665176,2665210,56,-
2665805,2665833,88,-
2666096,2666116,47,-
2666403,2666433,77,-
2666915,2666941,101,-
2667023,2667054,50,+
2668880,2668923,53,-
2671150,2671180,65,-
2671468,2671494,56,-
2674184,2674215,59,-
2675414,2675443,52,+
2681283,2681307,67,-
2681925,2681963,57,-
2683096,2683129,56,+
2683232,2683281,47,-
2684322,2684362,55,+
2687677,2687699,79,-
2688356,2688394,57,-
2689860,2689884,59,-
2691915,2691953,53,-
2695265,2695286,48,-
2695799,2695824,47,-
2696201,2696226,57,+
2696788,2696810,62,-
2698093,2698127,56,+
2698449,2698471,48,-
2699846,2699888,51,-
2701977,2702010,60,-
2702144,2702186,53,+
2702287,2702311,59,+
2706947,2706965,50,+
2709075,2709110,56,-
2714434,2714455,51,-
2715636,2715672,55,-
2717442,2717486,54,+
2718274,2718312,57,-
2718911,2718956,47,-
2719539,2719582,50,-
2722697,2722728,50,+
2722901,2722946,48,+
2724258,2724297,54,+
2725155,2725181,66,-
2725611,2725638,55,-
2726662,2726689,64,+
2727573,2727609,59,-
2727681,2727726,79,-
2728715,2728755,53,+
2729740,2729777,61,-
2729851,2729873,61,+
2729907,2729946,57,-
2732370,2732405,62,-
2733331,2733355,48,-
2734072,2734108,71,+
2735400,2735430,52,-
2743176,2743203,66,-
2750367,2750397,51,-
2750861,2750889,54,+
2754890,2754917,66,-
2755084,2755121,54,+
2761367,2761392,47,+
2765463,2765491,54,-
2765578,2765601,49,-
2766725,2766744,47,-
2767055,2767073,49,-
2768702,2768722,49,-
2771751,2771782,62,-
2773635,2773660,57,+
2773987,2774017,51,-
2774670,2774714,48,+
2774728,2774749,48,+
2776792,2776822,51,-
2777049,2777070,63,+
2784294,2784332,57,+
2786095,2786119,72,-
2786709,2786753,52,+
2787166,2787201,56,-
2788378,2788396,50,+
2788702,2788732,60,+
2791129,2791160,48,+
2795331,2795359,54,-
2795441,2795464,60,-
2796724,2796751,55,-
2796778,2796822,47,-
2797053,2797094,70,-
2797213,2797241,63,+
2797287,2797311,58,-
2802300,2802328,54,+
2802869,2802895,58,-
2806886,2806909,60,-
2810674,2810702,58,-
2810954,2810985,50,-
2811896,2811917,48,-
2812038,2812082,48,-
2814297,2814325,57,-
2815537,2815570,60,+
2815972,2816010,59,-
2817178,2817208,66,-
2817259,2817301,53,-
2817687,2817707,64,+
2822744,2822763,47,-
2823877,2823911,100,-
2824329,2824354,57,-
2824950,2824989,51,+
2825142,2825166,48,-
2825976,2826014,51,-
2826440,2826461,53,-
2826597,2826626,61,-
2828411,2828436,47,-
2834015,2834033,49,-
2837716,2837737,48,+
2842609,2842649,57,-
2843868,2843902,60,-
2844309,2844342,65,-
2844399,2844423,48,-
2844986,2845003,52,-
2850714,2850732,52,-
2855903,2855927,59,-
2857024,2857060,48,+
2857716,2857753,56,-
2859838,2859866,60,-
2860766,2860808,51,-
2864460,2864504,48,-
2870444,2870469,47,-
2871986,2872013,61,-
2873370,2873392,61,+
2875479,2875503,59,+
2875613,2875654,57,-
2876828,2876860,48,+
2877918,2877960,57,+
2878109,2878137,64,+
2880508,2880528,52,-
2881636,2881662,56,-
2882335,2882358,50,-
2882739,2882759,51,+
2885041,2885066,47,-
2887011,2887043,48,-
2890057,2890090,64,-
2893666,2893688,61,-
2894329,2894367,58,-
2895249,2895270,49,-
2895744,2895775,68,-
2896481,2896503,61,-
2896965,2897000,48,-
2897624,2897657,110,+
2898058,2898094,58,+
2898572,2898597,71,-
2898674,2898711,61,-
2902704,2902747,48,+
2906641,2906678,51,-
2909581,2909605,48,-
2912350,2912378,57,-
2913062,2913106,48,-
2913346,2913369,50,+
2914122,2914156,48,+
2916379,2916399,47,+
2919054,2919087,58,-
2919453,2919492,61,-
2919805,2919838,67,+
2919871,2919892,49,-
2919965,2920002,74,-
2920814,2920840,56,+
2920898,2920930,65,+
2921642,2921680,55,-
2922646,2922679,60,-
2923724,2923743,49,-
2925940,2925957,69,+
2929688,2929725,57,-
2932001,2932043,53,-
2934908,2934927,47,+
2935624,2935650,58,+
2937060,2937091,65,+
2938119,2938160,57,-
2939295,2939314,66,-
2939499,2939524,84,-
2940609,2940653,50,-
2941463,2941500,54,-
2942664,2942689,75,+
2943263,2943296,62,+
2943789,2943807,49,-
2945507,2945530,60,-
2946601,2946621,47,-
2946795,2946820,60,-
2949679,2949722,54,-
2950685,2950716,59,-
2951512,2951549,61,+
2954629,2954649,47,+
2960209,2960239,52,-
2960330,2960353,60,+
2960535,2960564,63,-
2960691,2960715,89,-
2960768,2960796,58,-
2962443,2962472,61,-
2969990,2970007,50,-
2971520,2971541,48,+
2972691,2972736,49,+
2973381,2973424,49,+
2973526,2973546,47,-
2974241,2974277,61,+
2974331,2974368,70,+
2975656,2975681,57,-
2979135,2979154,49,-
2981190,2981209,49,+
2981452,2981485,59,-
2984817,2984848,83,-
2984994,2985017,50,+
2987622,2987660,59,+
2988024,2988060,48,-
2988085,2988128,49,+
2994679,2994715,54,-
2997660,2997680,47,-
3000324,3000346,48,-
3000823,3000865,53,+
3002235,3002261,112,-
3005714,3005750,59,+
3007208,3007243,61,-
3009324,3009346,51,-
3010266,3010286,48,-
3010579,3010606,55,-
3011800,3011825,57,-
3012404,3012432,54,+
3016109,3016151,69,-
3016222,3016259,56,-
3017006,3017039,48,+
3017059,3017101,52,-
3017204,3017228,60,-
3018317,3018347,66,-
3018841,3018883,50,+
3020097,3020113,53,+
3020513,3020535,51,-
3023368,3023404,48,-
3024308,3024348,50,+
3031550,3031582,48,-
3050324,3050344,48,+
3051678,3051712,92,+
3056698,3056722,48,-
3062697,3062739,53,-
3063064,3063090,55,-
3064495,3064534,57,-
3067599,3067623,48,-
3073546,3073566,64,+
3075866,3075904,73,-
3076485,3076504,49,+
3077464,3077491,53,-
3077725,3077753,54,-
3079380,3079412,49,+
3086021,3086040,47,-
3086113,3086142,52,+
3089990,3090031,64,-
3090318,3090342,58,-
3091224,3091260,53,+
3092296,3092324,67,-
3093058,3093087,52,-
3093653,3093677,69,+
3093885,3093919,56,-
3095578,3095603,58,-
3096079,3096101,51,-
3096562,3096600,54,-
3096634,3096661,55,-
3098772,3098807,61,-
3102143,3102168,68,-
3103384,3103417,52,-
3104121,3104158,50,-
3108539,3108556,52,-
3108853,3108872,52,-
3108881,3108912,59,-
3109021,3109048,55,-
3109347,3109384,55,-
3109577,3109607,60,-
3113891,3113927,58,-
3114578,3114596,49,-
3115576,3115620,48,+
3116768,3116803,50,-
3117584,3117603,66,-
3118526,3118562,54,+
3118935,3118962,55,-
3119181,3119199,67,-
3119537,3119555,50,-
3121005,3121037,63,-
3121633,3121657,59,-
3121746,3121768,61,-
3122150,3122175,68,-
3122636,3122656,64,-
3124025,3124063,55,-
3124066,3124086,64,+
3128757,3128780,89,-
3139508,3139532,59,-
3139952,3139982,54,-
3140003,3140051,62,-
3142948,3142991,50,-
3143468,3143485,50,-
3144132,3144149,52,-
3149705,3149726,49,-
3151497,3151527,55,-
3152003,3152032,52,-
3153471,3153491,47,-
3153585,3153602,50,-
3154101,3154127,91,-
3155032,3155053,63,-
3156456,3156475,49,-
3157487,3157524,61,+
3157901,3157943,47,-
3158322,3158353,59,-
3158474,3158506,80,-
3159422,3159443,63,-
3163133,3163175,55,-
3163197,3163230,56,-
3165325,3165342,50,-
3166390,3166410,47,-
3167775,3167796,63,-
3168359,3168378,49,-
3168648,3168672,58,-
3168926,3168966,55,-
3170615,3170635,47,+
3170655,3170694,73,-
3172245,3172275,65,-
3173059,3173092,62,+
3175962,3175999,47,-
3177081,3177103,48,+
3177173,3177212,55,-
3177416,3177457,50,-
3177557,3177584,55,-
3178297,3178316,47,-
3179838,3179861,50,-
3181026,3181070,52,-
3182637,3182656,49,-
3183698,3183737,54,-
3183982,3183999,52,-
3184093,3184133,51,+
3184402,3184436,58,-
3185045,3185084,53,-
3186733,3186765,104,-
3189931,3189964,57,+
3191125,3191150,47,+
3193624,3193668,49,-
3193837,3193876,53,-
3194145,3194165,47,-
3194649,3194679,85,-
3195386,3195415,68,-
3196957,3196983,56,-
3197546,3197574,54,+
3199561,3199590,52,-
3199785,3199810,57,-
3200129,3200166,54,+
3200207,3200235,54,-
3200471,3200499,86,-
3200952,3200978,66,+
3201184,3201205,63,-
3201546,3201573,55,-
3201896,3201915,47,-
3203770,3203800,55,-
3203850,3203880,60,+
3204404,3204421,52,+
3205658,3205676,52,-
3206506,3206540,59,-
3206985,3207015,49,+
3207176,3207194,50,+
3207245,3207264,47,-
3207755,3207791,99,-
3209733,3209765,68,+
3211989,3212019,51,-
3212080,3212123,108,-
3212766,3212786,49,-
3213283,3213316,55,-
3214165,3214183,50,-
3214383,3214421,54,+
3214843,3214868,57,-
3215842,3215871,52,+
3216647,3216686,53,-
3216947,3216971,59,-
3217501,3217529,68,-
3218281,3218300,66,-
3218438,3218482,53,+
3218705,3218729,59,-
3218935,3218965,67,-
3219099,3219131,54,+
3220854,3220884,54,-
3221230,3221248,51,-
3221366,3221386,64,-
3221864,3221903,55,-
3222053,3222090,59,-
3223681,3223716,61,-
3230714,3230734,47,-
3232243,3232278,75,-
3233125,3233149,69,+
3234706,3234731,57,-
3235062,3235093,60,-
3235332,3235372,85,-
3235429,3235455,68,-
3235973,3235993,51,-
3236043,3236072,70,-
3236123,3236140,50,+
3237583,3237599,70,-
3239223,3239243,47,-
3243401,3243424,50,-
3246877,3246904,69,+
3247591,3247628,74,-
3248343,3248374,49,+
3248635,3248674,73,+
3249067,3249097,51,-
3251868,3251900,50,+
3253114,3253145,65,-
3253180,3253219,57,-
3253481,3253529,49,+
3253540,3253565,56,-
3254193,3254226,67,-
3255286,3255306,51,+
3256266,3256287,51,-
3256612,3256633,63,-
3257370,3257416,52,-
3258916,3258946,51,+
3261540,3261577,55,-
3262036,3262059,87,-
3263846,3263891,50,-
3264000,3264017,50,+
3266433,3266450,50,-
3267071,3267099,57,-
3267105,3267133,69,-
3269752,3269787,78,-
3274304,3274336,49,-
3279513,3279530,50,-
3279565,3279609,47,-
3281560,3281599,54,+
3283377,3283403,56,-
3283623,3283652,52,-
3286103,3286122,47,-
3288294,3288315,51,+
3288379,3288420,49,+
3288497,3288530,80,-
3290709,3290740,78,-
3290779,3290814,65,-
3292983,3293022,53,+
3297782,3297825,49,-
3300905,3300944,55,-
3301757,3301800,50,-
3301901,3301928,66,-
3303488,3303512,59,-
3304550,3304589,57,-
3304610,3304649,54,-
3304847,3304871,89,-
3305519,3305556,47,-
3305912,3305937,47,-
3306521,3306538,50,+
3307977,3308004,60,+
3308147,3308183,58,+
3308547,3308575,65,-
3308638,3308661,69,-
3308786,3308819,52,+
3311172,3311192,49,-
3311445,3311485,53,-
3312074,3312106,63,-
3312882,3312912,65,-
3313800,3313826,68,-
3314087,3314124,58,-
3317764,3317783,52,+
3319652,3319688,52,+
3320039,3320059,64,-
3320450,3320479,51,-
3320498,3320520,48,-
3324146,3324164,49,-
3328109,3328134,57,-
3328593,3328617,58,+
3330472,3330512,59,+
3331043,3331063,47,-
3331954,3331980,68,-
3332059,3332092,52,+
3333055,3333083,52,+
3333428,3333453,67,-
3333638,3333664,56,-
3335150,3335170,51,-
3336803,3336832,65,-
3336880,3336904,48,-
3336906,3336923,50,+
3341922,3341944,48,-
3343466,3343482,52,-
3346302,3346328,56,-
3347975,3348007,107,-
3348089,3348112,60,-
3348654,3348671,50,-
3349398,3349415,50,-
3349927,3349953,85,-
3351098,3351116,49,-
3355450,3355480,51,+
3359402,3359421,49,+
3359842,3359880,54,-
3359976,3359999,60,+
3361544,3361566,61,-
3362482,3362500,50,+
3364102,3364134,49,-
3364488,3364521,64,-
3366084,3366129,92,-
3367718,3367742,71,+
3368224,3368256,66,-
3369224,3369257,60,+
3370426,3370444,49,+
3371329,3371347,50,-
3371450,3371479,82,-
3372093,3372130,62,+
3374602,3374645,55,-
3374758,3374784,68,-
3374822,3374859,75,-
3375915,3375943,60,+
3376074,3376115,53,-
3376182,3376216,62,-
3376501,3376545,52,+
3379282,3379301,49,-
3380469,3380500,77,-
3382273,3382302,68,-
3384267,3384290,49,+
3384334,3384364,54,-
3384634,3384674,57,-
3386543,3386592,47,-
3388972,3388999,58,-
3389497,3389523,56,+
3390254,3390276,61,-
3392328,3392363,55,-
3393497,3393525,58,+
3393662,3393710,47,-
3395825,3395865,55,-
3396019,3396056,56,-
3396188,3396219,71,+
3398244,3398268,63,-
3399180,3399215,55,-
3399617,3399660,49,+
3399724,3399740,70,+
3400837,3400870,48,-
3401354,3401389,54,-
3402662,3402681,47,-
3403628,3403652,59,+
3406289,3406328,52,-
3407207,3407230,50,+
3407678,3407708,59,-
3407841,3407871,62,+
3408004,3408034,49,-
3408087,3408108,63,+
3408626,3408659,62,-
3409266,3409303,74,-
3409513,3409551,55,+
3412684,3412711,55,-
3413542,3413568,56,-
3416464,3416482,49,+
3420014,3420042,68,-
3420810,3420855,48,-
3421500,3421529,85,-
3422823,3422865,50,+
3422920,3422954,64,+
3424969,3424991,48,-
3425149,3425170,63,+
3428638,3428673,61,-
3428872,3428916,54,-
3431558,3431597,51,-
3434354,3434381,72,-
3435990,3436010,49,-
3436323,3436349,56,-
3438495,3438523,54,-
3438999,3439035,48,-
3439065,3439098,51,+
3440555,3440578,48,-
3440894,3440932,54,-
3442447,3442470,60,-
3444798,3444834,59,-
3445782,3445799,52,-
3446205,3446238,56,-
3448962,3448991,57,-
3449417,3449447,55,-
3449782,3449804,79,-
3451000,3451021,48,-
3452043,3452064,63,-
3452224,3452253,52,+
3455800,3455823,78,+
3457462,3457497,65,-
3457855,3457894,51,-
3458244,3458272,64,-
3461668,3461694,56,+
3462517,3462556,98,+
3463113,3463138,57,+
3463741,3463771,62,+
3463829,3463868,58,+
3464436,3464463,66,+
3467655,3467676,63,-
3467893,3467919,66,-
3468594,3468611,52,-
3477082,3477114,62,-
3478053,3478084,57,+
3483907,3483947,53,-
3484410,3484440,68,-
3491696,3491726,57,+
3494814,3494847,75,+
3495383,3495416,65,-
3496915,3496948,64,-
3497108,3497137,52,-
3497584,3497601,50,-
3498100,3498139,73,-
3498315,3498354,50,-
3498403,3498436,52,-
3499113,3499136,49,-
3501112,3501132,47,+
3505223,3505252,66,-
3506920,3506945,47,-
3509210,3509249,48,+
3514210,3514241,50,-
3525064,3525087,60,-
3525239,3525269,66,+
3527349,3527376,55,-
3535406,3535432,69,-
3536050,3536073,60,-
3536156,3536179,50,-
3539971,3540008,54,-
3540272,3540303,65,+
3541091,3541110,56,-
3541424,3541459,62,-
3541663,3541683,49,+
3542220,3542248,65,+
3542324,3542346,51,-
3543056,3543103,79,+
3546392,3546432,144,-
3546779,3546806,55,-
3547858,3547881,60,-
3548131,3548164,59,-
3548197,3548213,70,-
3548723,3548751,54,+
3548824,3548846,51,+
3549123,3549157,48,-
3549471,3549491,51,+
3551075,3551103,54,-
3551131,3551150,47,+
3552357,3552379,51,-
3552760,3552801,58,+
3555430,3555463,75,+
3555661,3555687,57,-
3557591,3557616,69,+
3560268,3560305,62,-
3562252,3562276,60,-
3563045,3563074,52,+
3563562,3563601,69,-
3567011,3567040,60,+
3567726,3567762,52,-
3569277,3569322,48,+
3569378,3569403,56,-
3570930,3570966,61,+
3571285,3571328,52,-
3572642,3572664,49,-
3572760,3572786,60,-
3575462,3575485,87,-
3577420,3577451,65,-
3577564,3577600,61,-
3577763,3577808,50,-
3578586,3578612,56,-
3579022,3579038,52,-
3580066,3580102,48,-
3580614,3580640,73,-
3581578,3581600,61,+
3581950,3581986,58,-
3583895,3583926,50,-
3584357,3584390,48,+
3584668,3584701,51,-
3585154,3585188,48,-
3586391,3586421,51,-
3588234,3588267,70,-
3590970,3590993,59,-
3591315,3591357,98,-
3593509,3593535,56,-
3594443,3594475,47,+
3595565,3595597,63,-
3595775,3595805,65,+
3597060,3597086,56,-
3598262,3598287,57,-
3598419,3598451,75,-
3599636,3599664,65,-
3600971,3601001,51,+
3601189,3601225,61,-
3603283,3603304,51,-
3604036,3604080,106,-
3604644,3604685,50,-
3604746,3604779,76,-
3605037,3605071,59,-
3605206,3605227,49,-
3606265,3606303,74,-
3607164,3607205,53,-
3608327,3608352,67,-
3609126,3609144,67,-
3609552,3609570,49,+
3611739,3611765,66,-
3611933,3611965,50,+
3614345,3614373,54,-
3614500,3614516,70,-
3615735,3615766,63,-
3615809,3615827,52,+
3616390,3616418,54,+
3616911,3616940,67,-
3617150,3617174,48,+
3617622,3617656,79,-
3618000,3618023,48,+
3618154,3618195,49,-
3618462,3618496,51,-
3620026,3620056,51,+
3620288,3620314,57,-
3620362,3620387,57,-
3620408,3620432,59,-
3621231,3621249,50,-
3621784,3621802,49,-
3621984,3622010,56,+
3622123,3622160,55,+
3622300,3622323,48,-
3623478,3623525,76,-
3623742,3623773,50,-
3624049,3624085,61,-
3624426,3624445,49,-
3624749,3624784,74,-
3626453,3626473,47,+
3626837,3626857,64,+
3628630,3628663,62,-
3628839,3628868,64,+
3629122,3629167,92,-
3630498,3630519,48,-
3630892,3630921,52,-
3632294,3632324,49,-
3636171,3636191,49,-
3636902,3636923,48,-
3639978,3639997,49,-
3640921,3640943,64,-
3641885,3641913,52,+
3645003,3645021,52,-
3646821,3646844,60,-
3648405,3648439,56,-
3649148,3649168,47,-
3650169,3650211,52,-
3654404,3654427,60,-
3656497,3656527,67,-
3657180,3657200,51,-
3657871,3657907,65,+
3660025,3660045,47,-
3661853,3661873,47,-
3662013,3662043,51,-
3662371,3662409,54,-
3662831,3662860,51,-
3664294,3664315,63,-
3665057,3665077,51,-
3665288,3665335,92,-
3667011,3667044,52,+
3668323,3668367,48,-
3668509,3668535,55,+
3670576,3670603,72,-
3670766,3670810,53,+
3671039,3671074,59,-
3671748,3671765,50,+
3674084,3674107,50,+
3676113,3676160,49,-
3676212,3676243,51,-
3678602,3678621,47,-
3680988,3681034,48,-
3681066,3681094,54,-
3684139,3684169,66,+
3684787,3684816,111,-
3686764,3686797,62,-
3695492,3695513,51,-
3695941,3695964,49,+
3698089,3698119,51,-
3698277,3698303,56,-
3699299,3699340,53,-
3700037,3700070,60,+
3701194,3701218,48,-
3702657,3702679,61,-
3711861,3711897,48,-
3713829,3713854,66,-
3714124,3714140,52,-
3714188,3714207,49,+
3714927,3714953,56,+
3717484,3717524,54,-
3717765,3717809,48,+
3717922,3717957,54,-
3718058,3718092,59,-
3718107,3718143,64,-
3718180,3718206,66,+
3718568,3718610,49,-
3718958,3718984,56,-
3718997,3719021,48,-
3719864,3719892,69,-
3720284,3720316,49,+
3720389,3720411,48,-
3721170,3721196,73,-
3724259,3724285,56,-
3725771,3725802,93,-
3726626,3726644,67,+
3727117,3727148,48,-
3735715,3735735,51,+
3738956,3738991,57,+
3739139,3739179,53,+
3740199,3740222,59,-
3740315,3740334,47,-
3745861,3745896,47,-
3745978,3746021,53,-
3746440,3746460,47,-
3746622,3746652,66,-
3747423,3747440,69,+
3749964,3749997,52,-
3751791,3751810,66,-
3754446,3754461,72,+
3754933,3754968,56,-
3755617,3755650,51,-
3755924,3755961,47,-
3757727,3757746,66,-
3762673,3762703,65,-
3762747,3762769,48,+
3762821,3762847,56,-
3764600,3764641,50,-
3765044,3765078,64,-
3770729,3770761,62,+
3779022,3779050,63,-
3779126,3779149,48,+
3779698,3779732,50,-
3780574,3780597,60,-
3780950,3780968,52,+
3781046,3781068,61,-
3781703,3781730,55,-
3782573,3782605,78,-
3782801,3782842,51,-
3782888,3782916,81,-
3783373,3783403,66,+
3784823,3784857,55,+
3785156,3785180,48,+
3786127,3786162,62,+
3786265,3786295,96,-
3786798,3786835,47,+
3787289,3787318,70,-
3787937,3787972,50,+
3788751,3788796,49,-
3789273,3789304,60,-
3790668,3790692,48,+
3791706,3791732,56,-
3791980,3792004,58,-
3792783,3792820,52,-
3794129,3794161,57,-
3794629,3794647,49,+
3795625,3795647,61,-
3800696,3800717,62,-
3807025,3807044,56,-
3807939,3807973,61,-
3809220,3809250,67,-
3809278,3809313,73,-
3810072,3810108,54,+
3813745,3813780,61,-
3819829,3819862,60,+
3820358,3820380,48,-
3825637,3825660,60,+
3826862,3826886,59,-
3828545,3828567,48,-
3830519,3830540,48,-
3831438,3831477,57,-
3832164,3832197,58,-
3834403,3834451,49,-
3835656,3835699,47,+
3835835,3835860,57,-
3836041,3836084,49,-
3836574,3836595,48,-
3837021,3837054,62,-
3839898,3839935,47,-
3846950,3846981,50,-
3852096,3852119,49,+
3852345,3852378,60,-
3852639,3852674,57,+
3856732,3856776,49,+
3860608,3860639,60,-
3861550,3861588,56,+
3862226,3862262,54,-
3863460,3863487,55,-
3863782,3863803,73,-
3865157,3865194,58,-
3866945,3866975,51,+
3871950,3871982,60,-
3873068,3873092,48,-
3876095,3876125,61,-
3876975,3877004,51,-
3877198,3877228,68,-
3877437,3877482,52,+
3878981,3879022,52,-
3879180,3879208,71,+
3881071,3881117,49,-
3881222,3881256,50,-
3881815,3881848,75,-
3882165,3882198,47,-
3882587,3882620,48,-
3884911,3884939,69,+
3889604,3889642,51,-
3890030,3890059,57,+
3890840,3890865,57,-
3891030,3891066,48,-
3891961,3891987,56,+
3892492,3892513,48,+
3892989,3893026,73,+
3893983,3894020,59,-
3896773,3896811,73,-
3897594,3897611,50,-
3898140,3898160,48,-
3898703,3898728,61,-
3900542,3900572,62,-
3900601,3900641,49,-
3902024,3902057,64,-
3902808,3902850,57,-
3903003,3903040,57,+
3904843,3904883,49,-
3905852,3905890,57,-
3906258,3906280,48,-
3907100,3907132,49,+
3908387,3908420,50,+
3909406,3909444,55,-
3911611,3911634,60,-
3911705,3911744,55,+
3912490,3912509,49,-
3912885,3912918,64,+
3919702,3919735,51,-
3919792,3919825,48,+
3922825,3922843,49,-
3923668,3923692,48,-
3923990,3924012,48,-
3926680,3926708,54,-
3928043,3928081,54,-
3928477,3928500,60,-
3928726,3928761,76,-
3929245,3929276,65,-
3931767,3931801,50,+
3932115,3932143,83,-
3932968,3933009,52,-
3933123,3933155,49,+
3935533,3935550,52,-
3935579,3935599,47,+
3935787,3935809,48,-
3936326,3936359,52,-
3936397,3936442,49,-
3945390,3945426,47,-
3945953,3945977,59,+
3959292,3959314,61,-
3960441,3960471,68,-
3962260,3962298,54,-
3962850,3962873,48,+
3963892,3963919,55,-
3963932,3963954,49,-
3967931,3967959,54,-
3968228,3968253,58,-
3970332,3970353,49,-
3971388,3971425,56,+
3976516,3976540,48,-
3978138,3978154,70,-
3981771,3981790,47,-
3985877,3985914,62,+
3986077,3986100,61,-
3986642,3986670,52,+
3987621,3987636,53,-
3989017,3989064,49,-
3989328,3989361,61,-
3992345,3992366,63,-
3994217,3994260,53,-
3994613,3994657,54,-
3995033,3995074,50,+
3995254,3995276,48,-
3997321,3997341,54,+
4000768,4000783,53,-
4001660,4001706,47,+
4002778,4002815,58,-
4005718,4005748,79,-
4005761,4005793,49,+
4007413,4007430,52,-
4007655,4007701,47,-
4014065,4014101,62,+
4014127,4014146,49,+
4015181,4015204,49,-
4016318,4016335,52,-
4016385,4016415,85,-
4016448,4016481,47,-
4019333,4019364,62,+
4020896,4020926,63,-
4027117,4027156,55,-
4027348,4027375,55,-
4028272,4028308,54,-
4028969,4028989,51,-
4033353,4033378,69,-
4033953,4033982,52,-
4034943,4034965,62,+
4037105,4037131,56,+
4038077,4038097,64,-
4042833,4042861,80,-
4051367,4051390,60,-
4057003,4057041,61,-
4059854,4059883,52,-
4059908,4059940,63,-
4060158,4060191,59,+
4060335,4060358,72,-
4068465,4068482,50,-
4069315,4069360,50,-
4069517,4069546,55,-
4072286,4072308,61,-
4076591,4076618,55,-
4077932,4077962,61,-
4078278,4078321,81,+
4080160,4080190,63,+
4081249,4081288,54,+
4083036,4083061,47,+
4083753,4083769,70,-
4083983,4084003,47,+
4087105,4087140,47,-
4095996,4096034,55,+
4097646,4097677,55,-
4098019,4098043,67,-
4098697,4098735,55,-
4101103,4101140,54,-
4101755,4101780,60,-
4103821,4103850,52,-
4104165,4104192,68,+
4106219,4106242,61,+
4114286,4114326,57,-
4115965,4115998,52,-
4119306,4119336,51,-
4120351,4120378,55,+
4122914,4122956,50,-
4123572,4123606,60,+
4129305,4129335,68,-
4133305,4133335,49,-
4133613,4133643,51,-
4134726,4134746,47,+
4135909,4135933,48,+
4135959,4135997,54,-
4137705,4137735,66,-
4138382,4138412,51,-
4138617,4138665,47,-
4139250,4139280,65,-
4140889,4140909,47,-
4144913,4144947,67,-
4148396,4148414,67,-
4155088,4155120,76,-
4155157,4155191,55,-
4165027,4165045,49,+
4167432,4167466,58,+
4169841,4169872,60,-
4170137,4170158,49,-
4170355,4170386,67,-
4170521,4170548,72,+
4171077,4171122,49,-
4171612,4171627,53,-
4174858,4174891,62,+
4176413,4176449,58,-
4176497,4176530,62,-
4176741,4176774,67,-
4178076,4178118,50,+
4184732,4184768,61,-
4185080,4185124,52,-
4185568,4185607,55,-
4190096,4190120,48,-
4190836,4190868,59,-
4190988,4191013,67,+
4191751,4191771,64,-
4191871,4191895,59,+
4194809,4194848,53,+
4196580,4196605,66,+
4200323,4200349,58,-
4201221,4201244,59,-
4202322,4202348,68,-
4202512,4202551,54,+
4202915,4202937,61,+
4206347,4206368,51,-
4207644,4207671,66,+
4208081,4208114,60,-
4209331,4209348,69,-
4210315,4210346,62,+
4212251,4212278,55,-
4213467,4213500,78,-
4214768,4214813,48,+
4215626,4215648,48,-
4215959,4216003,54,+
4217327,4217362,61,-
4220596,4220616,54,-
4223003,4223035,59,+
4224464,4224486,48,-
4225404,4225427,60,-
4227232,4227270,54,+
4228367,4228382,53,+
4228586,4228605,49,-
4229383,4229417,51,+
4232345,4232382,47,-
4242679,4242717,50,+
4243990,4244028,57,-
4246387,4246419,48,+
4247661,4247692,60,-
4248660,4248687,70,-
4249635,4249652,50,-
4251086,4251108,48,+
4251374,4251410,58,-
4252031,4252063,71,-
4252389,4252411,61,-
4252497,4252521,58,-
4252738,4252780,55,-
4253305,4253327,61,+
4253882,4253905,49,+
4254748,4254789,49,+
4258278,4258314,88,-
4258737,4258756,66,-
4260908,4260929,63,-
4261699,4261733,51,-
4261899,4261923,67,-
4267132,4267149,50,+
4273210,4273235,66,-
4275787,4275817,82,-
4277866,4277910,53,+
4302145,4302170,61,-
4303758,4303796,55,-
4304774,4304799,66,-
4305982,4306025,53,+
4306531,4306550,47,-
4307825,4307854,52,+
4309389,4309417,52,-
4310955,4310982,72,-
4311395,4311427,49,+
4313913,4313938,57,-
4316836,4316856,51,-
4317100,4317123,48,-
4317754,4317779,47,-
4317839,4317864,57,-
4318432,4318462,70,-
4319621,4319653,52,+
4321602,4321627,91,-
4324883,4324906,60,-
4325435,4325458,69,-
4326561,4326580,47,-
4326856,4326880,59,-
4328297,4328329,49,-
4329140,4329169,79,-
4329670,4329699,83,+
4330055,4330088,48,-
4330438,4330468,52,-
4330944,4330985,55,-
4335541,4335564,59,-
4335981,4335999,50,-
4336655,4336688,48,-
4336972,4337014,55,-
4342268,4342302,60,+
4344513,4344537,64,-
4345877,4345909,54,-
4347019,4347052,48,-
4351601,4351620,47,+
4354559,4354595,54,-
4357625,4357663,53,-
4358765,4358801,55,-
4360209,4360231,61,-
4361069,4361088,47,+
4361196,4361226,62,-
4361274,4361318,52,-
4361521,4361552,60,+
4362106,4362128,49,+
4364336,4364378,52,-
4367567,4367599,59,-
4370020,4370046,66,+
4371594,4371621,81,-
4373398,4373437,57,+
4373733,4373759,56,-
4374207,4374234,53,-
4375046,4375086,54,-
4375243,4375261,67,-
4376506,4376524,51,-
4377013,4377039,66,-
4377551,4377576,56,-
4377676,4377703,68,-
4378182,4378213,50,-
4380125,4380149,58,-
4380429,4380455,56,+
4380472,4380504,49,-
4385020,4385045,67,-
4385096,4385116,64,+
4385328,4385348,47,+
4386345,4386383,55,-
4387735,4387761,56,-
4389991,4390009,49,-
4392513,4392538,47,+
4392585,4392607,61,+
4393318,4393360,70,-
4394813,4394830,50,-
4395220,4395247,58,-
4397307,4397330,70,-
4399324,4399365,53,-
4402615,4402638,49,-
4417560,4417587,66,-
4421300,4421332,49,-
4424256,4424276,49,-
4424680,4424698,49,-
4426512,4426536,59,-
4427777,4427818,54,-
4430395,4430429,62,-
4432477,4432514,58,-
4432734,4432764,62,-
4432989,4433011,61,+
4435202,4435220,67,-
4435460,4435480,48,-
4438607,4438645,51,+
4438908,4438930,51,-
4439018,4439041,48,-
4441094,4441116,51,-
4444064,4444081,50,-
4446414,4446445,63,-
4447775,4447814,53,-
4448739,4448759,47,-
4451102,4451119,50,+
4452104,4452121,50,+
4453749,4453778,70,+
4453910,4453935,63,-
4454055,4454085,52,-
4454121,4454147,56,+
4454403,4454418,53,+
4454757,4454793,47,+
4454932,4454969,61,+
4455869,4455901,49,+
4456610,4456637,69,-
4456863,4456890,55,-
4459772,4459799,57,-
4462287,4462307,47,-
4464933,4464976,48,-
4465018,4465064,47,-
4465376,4465405,97,-
4465483,4465508,84,-
4465586,4465619,64,-
4466656,4466676,48,-
4468305,4468332,68,+
4469375,4469408,59,+
4471440,4471469,58,-
4471975,4472020,52,-
4478056,4478076,64,+
4480014,4480031,52,+
4480618,4480634,52,-
4480795,4480835,54,-
4481673,4481700,81,-
4482445,4482463,52,-
4483133,4483154,48,+
4486769,4486793,59,+
4486860,4486887,55,+
4487383,4487416,47,-
4488121,4488161,54,+
4504254,4504277,60,+
4509963,4510010,48,+
4510154,4510177,48,-
4510843,4510882,50,+
4512335,4512362,57,-
4512376,4512410,60,-
4512893,4512916,60,-
4514238,4514258,47,+
4522696,4522722,56,+
4531124,4531150,56,-
4531200,4531221,52,+
4532995,4533016,63,-
4533258,4533299,51,+
4534489,4534519,51,-
4534712,4534751,54,+
4534918,4534946,54,-
4535252,4535279,66,+
4536695,4536712,50,+
4542070,4542109,51,+
