start,end,score,strand
1388,1406,49,-
3019,3046,55,+
3556,3581,57,+
5083,5112,52,-
6637,6678,55,+
14709,14732,48,+
16207,16247,57,+
16599,16631,54,-
17649,17681,59,+
20652,20676,48,+
20926,20946,49,+
22287,22305,50,-
23477,23513,62,+
32372,32397,47,+
33385,33405,49,+
34611,34638,53,-
36546,36571,57,+
37234,37264,59,+
38132,38169,54,-
40071,40107,48,-
42163,42185,49,+
42715,42751,59,+
43137,43155,49,+
43258,43294,48,-
43459,43489,52,-
44176,44192,52,+
45632,45664,49,+
46196,46230,56,-
46408,46439,52,+
49601,49627,61,-
51082,51120,54,+
52396,52441,49,+
56645,56674,70,-
58226,58250,48,+
63440,63482,47,+
66675,66708,64,+
68512,68544,52,+
69782,69800,50,+
70352,70376,59,+
72166,72202,59,+
85467,85490,60,-
89129,89162,47,+
94835,94862,81,+
95454,95485,67,-
95568,95605,55,-
96028,96060,51,-
96359,96390,52,+
98925,98960,61,-
109705,109724,49,+
110534,110559,86,+
110863,110894,63,+
110965,111001,76,+
113396,113432,54,-
116106,116148,54,-
116467,116495,55,+
117887,117924,58,+
121602,121636,65,+
122545,122571,101,+
122790,122835,52,+
123343,123362,66,+
124332,124364,63,-
126101,126124,60,-
126668,126706,55,-
127089,127122,60,+
127531,127571,50,+
127604,127629,57,+
127887,127911,48,-
128779,128818,53,+
129583,129616,62,+
130397,130415,50,+
130585,130624,55,+
131834,131877,49,+
133958,133978,48,+
136427,136449,61,-
136674,136704,62,+
140748,140773,67,+
145955,145977,48,+
149322,149354,49,+
153042,153075,59,+
154694,154719,69,+
165358,165377,47,+
167515,167553,56,+
172063,172093,62,+
173090,173114,69,+
175093,175124,50,+
178871,178895,48,-
179997,180027,63,+
181207,181242,50,-
181866,181898,62,+
182936,182978,52,+
183368,183385,69,+
184494,184521,65,+
185220,185267,47,+
186267,186299,76,+
187231,187264,65,+
188542,188573,50,-
192602,192636,57,-
193884,193924,83,-
193997,194022,57,+
194090,194115,58,+
194247,194268,49,-
195389,195411,48,+
195628,195659,84,+
195752,195779,55,+
195968,195998,62,+
196087,196119,71,+
196573,196600,55,-
197008,197025,50,-
200419,200450,60,+
200777,200813,55,+
201238,201274,59,+
201961,201996,55,+
214511,214556,49,-
222601,222641,51,+
222743,222778,50,+
225120,225151,65,+
225443,225473,62,+
225595,225635,86,+
225672,225696,48,+
226138,226165,58,+
228025,228067,70,+
229510,229556,50,+
229703,229722,66,-
233694,233722,54,+
236146,236166,47,-
242626,242671,52,+
243401,243434,48,+
244478,244500,61,+
244799,244819,47,+
245517,245543,55,-
246075,246113,54,+
246234,246252,67,+
247759,247792,67,+
248121,248154,47,+
249045,249081,54,+
251155,251201,47,-
252404,252429,61,-
253996,254023,53,+
259428,259462,51,+
260673,260702,70,+
262190,262213,48,-
262584,262602,67,+
262679,262719,55,+
264514,264552,56,+
264621,264649,54,-
264818,264843,57,-
265874,265904,62,+
266860,266890,51,+
270206,270223,50,-
272539,272575,54,+
276519,276560,53,-
296760,296790,52,+
297160,297176,52,+
298612,298646,54,+
301816,301839,96,+
301864,301889,66,-
302302,302328,56,+
307988,308034,50,-
309298,309329,59,-
310470,310493,48,+
310737,310757,51,+
311409,311443,67,+
316081,316113,49,-
316465,316506,49,+
321364,321383,47,+
321895,321932,54,-
323740,323786,52,+
326183,326224,52,-
351880,351926,52,+
353184,353215,60,-
354920,354949,65,+
359806,359837,60,+
362393,362433,51,+
365995,366012,52,-
366492,366524,61,+
369477,369509,49,+
371720,371740,47,+
372697,372715,67,+
373303,373345,50,+
374094,374113,47,-
376566,376597,50,-
378332,378368,48,-
380213,380247,47,-
381778,381801,70,+
386266,386285,49,+
387109,387143,48,-
390358,390383,67,+
392164,392184,48,+
392553,392588,65,-
392929,392961,63,+
393255,393279,48,+
395844,395871,81,-
396714,396736,61,+
396944,396963,51,-
402296,402324,65,-
403638,403665,57,+
404774,404822,47,+
411386,411415,69,+
412915,412934,51,-
413434,413454,47,+
421128,421158,55,+
422614,422632,49,+
422709,422749,53,-
422912,422935,49,+
422988,423012,48,-
424369,424413,51,+
426032,426058,85,+
427208,427230,61,+
427329,427352,48,+
431561,431596,50,+
432664,432683,52,+
434771,434796,47,+
435044,435067,49,+
436453,436502,89,+
437298,437328,66,+
439760,439790,51,+
444729,444751,48,+
454214,454243,52,+
456518,456545,69,+
456827,456850,60,+
457815,457846,59,+
460450,460481,54,-
460777,460819,53,+
461123,461166,47,-
462881,462921,53,-
463002,463040,59,-
463320,463347,85,+
463692,463728,58,+
466042,466069,99,+
467075,467107,50,+
467581,467613,64,-
470042,470071,66,+
470374,470412,54,-
471161,471187,60,+
472791,472817,56,+
472831,472863,47,+
473743,473784,53,+
474282,474324,57,+
475094,475134,55,+
475568,475609,50,+
476188,476222,51,-
477871,477902,62,+
478725,478744,66,-
479563,479585,51,+
479679,479715,76,+
480285,480309,89,+
480795,480824,52,+
482904,482937,65,+
485047,485080,62,+
485438,485458,47,+
486689,486711,61,-
487407,487425,49,+
489834,489854,47,+
493554,493582,54,+
494837,494868,54,-
498404,498433,52,+
499785,499816,55,+
500888,500920,49,+
502290,502310,64,+
502882,502926,53,+
503410,503429,47,-
503732,503766,50,+
505679,505697,50,+
506338,506358,47,+
506894,506911,50,-
508432,508466,47,+
508618,508640,49,-
509427,509452,47,+
510472,510507,59,+
510956,510989,58,-
512704,512729,57,-
516925,516957,49,-
517038,517054,52,+
518992,519023,62,-
519837,519857,48,+
520241,520264,60,-
520273,520302,63,+
520822,520857,61,-
527542,527564,61,+
529833,529868,47,-
531644,531664,51,+
532559,532601,50,-
535036,535065,66,+
535092,535128,62,+
536349,536379,51,+
544808,544828,48,+
551637,551667,51,+
552592,552616,59,+
554563,554578,53,+
558412,558440,57,+
558953,558975,48,-
559673,559699,69,+
560118,560151,62,+
560169,560213,48,+
561030,561055,47,+
561709,561744,59,+
563214,563235,48,+
563612,563639,61,+
565323,565367,52,+
565573,565593,47,+
567455,567491,55,+
568989,569013,71,+
569945,569970,57,+
571150,571181,62,-
571822,571846,63,+
571870,571897,86,+
575820,575841,64,-
576247,576280,56,-
576437,576458,48,+
576517,576553,55,-
577054,577070,53,-
577154,577193,53,+
577980,578021,58,+
581349,581379,77,-
586320,586350,57,-
586883,586907,59,+
586922,586954,62,+
587277,587297,64,+
587304,587345,54,+
588054,588098,50,+
588745,588773,69,+
589913,589943,62,+
597565,597596,62,-
602334,602365,50,-
602767,602791,48,-
604491,604524,47,-
605365,605393,55,+
608074,608104,62,+
608372,608402,60,+
608439,608462,60,-
608998,609038,53,-
612286,612311,57,+
613622,613642,47,-
613681,613716,61,+
617043,617061,50,+
620958,620987,52,+
621698,621719,48,+
629912,629938,56,+
631547,631578,62,-
632649,632684,55,-
632976,633002,56,-
636559,636587,54,-
637533,637570,47,+
638167,638190,60,-
638475,638493,50,+
639783,639818,59,-
640110,640139,52,+
640688,640717,52,+
640742,640779,47,+
641998,642018,48,+
643554,643580,56,-
643871,643894,48,-
644413,644432,51,+
644478,644503,47,+
645187,645211,48,-
645376,645393,52,-
645867,645897,51,-
650159,650191,47,+
652543,652566,49,+
652571,652589,67,+
652712,652752,58,+
653095,653120,57,-
653467,653503,55,+
654050,654086,48,+
655656,655694,55,-
656239,656272,48,+
656590,656621,50,+
657422,657455,50,+
658017,658050,60,-
658535,658560,47,+
659413,659429,52,+
660086,660108,89,+
660352,660385,78,+
660653,660687,50,-
661390,661425,50,+
661460,661491,67,+
662057,662082,69,+
662586,662616,96,-
664200,664236,59,-
667739,667765,58,+
668656,668690,92,+
668901,668922,63,+
669960,669995,58,+
670803,670823,48,+
670944,670967,60,-
672235,672275,53,+
672304,672342,61,+
672461,672491,68,+
673110,673136,56,-
673480,673499,49,-
675020,675061,47,-
676012,676043,78,+
677850,677890,52,+
678516,678533,69,+
683182,683206,48,+
683591,683620,65,-
686953,686976,49,+
688397,688420,50,+
691183,691221,54,+
691528,691558,83,+
691690,691721,55,+
691916,691963,47,+
692386,692425,53,+
696649,696669,48,-
699509,699544,52,+
702022,702059,54,+
703045,703075,51,+
708851,708869,50,+
710404,710423,51,-
710584,710613,52,-
712999,713020,48,-
716655,716691,58,+
721119,721138,47,-
724831,724861,59,+
726707,726732,47,+
728649,728668,51,+
729298,729330,49,-
731832,731859,61,+
733827,733868,51,+
734932,734967,55,+
745805,745831,55,+
746693,746740,48,+
746983,747017,50,+
747132,747165,75,+
748876,748914,55,+
751053,751097,47,-
751326,751372,48,+
754660,754693,59,+
755684,755705,48,-
755804,755825,63,-
756645,756669,59,+
758014,758046,49,-
762581,762617,59,+
763088,763126,54,+
763809,763828,66,-
764060,764097,58,+
764150,764172,61,+
764222,764243,64,+
765906,765926,48,-
766510,766542,51,+
768555,768584,52,-
769209,769248,58,-
770231,770271,50,+
773396,773434,53,-
773703,773750,47,+
773898,773938,71,+
774208,774241,62,+
775443,775474,50,+
775580,775604,59,+
776356,776394,54,+
776840,776865,56,-
777396,777419,60,-
778976,779015,59,+
783180,783201,64,+
783241,783280,55,+
783384,783410,83,+
784922,784961,57,-
785582,785600,50,+
787160,787180,48,+
788677,788694,50,-
788783,788806,49,+
789195,789222,83,+
792272,792292,64,-
792756,792788,49,-
792804,792838,59,+
792854,792873,49,-
792989,793027,58,+
793661,793687,61,+
794669,794696,69,+
796633,796664,55,+
797043,797065,62,+
797398,797424,55,+
804658,804680,48,-
804785,804808,59,-
805499,805518,56,+
806913,806940,57,+
808072,808104,49,+
808962,809002,71,+
809161,809195,60,+
813220,813252,49,-
817352,817375,49,-
820344,820374,59,+
821707,821732,88,+
822272,822295,48,+
825608,825628,48,-
826143,826173,55,+
830285,830323,59,+
833630,833661,52,-
833681,833717,76,+
834064,834102,51,+
838615,838647,56,+
838670,838712,69,-
840619,840658,50,+
843418,843453,74,+
843671,843698,57,+
844518,844545,55,+
845080,845111,55,+
845165,845210,48,+
846411,846441,80,+
849924,849966,51,+
850510,850542,60,+
855402,855432,51,-
857432,857452,47,+
859086,859112,91,+
859933,859958,47,+
860121,860140,49,+
861615,861640,47,+
862068,862101,52,-
862161,862192,67,-
862894,862919,57,-
864046,864072,67,+
864473,864491,49,+
864544,864587,49,+
866780,866816,74,+
866842,866861,49,+
868707,868742,62,+
870834,870872,56,-
871790,871819,54,+
872154,872171,50,+
875132,875157,47,-
875597,875641,49,-
879296,879320,59,-
879653,879679,56,-
879693,879720,57,+
879945,879978,60,+
882131,882160,63,+
883905,883941,64,-
885375,885413,62,+
888141,888164,69,+
894857,894886,63,+
895781,895824,49,+
895977,896005,54,+
896820,896856,61,-
897286,897330,50,+
897418,897437,66,+
899445,899480,56,+
899523,899556,58,+
904628,904665,91,-
905347,905380,59,+
910496,910536,59,+
910632,910662,66,+
910858,910894,61,-
911523,911559,75,+
914083,914122,53,+
914259,914294,57,-
915201,915220,47,+
917001,917025,59,-
918233,918253,64,+
933480,933502,49,-
940527,940560,65,+
940569,940603,55,-
946281,946314,48,+
947810,947829,66,+
950997,951021,48,-
951084,951117,78,-
952474,952494,47,-
953196,953228,49,-
955944,955963,49,+
958006,958023,52,-
962844,962882,58,-
969696,969725,63,-
970176,970207,50,-
971213,971243,57,+
971589,971629,55,-
974197,974223,66,+
976426,976453,69,+
979654,979690,102,+
980201,980237,54,+
981249,981275,56,+
983485,983505,48,+
984746,984764,49,-
986211,986237,56,+
987982,988018,76,+
988168,988203,56,+
988412,988441,51,+
988857,988877,64,+
989595,989614,47,+
990363,990391,69,-
992396,992428,60,+
993477,993505,60,+
1002567,1002604,62,+
1005309,1005330,49,+
1005632,1005667,92,+
1006177,1006212,48,+
1006384,1006425,70,+
1007174,1007209,61,+
1007898,1007915,69,+
1009419,1009448,86,+
1009592,1009617,69,-
1010029,1010061,48,+
1013671,1013688,52,+
1014462,1014495,48,-
1016077,1016097,48,+
1019376,1019393,52,+
1022069,1022093,48,-
1025463,1025493,57,+
1026796,1026832,65,+
1027586,1027627,52,+
1027860,1027886,56,+
1027946,1027986,52,+
1028259,1028300,52,-
1029825,1029856,51,+
1030614,1030648,76,+
1031289,1031315,71,+
1031614,1031638,48,-
1033454,1033488,65,+
1033636,1033665,65,+
1033857,1033883,71,+
1034583,1034629,48,+
1037148,1037184,58,-
1038005,1038045,55,-
1039844,1039866,61,+
1041605,1041634,65,+
1044375,1044402,72,+
1048396,1048423,65,+
1049104,1049134,62,+
1050097,1050116,52,-
1051277,1051315,69,+
1054262,1054292,67,+
1055716,1055749,65,+
1056195,1056221,56,+
1058298,1058332,62,+
1060458,1060497,61,-
1060976,1060996,49,+
1062208,1062249,81,-
1064558,1064591,64,+
1066453,1066471,50,+
1073679,1073722,50,+
1077031,1077049,50,+
1079483,1079531,48,-
1079590,1079628,75,+
1080327,1080367,48,+
1081055,1081077,64,+
1081479,1081504,57,+
1082312,1082337,57,+
1083978,1083996,49,+
1084284,1084319,61,+
1085980,1086004,71,+
1094926,1094945,49,-
1103008,1103040,50,-
1104386,1104422,56,-
1105159,1105205,49,+
1105276,1105318,48,+
1107585,1107606,49,-
1114117,1114141,69,+
1118225,1118271,48,+
1118795,1118812,50,+
1122256,1122289,62,+
1124423,1124464,55,+
1126255,1126283,65,+
1127657,1127688,68,+
1128520,1128552,56,+
1128877,1128920,52,+
1129564,1129583,47,+
1132357,1132397,55,+
1134470,1134503,78,+
1136137,1136169,59,+
1139806,1139842,58,+
1142693,1142732,53,+
1147273,1147316,97,+
1147397,1147419,49,+
1150947,1150987,52,-
1151670,1151706,57,-
1152050,1152078,58,+
1153231,1153274,49,-
1155997,1156037,57,+
1156748,1156764,52,+
1158020,1158047,67,+
1158905,1158928,50,+
1160003,1160041,96,+
1160107,1160151,50,+
1163841,1163881,85,+
1164948,1164981,47,-
1169952,1169990,55,-
1170959,1170983,72,-
1176606,1176646,57,-
1177162,1177202,50,+
1177322,1177353,62,+
1183389,1183415,56,+
1184003,1184035,60,+
1185719,1185739,47,+
1188190,1188218,54,-
1195899,1195942,48,+
1199901,1199930,52,-
1204162,1204187,47,+
1205858,1205880,79,+
1209989,1210020,50,+
1210459,1210482,60,+
1210744,1210791,48,+
1210927,1210955,65,+
1212527,1212551,59,+
1212636,1212658,48,+
1213716,1213745,52,+
1214359,1214394,47,+
1214660,1214687,66,+
1215342,1215368,56,-
1242692,1242723,65,+
1242944,1242965,63,+
1244116,1244142,58,+
1244166,1244187,48,+
1245294,1245331,55,-
1246891,1246915,59,-
1247933,1247959,56,-
1254977,1254998,49,-
1258426,1258463,47,+
1258865,1258901,64,+
1261557,1261587,55,+
1262851,1262889,55,+
1263514,1263559,47,+
1263949,1263972,72,+
1265374,1265403,52,+
1266867,1266905,69,+
1269727,1269756,52,-
1272753,1272789,47,+
1273175,1273198,48,-
1274922,1274964,48,-
1277779,1277807,54,+
1280318,1280338,49,+
1282273,1282291,50,-
1283491,1283526,48,+
1283905,1283926,52,+
1284891,1284917,64,+
1288511,1288541,51,-
1291235,1291253,52,+
1293147,1293171,86,-
1293268,1293298,57,-
1293389,1293437,61,-
1299777,1299795,49,-
1300563,1300587,48,+
1301646,1301665,49,+
1302941,1302975,74,+
1303222,1303256,65,-
1304256,1304273,50,+
1304888,1304907,49,+
1307784,1307817,62,+
1308409,1308439,49,+
1308502,1308539,61,-
1309211,1309237,72,-
1309727,1309749,61,-
1312820,1312844,59,-
1313776,1313795,47,+
1315623,1315659,58,+
1317450,1317478,53,+
1318061,1318080,47,-
1318479,1318515,58,+
1318963,1318985,61,-
1319329,1319357,54,+
1319374,1319412,53,-
1320705,1320739,58,+
1321470,1321509,53,+
1323740,1323765,66,+
1323907,1323935,58,-
1324279,1324315,59,-
1324975,1325006,62,+
1325490,1325526,48,+
1326095,1326126,66,+
1327438,1327464,55,-
1327535,1327561,67,-
1328316,1328338,51,-
1330304,1330329,68,+
1332952,1332973,62,+
1333072,1333102,79,+
1333341,1333360,47,-
1334264,1334283,49,+
1337119,1337161,57,+
1337244,1337276,67,+
1338665,1338691,68,+
1338727,1338756,52,+
1339236,1339265,61,-
1341370,1341407,62,-
1343057,1343100,68,-
1344252,1344282,51,-
1345301,1345331,113,+
1345812,1345829,52,-
1347997,1348029,52,+
1353169,1353192,60,+
1353874,1353893,49,+
1354394,1354422,52,-
1355709,1355727,50,-
1356999,1357031,49,-
1358291,1358323,67,+
1360036,1360066,51,-
1360771,1360793,51,-
1360946,1360978,48,+
1364520,1364543,61,+
1365765,1365785,48,-
1366202,1366231,61,+
1367364,1367406,49,+
1368291,1368312,64,+
1370271,1370305,59,+
1370877,1370912,99,+
1370923,1370955,54,+
1371987,1372011,59,-
1373833,1373858,57,+
1376460,1376501,53,-
1377152,1377168,52,+
1378689,1378711,48,+
1383735,1383759,48,+
1383807,1383837,54,+
1387264,1387297,48,+
1413995,1414022,100,+
1414027,1414054,100,+
1414059,1414091,76,+
1417265,1417285,47,+
1424294,1424314,47,+
1424393,1424416,48,+
1426350,1426373,50,+
1426500,1426520,47,+
1427720,1427743,63,+
1430544,1430567,49,+
1430594,1430634,67,+
1430704,1430738,60,+
1431561,1431597,58,+
1436114,1436155,53,+
1437564,1437589,58,+
1442262,1442298,54,+
1442354,1442376,51,+
1450380,1450414,55,+
1454613,1454632,66,+
1457105,1457132,55,+
1457850,1457882,63,-
1458918,1458935,50,+
1460243,1460261,49,+
1471049,1471080,49,+
1476047,1476066,49,+
1476630,1476655,58,+
1476881,1476908,68,+
1478317,1478352,47,+
1479580,1479624,52,+
1481097,1481129,65,+
1484140,1484162,61,-
1487116,1487154,57,+
1487212,1487238,55,+
1494308,1494329,63,-
1498659,1498682,60,-
1498875,1498905,66,-
1502143,1502183,54,-
1503667,1503694,60,-
1505183,1505219,48,+
1505849,1505870,49,+
1508013,1508033,64,+
1511259,1511291,49,-
1511687,1511727,54,+
1513600,1513620,48,-
1513750,1513796,52,+
1516015,1516031,70,+
1518370,1518407,62,-
1525737,1525761,59,-
1525814,1525832,49,+
1525848,1525876,69,+
1527120,1527156,59,+
1531413,1531454,53,+
1534533,1534553,64,+
1534561,1534586,67,-
1535078,1535094,70,+
1536498,1536514,52,+
1536869,1536885,52,+
1537469,1537493,48,+
1537523,1537549,56,+
1537602,1537637,59,+
1537889,1537922,64,+
1538237,1538262,57,+
1538849,1538883,47,+
1539906,1539930,69,-
1540829,1540859,66,+
1541125,1541164,54,-
1541342,1541380,53,-
1543145,1543173,63,+
1545901,1545939,56,+
1546100,1546124,59,-
1546449,1546468,47,-
1547391,1547426,56,+
1549040,1549070,57,+
1552605,1552633,54,+
1553691,1553716,57,+
1554342,1554370,65,+
1557103,1557142,57,-
1558710,1558743,57,+
1560243,1560266,60,+
1565333,1565366,62,+
1574260,1574288,54,+
1575582,1575607,68,+
1575822,1575843,48,+
1580139,1580184,49,-
1584438,1584474,59,+
1585000,1585034,58,+
1585661,1585682,48,+
1585906,1585953,49,+
1587116,1587136,47,-
1588280,1588308,54,+
1588357,1588399,52,+
1592864,1592900,103,+
1593572,1593596,48,+
1593666,1593701,48,+
1596929,1596968,52,+
1597988,1598014,72,+
1599519,1599548,52,-
1599833,1599868,67,+
1599979,1600006,65,+
1601587,1601620,59,+
1602027,1602062,60,-
1604091,1604116,67,+
1605527,1605559,62,+
1606072,1606108,54,+
1606352,1606382,51,+
1607721,1607763,49,-
1607829,1607863,108,+
1611038,1611073,59,+
1611217,1611253,61,+
1611588,1611619,65,-
1612151,1612183,75,+
1612819,1612837,49,+
1614898,1614919,63,+
1616419,1616455,62,-
1617722,1617759,56,+
1618379,1618414,61,-
1619971,1619997,56,+
1620501,1620550,87,+
1623384,1623404,64,+
1625407,1625431,48,+
1625764,1625797,74,+
1628977,1629015,61,+
1629165,1629194,52,+
1629461,1629504,53,+
1632453,1632477,48,+
1632974,1633015,55,+
1638253,1638278,47,+
1638724,1638749,57,+
1639964,1639986,49,+
1640854,1640876,48,+
1641165,1641198,62,+
1641264,1641296,49,+
1641360,1641395,54,+
1641679,1641708,52,+
1642955,1642995,52,-
1649773,1649802,52,+
1649831,1649852,48,-
1656199,1656218,49,-
1656758,1656796,54,+
1659011,1659041,63,+
1663266,1663287,63,-
1663470,1663491,49,+
1667446,1667473,53,+
1667795,1667813,49,-
1667955,1667993,54,-
1668566,1668594,65,-
1668847,1668870,60,+
1670418,1670449,67,+
1675457,1675484,55,+
1675991,1676010,51,+
1678528,1678576,47,+
1678721,1678765,52,-
1679061,1679097,61,-
1679301,1679346,48,+
1679707,1679748,53,+
1680250,1680288,62,+
1680950,1680985,54,-
1681272,1681291,66,+
1683047,1683067,49,+
1684926,1684942,52,+
1685399,1685422,50,-
1689948,1689975,64,+
1690759,1690801,52,+
1694685,1694720,50,+
1702680,1702711,63,+
1705126,1705143,50,-
1706274,1706314,87,+
1707412,1707431,47,+
1713479,1713500,48,+
1714361,1714405,52,-
1717498,1717530,54,+
1718411,1718430,47,-
1718439,1718478,55,+
1718694,1718712,51,+
1719596,1719641,53,+
1723673,1723704,48,+
1725274,1725305,57,+
1725709,1725745,53,-
1725868,1725906,59,+
1727698,1727720,51,+
1728770,1728789,47,-
1732542,1732570,54,-
1732813,1732834,48,+
1733480,1733504,58,-
1735019,1735056,55,+
1735188,1735211,59,+
1736739,1736784,48,-
1737040,1737072,48,-
1737206,1737226,47,+
1737435,1737477,50,+
1737684,1737706,79,+
1738124,1738161,59,-
1738548,1738576,54,+
1739055,1739087,51,+
1739148,1739177,52,-
1740009,1740036,65,+
1740508,1740542,62,+
1745527,1745548,48,-
1746630,1746655,69,+
1747931,1747968,58,-
1749881,1749909,83,+
1751138,1751166,69,+
1753222,1753261,58,+
1753874,1753895,63,+
1753980,1753998,50,+
1754215,1754230,53,+
1755720,1755737,50,+
1757439,1757466,72,+
1757770,1757800,63,+
1758326,1758346,51,+
1760664,1760688,69,+
1761420,1761440,47,-
1761929,1761953,48,+
1762056,1762092,47,+
1762389,1762432,47,+
1762894,1762930,61,+
1763125,1763149,61,+
1763303,1763345,50,+
1764425,1764446,49,+
1765852,1765880,88,+
1766155,1766195,71,+
1766596,1766617,63,-
1766793,1766816,60,-
1768116,1768135,52,+
1768243,1768271,71,+
1768358,1768400,54,+
1770325,1770341,52,+
1770834,1770874,54,+
1771489,1771513,48,+
1772873,1772909,56,+
1773028,1773053,67,+
1773096,1773116,64,-
1777412,1777453,51,+
1779221,1779251,55,+
1780112,1780131,47,-
1782790,1782828,50,-
1783016,1783050,64,+
1783206,1783225,51,-
1787721,1787748,53,+
1788159,1788176,50,+
1791124,1791156,49,+
1792410,1792430,47,+
1793899,1793933,56,-
1795516,1795542,56,+
1795596,1795624,57,-
1795845,1795868,70,+
1796456,1796487,62,+
1798068,1798104,65,+
1799478,1799512,117,+
1802376,1802399,48,+
1808064,1808093,51,+
1808464,1808484,47,+
1810319,1810348,51,-
1811508,1811548,54,+
1813368,1813394,89,+
1814234,1814252,49,-
1814738,1814756,49,+
1817196,1817218,61,+
1817335,1817368,62,+
1817410,1817432,48,-
1817461,1817479,50,+
1817763,1817796,62,+
1818614,1818632,52,+
1818729,1818761,51,-
1819841,1819860,47,+
1825685,1825723,56,+
1826465,1826484,47,+
1846634,1846660,55,+
1847976,1848001,47,+
1848088,1848119,50,-
1852950,1852991,54,+
1854041,1854074,63,+
1854249,1854287,57,+
1857765,1857792,53,-
1858452,1858496,49,-
1870490,1870525,55,-
1870884,1870908,48,+
1871100,1871122,61,-
1875276,1875299,48,+
1875954,1875982,54,-
1876205,1876224,66,+
1877174,1877206,59,+
1878786,1878814,54,-
1878918,1878961,64,-
1879668,1879695,55,+
1880048,1880072,59,+
1880639,1880667,53,-
1881188,1881224,59,+
1882849,1882875,56,-
1890023,1890040,69,+
1890517,1890534,69,-
1892431,1892448,52,+
1892602,1892643,52,+
1892670,1892687,50,+
1893234,1893267,52,+
1893493,1893513,49,+
1893691,1893715,59,+
1894226,1894272,49,-
1896827,1896846,47,+
1897616,1897655,57,+
1897677,1897709,78,+
1898509,1898527,49,-
1904406,1904443,58,+
1905633,1905659,56,-
1906117,1906136,49,+
1917532,1917555,59,+
1917953,1917985,59,+
1919654,1919680,56,-
1927599,1927627,54,+
1930073,1930114,54,-
1930140,1930181,70,-
1933216,1933233,52,+
1934147,1934167,64,+
1935345,1935371,56,+
1935603,1935636,47,-
1935763,1935786,48,+
1940332,1940371,51,+
1941646,1941686,50,-
1942675,1942700,47,-
1944758,1944777,49,+
1945929,1945953,48,+
1946145,1946174,52,+
1946906,1946944,57,+
1947173,1947202,52,+
1948629,1948654,58,-
1949152,1949184,64,+
1949738,1949759,48,+
1951506,1951537,62,+
1952841,1952869,54,+
1953659,1953687,54,+
1954684,1954725,52,-
1955352,1955387,62,+
1955437,1955461,48,+
1955750,1955780,51,+
1961412,1961435,60,+
1962820,1962840,49,+
1964709,1964728,49,+
1967422,1967443,51,+
1969214,1969251,75,-
1971019,1971040,52,+
1971044,1971089,48,-
1971105,1971138,64,-
1971158,1971188,51,-
1973061,1973088,55,-
1973554,1973574,47,-
1973970,1974006,59,+
1975103,1975122,66,-
1980470,1980497,55,+
1981339,1981358,47,+
1986760,1986789,83,+
1988148,1988167,47,+
1992585,1992608,60,+
1994635,1994664,52,+
1996937,1996985,47,+
2003146,2003166,48,+
2003815,2003854,69,+
2004148,2004168,47,-
2006497,2006538,57,-
2007619,2007653,48,+
2010072,2010096,48,+
2010577,2010606,52,-
2010734,2010762,65,+
2010967,2010987,49,+
2011860,2011881,72,+
2012376,2012393,69,-
2014709,2014755,50,+
2016023,2016056,58,+
2016674,2016696,48,-
2019553,2019582,68,-
2033187,2033216,52,+
2034894,2034925,55,-
2036205,2036236,66,+
2036440,2036460,49,-
2041742,2041778,61,+
2042637,2042654,52,+
2043151,2043177,56,-
2043351,2043374,49,-
2044571,2044600,51,+
2048368,2048407,58,+
2049513,2049539,56,+
2049753,2049773,48,+
2052455,2052492,58,+
2052821,2052852,79,+
2053107,2053145,55,+
2055562,2055611,82,+
2056924,2056941,69,-
2060107,2060124,50,-
2061589,2061612,49,-
2062450,2062484,58,+
2067250,2067275,69,+
2067419,2067445,68,+
2067577,2067597,47,+
2068932,2068969,57,+
2069745,2069777,49,+
2072040,2072076,62,+
2076047,2076074,58,+
2077497,2077523,61,-
2078994,2079034,49,-
2080628,2080668,53,+
2081958,2081990,63,+
2082139,2082163,59,+
2082659,2082704,53,+
2083355,2083384,55,-
2083448,2083468,47,+
2083672,2083696,61,-
2083807,2083843,52,-
2084065,2084098,62,+
2085030,2085050,47,-
2087764,2087799,56,+
2090905,2090933,65,+
2091956,2091989,58,-
2092185,2092217,48,+
2097604,2097643,71,+
2101540,2101566,56,+
2102521,2102547,56,-
2106757,2106784,53,-
2107286,2107317,68,-
2111848,2111870,61,+
2113093,2113110,50,+
2113176,2113198,48,-
2113482,2113500,49,-
2114017,2114046,62,+
2115193,2115213,47,+
2115372,2115411,49,-
2115431,2115458,55,+
2115802,2115843,82,+
2118829,2118854,47,+
2119676,2119695,49,-
2120550,2120572,61,+
2122215,2122254,55,+
2128200,2128232,48,+
2128487,2128507,64,+
2128637,2128679,50,+
2132060,2132086,57,-
2132700,2132727,53,+
2134625,2134650,61,+
2135267,2135304,91,-
2137241,2137261,64,+
2138264,2138293,51,+
2139667,2139683,52,+
2139725,2139749,48,+
2140393,2140431,54,-
2141794,2141810,53,+
2142114,2142160,49,+
2142775,2142807,49,+
2144076,2144105,52,+
2146773,2146792,66,+
2147363,2147390,99,+
2148256,2148297,57,+
2148326,2148349,60,-
2148362,2148391,51,+
2148819,2148842,60,+
2153872,2153892,47,+
2156336,2156364,88,+
2157268,2157309,110,+
2157693,2157709,52,+
2159597,2159629,49,-
2160196,2160223,57,-
2162331,2162362,65,+
2165547,2165570,61,-
2167168,2167199,50,+
2168435,2168462,55,+
2168602,2168634,49,+
2170009,2170045,58,+
2170255,2170278,60,+
2173598,2173620,61,+
2177439,2177458,47,+
2181522,2181557,57,+
2181753,2181791,55,+
2184471,2184508,76,+
2184630,2184668,62,+
2184869,2184897,69,+
2189044,2189072,54,-
2190606,2190635,54,+
2191644,2191682,53,+
2192369,2192415,62,+
2192693,2192723,51,+
2194521,2194564,54,+
2195738,2195761,63,+
2197423,2197463,59,+
2201203,2201224,51,-
2217984,2218014,54,+
2218346,2218385,52,+
2218623,2218644,51,+
2225525,2225562,55,+
2229389,2229408,47,+
2229458,2229500,47,+
2231087,2231114,53,+
2236009,2236027,67,+
2242530,2242571,55,+
2243101,2243132,48,+
2244713,2244732,47,+
2244862,2244882,47,+
2245056,2245077,48,+
2245291,2245329,55,-
2245578,2245611,58,-
2245799,2245825,56,-
2251058,2251098,48,-
2251743,2251772,54,+
2253720,2253740,47,+
2254646,2254677,64,+
2255048,2255083,47,+
2255172,2255205,59,-
2255407,2255440,50,-
2258119,2258149,57,+
2260063,2260086,48,+
2260941,2260986,50,+
2261571,2261589,67,+
2261862,2261900,59,+
2263631,2263662,48,+
2264312,2264336,48,-
2266209,2266228,49,+
2269832,2269875,48,+
2271684,2271704,48,+
2279253,2279270,69,-
2279273,2279290,69,-
2283649,2283684,61,+
2283755,2283774,47,-
2283956,2283978,62,+
2284425,2284450,47,-
2284838,2284880,94,+
2285628,2285666,55,-
2286050,2286090,55,+
2288433,2288453,47,+
2290237,2290268,50,+
2290883,2290919,58,+
2291754,2291799,50,+
2292092,2292112,47,+
2293346,2293376,51,+
2295336,2295369,47,-
2297187,2297216,52,+
2298233,2298267,62,-
2298487,2298527,53,-
2302736,2302776,58,+
2305001,2305020,47,+
2307876,2307916,57,-
2308113,2308160,87,+
2308522,2308560,50,+
2310404,2310431,61,+
2310483,2310515,51,+
2310527,2310548,48,-
2311072,2311091,66,+
2313603,2313634,77,+
2314062,2314101,54,+
2315337,2315366,85,+
2316777,2316797,49,+
2317306,2317337,51,+
2321635,2321664,66,+
2322553,2322600,47,-
2322836,2322855,51,+
2327706,2327749,53,+
2327826,2327858,57,+
2337008,2337047,58,+
2338396,2338421,57,+
2338699,2338738,54,+
2339933,2339968,58,+
2341653,2341692,54,-
2343955,2343974,49,+
2344964,2344988,59,+
2348132,2348159,55,+
2348418,2348437,47,+
2351071,2351109,59,+
2351339,2351372,59,+
2352159,2352193,59,+
2355144,2355163,51,+
2357915,2357954,58,+
2359138,2359162,48,+
2360359,2360397,53,-
2363848,2363876,66,+
2368577,2368599,61,-
2372759,2372785,56,-
2373897,2373944,50,-
2374494,2374515,62,+
2375849,2375881,52,+
2377697,2377727,79,+
2380114,2380141,55,-
2381107,2381152,52,+
2384324,2384343,49,-
2386229,2386257,54,+
2386792,2386811,47,+
2387004,2387042,70,+
2389645,2389675,83,-
2390356,2390386,55,-
2392159,2392184,57,+
2399557,2399582,47,+
2399606,2399644,54,+
2401014,2401041,55,+
2401345,2401373,54,+
2402224,2402241,52,+
2405044,2405080,57,+
2405292,2405314,49,-
2407390,2407422,62,-
2408884,2408904,64,+
2414130,2414162,62,-
2419131,2419159,57,-
2421670,2421695,57,+
2423354,2423385,62,+
2424210,2424236,57,-
2425273,2425295,51,-
2428981,2429009,71,-
2429425,2429455,52,-
2432971,2432990,51,-
2434439,2434457,52,-
2435233,2435255,48,-
2437855,2437888,67,-
2438890,2438920,62,-
2438938,2438958,49,-
2441807,2441849,53,-
2446946,2446977,50,-
2448265,2448282,50,-
2450046,2450083,74,-
2452374,2452401,55,+
2452594,2452612,49,-
2456297,2456341,53,-
2457463,2457491,61,-
2458596,2458624,68,-
2465416,2465442,56,-
2467766,2467801,59,-
2467894,2467936,50,-
2468230,2468260,64,-
2468521,2468564,50,-
2468746,2468773,66,-
2471733,2471757,48,-
2471946,2471969,60,-
2472652,2472681,85,-
2474892,2474920,54,-
2477390,2477423,48,-
2479180,2479229,47,+
2479767,2479797,59,-
2480939,2480971,62,+
2481979,2482000,48,+
2485752,2485798,52,-
2486484,2486518,64,-
2488396,2488425,66,-
2490008,2490026,50,+
2490133,2490164,62,-
2490598,2490628,66,-
2491601,2491631,65,-
2492816,2492863,85,-
2493163,2493198,59,+
2497976,2498015,54,-
2498364,2498402,53,+
2508788,2508829,58,-
2510564,2510583,47,+
2514574,2514612,69,-
2516164,2516192,58,-
2517287,2517329,50,-
2517805,2517828,49,-
2520839,2520888,47,+
2522801,2522822,49,+
2524759,2524778,47,-
2531506,2531551,49,-
2532209,2532241,51,-
2534063,2534092,69,+
2536325,2536360,50,-
2537400,2537420,64,-
2540197,2540226,55,+
2542259,2542291,48,-
2543686,2543709,78,-
2544640,2544666,57,-
2545073,2545095,48,+
2547026,2547051,47,-
2548926,2548952,66,-
2552266,2552308,52,+
2554287,2554325,58,+
2556305,2556323,49,-
2559085,2559116,52,+
2561571,2561601,82,-
2565222,2565249,53,-
2565484,2565522,61,-
2566963,2566989,56,+
2570310,2570343,59,+
2571030,2571058,53,+
2571914,2571945,65,+
2573316,2573340,48,+
2575102,2575120,49,-
2575773,2575807,63,-
2576523,2576557,59,+
2577974,2577998,48,-
2579687,2579721,47,-
2579886,2579906,47,-
2581018,2581052,51,-
2585865,2585896,70,-
2593147,2593174,66,-
2593920,2593961,49,-
2594776,2594798,79,-
2596138,2596161,49,-
2597223,2597247,71,-
2597703,2597721,67,-
2598169,2598203,51,-
2598727,2598766,59,-
2599357,2599386,65,-
2600026,2600046,47,-
2600098,2600128,51,-
2600627,2600645,51,-
2601014,2601045,76,-
2602484,2602514,68,-
2602523,2602550,55,-
2605882,2605917,78,-
2606605,2606635,51,+
2607491,2607507,52,-
2608294,2608323,52,-
2608636,2608656,64,-
2609648,2609675,57,-
2611510,2611551,55,-
2612708,2612724,52,-
2612858,2612883,69,-
2615650,2615674,48,-
2615791,2615832,70,-
2617217,2617248,64,-
2618720,2618758,54,-
2619278,2619299,63,-
2619859,2619877,49,-
2620170,2620210,52,-
2624270,2624293,50,-
2625258,2625279,64,-
2626340,2626363,60,-
2629349,2629372,59,-
2631167,2631208,48,+
2632676,2632703,68,-
2633122,2633139,50,-
2634461,2634488,61,-
2634603,2634621,51,+
2636429,2636452,60,+
2642636,2642668,65,-
2645477,2645498,48,-
2645534,2645556,51,+
2650630,2650654,67,+
2651806,2651831,47,+
2652502,2652533,50,+
2668864,2668894,51,+
2675312,2675340,61,+
2680531,2680573,55,+
2683716,2683755,57,+
2699387,2699426,55,+
2700837,2700876,57,-
2700952,2700984,82,-
2701328,2701346,67,-
2701752,2701791,69,-
2702516,2702540,58,-
2702975,2703009,58,-
2703410,2703439,52,+
2703913,2703934,48,-
2704033,2704058,69,-
2704210,2704238,52,-
2704483,2704503,64,+
2704888,2704917,52,+
2704985,2705002,50,-
2705138,2705174,54,-
2706202,2706232,68,-
2707629,2707677,49,+
2709969,2710001,59,+
2710401,2710434,48,-
2711050,2711067,52,-
2712525,2712548,60,-
2713618,2713642,59,-
2715583,2715610,71,-
2715981,2716006,68,-
2719980,2719998,50,-
2720674,2720716,53,-
2721924,2721946,48,-
2723456,2723489,76,-
2724541,2724568,68,+
2724606,2724638,49,-
2724954,2724978,59,-
2725092,2725110,50,-
2725656,2725677,51,-
2726126,2726146,64,-
2728127,2728154,53,-
2730216,2730250,62,-
2739194,2739224,85,-
2740734,2740756,61,-
2742003,2742022,49,-
2742531,2742557,56,+
2745330,2745350,64,-
2747938,2747963,67,+
2747981,2748000,66,-
2749259,2749278,52,-
2749525,2749554,52,-
2750032,2750056,48,-
2753612,2753629,50,-
2754534,2754552,49,-
2757606,2757624,67,-
2757779,2757816,62,-
2759272,2759310,71,+
2759322,2759364,48,-
2760267,2760295,52,-
2762765,2762787,61,-
2763425,2763456,50,+
2763796,2763834,57,+
2765237,2765270,48,+
2765483,2765506,48,+
2765769,2765807,58,-
2766338,2766368,51,+
2766554,2766589,56,+
2766865,2766901,59,-
2768272,2768299,55,-
2768672,2768712,58,-
2770611,2770648,58,+
2773125,2773154,65,-
2773391,2773435,52,-
2774063,2774096,63,+
2774642,2774678,52,-
2778147,2778175,52,-
2780437,2780460,50,-
2780905,2780930,56,-
2782437,2782457,47,+
2785105,2785151,121,-
2785963,2785985,63,-
2786130,2786147,69,-
2787918,2787949,48,-
2788791,2788819,71,-
2790185,2790214,52,-
2791061,2791084,48,-
2793282,2793303,64,-
2793337,2793376,71,-
2794582,2794612,67,-
2794834,2794864,51,-
2795117,2795155,61,-
2795396,2795426,62,-
2795761,2795792,62,-
2796223,2796245,70,-
2796522,2796542,64,+
2797014,2797051,70,+
2798159,2798186,58,+
2798351,2798385,79,+
2798907,2798939,52,-
2799061,2799096,59,-
2800162,2800197,50,-
2803292,2803322,55,-
2803491,2803513,61,-
2804618,2804641,50,-
2806622,2806670,47,+
2808051,2808087,58,+
2808410,2808444,64,+
2808496,2808532,75,+
2808608,2808639,48,+
2808738,2808771,52,-
2809187,2809217,51,+
2809519,2809541,48,+
2809634,2809669,50,+
2809941,2809968,55,+
2811310,2811341,55,-
2811878,2811902,48,-
2815228,2815260,65,-
2815617,2815634,52,-
2816458,2816495,64,+
2817022,2817062,54,-
2819310,2819343,48,-
2819567,2819595,55,-
2822810,2822841,49,-
2827817,2827849,59,-
2831130,2831161,50,-
2833606,2833634,52,-
2835128,2835160,76,-
2835817,2835850,62,-
2839353,2839391,53,-
2840822,2840849,81,-
2841039,2841064,57,-
2841129,2841161,50,-
2841211,2841246,47,-
2844753,2844775,49,-
2846601,2846631,51,-
2847355,2847397,50,-
2847417,2847449,60,-
2847644,2847673,69,+
2847931,2847972,53,-
2848147,2848165,52,+
2848181,2848212,48,-
2848947,2848985,75,-
2849998,2850031,48,-
2850644,2850668,48,-
2852575,2852607,62,+
2853383,2853405,70,-
2853580,2853605,67,+
2854912,2854943,62,-
2856078,2856114,59,-
2857087,2857120,62,-
2857269,2857303,51,-
2858430,2858450,48,+
2859856,2859898,69,+
2862846,2862878,65,-
2863730,2863766,76,-
2864196,2864217,63,+
2864847,2864871,48,-
2865294,2865329,76,-
2867069,2867114,109,-
2867976,2868004,54,-
2871417,2871442,69,-
2871683,2871716,52,-
2879953,2879983,51,+
2882933,2882967,58,-
2883200,2883226,56,-
2886061,2886097,59,+
2887533,2887563,51,-
2888741,2888785,48,-
2889704,2889727,48,-
2892588,2892610,48,-
2893217,2893235,50,-
2893338,2893358,64,-
2893530,2893549,49,-
2893876,2893908,54,-
2895075,2895093,50,+
2896151,2896191,54,-
2896379,2896399,47,-
2897183,2897219,55,-
2898934,2898954,47,+
2899064,2899096,47,-
2899533,2899568,59,-
2900139,2900169,52,-
2900472,2900506,59,-
2902175,2902208,62,+
2902303,2902341,74,+
2903625,2903669,49,+
2904053,2904082,68,-
2906896,2906931,90,+
2907214,2907260,48,+
2913189,2913206,69,+
2914027,2914048,72,-
2916280,2916307,55,-
2917343,2917381,56,-
2918116,2918157,52,-
2918260,2918288,54,-
2918356,2918377,63,-
2918543,2918568,68,+
2919341,2919380,51,-
2920499,2920526,55,-
2922810,2922834,48,-
2923115,2923137,51,-
2924909,2924932,49,-
2926928,2926948,47,-
2927577,2927615,55,+
2928788,2928822,58,+
2929477,2929511,61,-
2929746,2929771,57,+
2930149,2930175,58,-
2931881,2931897,70,-
2933767,2933803,61,-
2937146,2937174,63,-
2937207,2937239,76,-
2938150,2938178,65,-
2939342,2939383,53,+
2943211,2943247,56,+
2943575,2943604,52,+
2943843,2943870,66,+
2945690,2945720,51,+
2947059,2947088,51,-
2948422,2948439,50,-
2948524,2948547,48,-
2952965,2952992,66,-
2955358,2955378,49,-
2965274,2965293,49,-
2965670,2965705,59,-
2966359,2966393,64,-
2970540,2970578,59,+
2972394,2972430,62,-
2973079,2973124,50,-
2974187,2974206,47,+
2975536,2975563,55,-
2977209,2977247,55,-
2978029,2978054,86,-
2980970,2981013,53,-
2982182,2982212,62,-
2982837,2982869,48,-
2987387,2987412,57,+
2988389,2988423,51,-
2989041,2989086,50,+
2989702,2989740,57,-
2992943,2992971,60,-
2993088,2993121,50,-
2993942,2993978,48,+
2996698,2996731,59,-
2998691,2998715,48,-
3000168,3000195,66,-
3000472,3000506,65,-
3002454,3002487,56,+
3002899,3002920,62,-
3003543,3003578,64,-
3006032,3006053,48,+
3006516,3006540,59,-
3007268,3007285,52,-
3008032,3008073,58,-
3009714,3009737,60,-
3010950,3010973,50,+
3011931,3011959,54,+
3012590,3012610,47,-
3012890,3012915,66,-
3013908,3013941,60,+
3015034,3015057,92,-
3016993,3017033,54,-
3018647,3018663,53,+
3019105,3019124,52,+
3020617,3020649,65,+
3021608,3021632,48,-
3023964,3023996,79,-
3025119,3025141,49,-
3030554,3030584,68,-
3031165,3031193,54,-
3034368,3034394,56,-
3034587,3034626,55,+
3035287,3035328,65,+
3035772,3035803,78,+
3037819,3037836,69,-
3039938,3039971,48,+
3040860,3040898,58,-
3041939,3041984,47,-
3042481,3042524,49,-
3042583,3042610,53,-
3049798,3049825,64,+
3051894,3051916,49,-
3053353,3053381,67,-
3055435,3055467,56,-
3057217,3057249,54,+
3059616,3059646,57,-
3060752,3060769,50,-
3066011,3066050,55,+
3082587,3082628,57,-
3083086,3083102,52,+
3083423,3083455,47,-
3084018,3084042,48,-
3085166,3085185,47,-
3085490,3085508,50,-
3087505,3087545,53,+
3087691,3087728,56,+
3091583,3091610,55,-
3092377,3092397,48,-
3092531,3092560,63,-
3093233,3093253,47,-
3093435,3093469,61,-
3094127,3094147,47,+
3094738,3094773,59,+
3094832,3094856,48,+
3096453,3096477,87,-
3099139,3099167,61,-
3099925,3099949,71,-
3100171,3100199,54,-
3102025,3102069,52,+
3102155,3102179,59,-
3102503,3102533,51,+
3104032,3104061,62,-
3105964,3105985,63,+
3106985,3107012,55,+
3107167,3107210,54,-
3108000,3108030,60,+
3112094,3112132,54,+
3114552,3114586,50,-
3114754,3114780,69,-
3115398,3115440,55,+
3115577,3115609,49,-
3116077,3116115,58,-
3116334,3116368,55,-
3119303,3119334,52,-
3119339,3119362,87,+
3121626,3121645,51,-
3122017,3122047,52,+
3122102,3122129,61,-
3122254,3122278,48,+
3125881,3125903,51,-
3126595,3126636,54,+
3130146,3130178,49,+
3131055,3131082,64,-
3132429,3132447,50,-
3135014,3135033,66,-
3136085,3136108,64,+
3136722,3136753,67,-
3138745,3138768,60,+
3138831,3138851,64,+
3147302,3147332,68,-
3148605,3148649,50,-
3151850,3151875,66,-
3153880,3153909,52,-
3154230,3154258,68,-
3154764,3154806,57,-
3155443,3155471,55,-
3155911,3155931,49,+
3159276,3159299,49,-
3159390,3159430,58,-
3162703,3162729,55,-
3163483,3163501,50,-
3164434,3164470,57,+
3166564,3166588,60,-
3166807,3166828,48,+
3169536,3169564,54,-
3169777,3169804,57,-
3170208,3170236,65,-
3170921,3170951,66,-
3173009,3173048,55,+
3173089,3173119,70,-
3173222,3173263,51,+
3173970,3173995,58,-
3179922,3179959,47,-
3180024,3180048,67,+
3181405,3181425,49,-
3181582,3181627,49,-
3181929,3181965,56,-
3185087,3185119,97,-
3187257,3187288,65,+
3187328,3187350,51,+
3187859,3187889,77,-
3188170,3188206,58,-
3188323,3188363,59,-
3188893,3188933,51,-
3189085,3189105,47,-
3189703,3189729,64,-
3192588,3192610,51,-
3193458,3193491,62,+
3196852,3196875,60,-
3198063,3198094,64,-
3199376,3199402,56,+
3199553,3199578,67,-
3200859,3200904,50,-
3201033,3201056,48,-
3201398,3201419,48,+
3202860,3202893,68,-
3205583,3205610,55,-
3206827,3206847,47,+
3211808,3211843,48,-
3212618,3212650,68,-
3212906,3212933,85,-
3213171,3213196,69,-
3218704,3218733,71,+
3223877,3223898,48,+
3226469,3226501,49,+
3226562,3226595,50,+
3228020,3228056,58,-
3233886,3233919,62,-
3235974,3236005,64,-
3237268,3237299,83,-
3238133,3238178,53,-
3243829,3243874,49,-
3249903,3249930,61,-
3250549,3250571,61,-
3251051,3251093,53,+
3254909,3254939,51,-
3255283,3255327,48,-
3255395,3255418,48,-
3257027,3257067,53,+
3260367,3260387,64,-
3262711,3262742,60,+
3265850,3265882,52,+
3265981,3266023,69,-
3266094,3266131,51,-
3267075,3267099,48,-
3268698,3268734,78,+
3269975,3269991,53,+
3270376,3270393,52,-
3273249,3273285,48,-
3273603,3273628,47,-
3274298,3274331,47,-
3274578,3274610,76,+
3276119,3276139,47,-
3276557,3276590,62,-
3280695,3280732,55,-
3293719,3293753,72,+
3296833,3296866,52,-
3298063,3298093,51,+
3301521,3301552,50,-
3301741,3301765,48,-
3304574,3304603,52,+
3305147,3305177,82,-
3307641,3307664,60,+
3307674,3307701,58,-
3309691,3309715,87,-
3310499,3310529,60,-
3310633,3310664,68,-
3314807,3314829,61,-
3315214,3315236,70,-
3315560,3315593,58,-
3315697,3315729,49,-
3316876,3316908,65,-
3318715,3318737,72,-
3320826,3320854,66,-
3327317,3327353,58,+
3328610,3328627,50,+
3331745,3331780,56,+
3332343,3332363,64,-
3332473,3332498,57,-
3333689,3333713,48,-
3334545,3334584,54,-
3334685,3334711,57,-
3335839,3335868,52,-
3340850,3340878,71,-
3343213,3343228,53,-
3345053,3345070,52,-
3345177,3345221,49,-
3347407,3347445,55,-
3348351,3348372,63,-
3348815,3348846,50,-
3349630,3349671,51,-
3350726,3350755,52,-
3350993,3351012,47,-
3351116,3351158,47,-
3351254,3351282,54,+
3351535,3351555,64,-
3351689,3351721,80,-
3352326,3352353,55,-
3356097,3356125,54,-
3358283,3358302,51,-
3359348,3359368,47,-
3359736,3359782,52,-
3361298,3361317,66,-
3361602,3361618,52,-
3362883,3362910,55,-
3363530,3363558,63,-
3365109,3365137,55,-
3365923,3365956,62,+
3367187,3367210,60,+
3369928,3369965,47,-
3373170,3373189,66,+
3374598,3374635,50,-
3375514,3375537,69,-
3375994,3376035,58,-
3376450,3376477,55,-
3376673,3376692,66,+
3376977,3377001,48,-
3377977,3377997,47,-
3378083,3378118,74,-
3378624,3378656,76,-
3379010,3379037,99,-
3380726,3380758,63,+
3383575,3383606,67,+
3384216,3384235,49,-
3385409,3385438,54,-
3385716,3385756,66,+
3385837,3385866,55,-
3388356,3388389,60,-
3392106,3392141,58,+
3392252,3392275,48,-
3392545,3392570,47,+
3392911,3392942,50,-
3394473,3394501,55,-
3394625,3394648,49,-
3397271,3397305,50,-
3398805,3398828,60,-
3399269,3399303,62,-
3400472,3400490,52,-
3401271,3401316,49,-
3402062,3402094,49,-
3402235,3402261,68,-
3402948,3402966,52,-
3403054,3403081,55,-
3403657,3403675,49,-
3405795,3405824,71,-
3405894,3405940,50,-
3406499,3406514,72,-
3408202,3408229,55,-
3408483,3408504,48,-
3409464,3409497,65,+
3412118,3412158,53,-
3413049,3413080,60,+
3413504,3413534,54,-
3413566,3413586,64,-
3415429,3415461,48,+
3415582,3415607,56,-
3416459,3416488,57,-
3417264,3417295,49,+
3419950,3419972,51,-
3420075,3420095,49,-
3420337,3420368,60,-
3420480,3420516,52,+
3422923,3422942,47,-
3424006,3424026,49,-
3424434,3424470,64,-
3424654,3424679,57,-
3426860,3426894,67,-
3427228,3427250,61,+
3428122,3428150,83,-
3428187,3428227,57,-
3428844,3428873,86,-
3431691,3431727,59,-
3432624,3432656,51,-
3435436,3435481,47,-
3437664,3437684,47,-
3441381,3441398,52,+
3442239,3442274,74,+
3444813,3444831,50,-
3445247,3445285,50,-
3448554,3448586,48,+
3451129,3451148,47,-
3452192,3452228,59,-
3452875,3452894,47,+
3453079,3453104,47,-
3453224,3453245,51,+
3453373,3453417,50,-
3453443,3453465,79,-
3454473,3454490,50,+
3455024,3455056,54,+
3455694,3455711,50,-
3457550,3457589,54,-
3462934,3462971,54,-
3463600,3463638,58,-
3469283,3469317,56,-
3470593,3470622,52,-
3470904,3470921,50,-
3471253,3471270,52,+
3474712,3474730,67,-
3475045,3475080,64,-
3476145,3476175,51,-
3481660,3481686,56,-
3483767,3483792,57,+
3485029,3485061,50,+
3485376,3485397,90,-
3485750,3485787,55,-
3485807,3485838,50,-
3485917,3485951,58,-
3487875,3487899,71,-
3487947,3487986,57,-
3488314,3488341,72,-
3490343,3490388,50,-
3491243,3491262,49,-
3492090,3492120,62,-
3495909,3495928,49,+
3498248,3498270,61,-
3498799,3498829,60,+
3498840,3498866,56,+
3501649,3501676,53,+
3502171,3502192,53,-
3502383,3502417,72,-
3502541,3502568,53,-
3502577,3502619,50,-
3503573,3503594,63,-
3503754,3503790,75,-
3506008,3506028,49,-
3507858,3507886,71,-
3508463,3508483,49,+
3508680,3508703,60,-
3508810,3508829,47,-
3509008,3509026,67,-
3509432,3509452,51,-
3509823,3509842,49,-
3511454,3511499,49,-
3511847,3511881,59,-
3511929,3511966,61,+
3512385,3512415,68,-
3513565,3513580,53,-
3514227,3514248,51,-
3514250,3514275,57,+
3514589,3514620,55,-
3518842,3518862,64,-
3521434,3521454,47,-
3521585,3521609,48,+
3524068,3524103,91,-
3524122,3524151,58,+
3525298,3525317,52,-
3527243,3527282,53,+
3528684,3528722,54,-
3529439,3529462,60,-
3530796,3530824,83,-
3531050,3531092,57,-
3531434,3531465,50,-
3532211,3532236,58,+
3533140,3533180,54,-
3533481,3533499,67,-
3534851,3534869,49,+
3534952,3534970,50,+
3537973,3538018,50,+
3538648,3538690,50,-
3538920,3538944,59,-
3542745,3542776,123,-
3543191,3543226,64,-
3544047,3544080,62,-
3545565,3545588,48,-
3545956,3545985,52,+
3546052,3546080,57,-
3546408,3546425,50,-
3546480,3546505,71,-
3546625,3546652,63,-
3546666,3546703,55,-
3547179,3547198,47,-
3547917,3547951,59,+
3549913,3549930,52,-
3550315,3550344,66,-
3550539,3550557,49,-
3550832,3550865,60,-
3551798,3551818,49,-
3556056,3556080,59,+
3556399,3556440,55,-
3556972,3556996,76,-
3557323,3557362,51,-
3560360,3560379,49,-
3565015,3565032,50,-
3565098,3565119,48,-
3565619,3565661,57,-
3568665,3568694,65,-
3570154,3570185,51,-
3576564,3576590,56,-
3577364,3577397,61,+
3578379,3578400,49,+
3578594,3578626,49,-
3579892,3579929,58,+
3580165,3580187,61,-
3580301,3580333,62,-
3580358,3580396,57,-
3585924,3585961,70,-
3586884,3586930,93,-
3587102,3587139,59,-
3587924,3587943,52,-
3589686,3589709,60,+
3591056,3591086,70,-
3592413,3592436,60,+
3598054,3598081,55,-
3599309,3599342,48,-
3599621,3599638,52,-
3603435,3603465,51,-
3603946,3603971,66,-
3605252,3605272,54,-
3605555,3605592,56,+
3605670,3605705,76,-
3606172,3606212,71,-
3606798,3606829,62,-
3608228,3608252,48,-
3610653,3610680,81,-
3612522,3612546,59,-
3613110,3613127,52,-
3615176,3615200,72,-
3617524,3617556,49,+
3634194,3634233,50,+
3635614,3635650,65,+
3639810,3639845,55,-
3645004,3645040,55,-
3652391,3652409,49,-
3653746,3653767,49,-
3654843,3654863,64,-
3656206,3656232,56,-
3657339,3657372,58,-
3658988,3659023,58,-
3659631,3659663,49,-
3669643,3669670,64,+
3671282,3671308,56,-
3671916,3671938,61,-
3674470,3674494,59,+
3676000,3676040,115,-
3676642,3676668,56,-
3676859,3676885,66,-
3677040,3677069,52,-
3681497,3681518,51,-
3683772,3683810,55,-
3684183,3684219,58,-
3684825,3684869,67,-
3685230,3685268,55,+
3687369,3687394,56,-
3689608,3689639,50,-
3690718,3690751,60,-
3690837,3690860,49,-
3693662,3693704,54,-
3695872,3695896,67,-
3696270,3696311,51,-
3698902,3698938,59,-
3699150,3699195,49,-
3700770,3700795,69,-
3702580,3702613,64,-
3705036,3705067,54,-
3705200,3705222,48,-
3705836,3705863,70,-
3706441,3706463,51,-
3707277,3707296,47,-
3708650,3708677,53,-
3709682,3709708,56,-
3711614,3711649,60,-
3711674,3711700,68,-
3712026,3712045,47,+
3714544,3714578,50,-
3714632,3714671,58,-
3716857,3716889,49,-
3717130,3717158,63,-
3717361,3717381,47,+
3717858,3717876,67,-
3719240,3719273,64,-
3721582,3721616,59,-
3722631,3722655,59,+
3725132,3725162,67,-
3726015,3726046,60,-
3729553,3729586,48,+
3730678,3730700,49,-
3730899,3730929,60,-
3733035,3733081,47,+
3734731,3734775,54,-
3735064,3735103,61,-
3736179,3736195,52,-
3737068,3737107,49,-
3737628,3737665,75,-
3738582,3738621,69,-
3738835,3738865,66,+
3739285,3739319,51,-
3739549,3739573,58,+
3739663,3739686,48,+
3739909,3739944,48,+
3740104,3740139,50,-
3741639,3741660,51,-
3741666,3741706,53,+
3742010,3742046,59,-
3742095,3742127,60,-
3742200,3742226,56,-
3742463,3742481,50,-
3742710,3742732,49,+
3743037,3743074,71,+
3743842,3743873,59,+
3743966,3743987,52,-
3744020,3744036,52,-
3746229,3746249,47,-
3752999,3753022,48,-
3754152,3754185,48,-
3764716,3764749,48,-
3766798,3766831,59,+
3773980,3774015,61,-
3779354,3779381,71,-
3781973,3782015,57,+
3784596,3784622,56,+
3787291,3787319,65,-
3792044,3792066,61,+
3795990,3796032,57,+
3796789,3796817,65,+
3797713,3797737,48,+
3804997,3805031,78,-
3805236,3805260,48,+
3806949,3806977,71,-
3807690,3807723,56,-
3808097,3808131,62,+
3809911,3809944,48,-
3814600,3814631,49,+
3815324,3815345,62,-
3815450,3815469,49,+
3815929,3815959,51,-
3819433,3819473,53,-
3819953,3819976,50,+
3821115,3821140,67,-
3821244,3821264,64,+
3827508,3827539,60,-
3831422,3831448,64,-
3834405,3834435,51,-
3843110,3843146,56,-
3843962,3844001,54,-
3844151,3844175,48,-
3844590,3844631,52,+
3845004,3845028,48,-
3848966,3848999,67,-
3849021,3849059,56,-
3849156,3849192,61,-
3849301,3849331,60,+
3849945,3849975,51,+
3855171,3855198,55,+
3855315,3855357,50,+
3855557,3855593,55,+
3856601,3856639,51,+
3858235,3858267,49,+
3858476,3858509,48,+
3859540,3859570,51,+
3860676,3860716,54,-
3861360,3861388,54,-
3862737,3862755,67,+
3863274,3863303,52,+
3863640,3863662,61,-
3864179,3864202,69,-
3866649,3866682,62,-
3867572,3867592,48,-
3868169,3868207,53,-
3868605,3868635,59,-
3869260,3869286,64,-
3869686,3869705,49,+
3870732,3870750,49,-
3870781,3870811,60,-
3871404,3871430,57,-
3871482,3871515,59,+
3873611,3873632,63,-
3874788,3874821,52,-
3875834,3875863,52,-
3876025,3876060,62,-
3876282,3876314,64,+
3876979,3877000,63,-
3878239,3878257,49,+
3878404,3878446,52,+
3879316,3879343,65,-
3879449,3879481,48,-
3880264,3880295,51,-
3883419,3883443,48,+
3883655,3883681,56,-
3884511,3884535,48,-
3888356,3888381,47,-
3888532,3888569,56,-
3889393,3889433,54,+
3890011,3890048,54,-
3890693,3890716,48,+
3891032,3891070,50,-
3891157,3891179,61,-
3895813,3895834,62,-
3900159,3900184,47,-
3901993,3902027,123,-
3904741,3904777,58,-
3907591,3907613,48,-
3913787,3913817,51,+
3914459,3914478,49,-
3915658,3915681,59,-
3918955,3918980,56,-
3921706,3921730,59,-
3921816,3921860,54,+
3921888,3921932,53,+
3921951,3921970,49,-
3924890,3924926,65,-
3925852,3925888,58,-
3925934,3925957,63,-
3926687,3926715,85,-
3927727,3927751,59,+
3928586,3928619,59,-
3928856,3928886,49,-
3931048,3931072,58,+
3931430,3931463,64,+
3931991,3932013,92,-
3932178,3932207,64,+
3933000,3933018,49,-
3935165,3935206,55,-
3936886,3936928,55,-
3939892,3939917,67,-
3941364,3941386,61,-
3942798,3942830,51,-
3942976,3943006,49,-
3944539,3944560,48,-
3944595,3944631,59,-
3944885,3944916,60,-
3945459,3945489,66,-
3945720,3945753,60,-
3946499,3946544,50,-
3948481,3948507,56,-
3948513,3948539,56,-
3949789,3949807,50,-
3954587,3954618,49,-
3954934,3954963,51,-
3958704,3958729,47,+
3967136,3967166,62,-
3967409,3967433,76,-
3968777,3968794,52,-
3970633,3970662,66,-
3975551,3975576,47,-
3975579,3975600,63,-
3977149,3977188,57,-
3979725,3979764,55,-
3979803,3979838,55,-
3980200,3980224,61,-
3983048,3983075,65,-
3984818,3984855,54,+
3993779,3993810,65,+
3994530,3994560,51,-
3996196,3996226,59,+
3996975,3997012,58,-
3997970,3997989,49,+
3999800,3999819,49,+
4000749,4000780,60,-
4003880,4003911,60,-
4005275,4005299,48,+
4005629,4005654,67,-
4005704,4005724,64,+
4006952,4006993,53,+
4010383,4010402,66,-
4010420,4010455,79,-
4026176,4026193,52,-
4028052,4028082,51,+
4029765,4029794,79,+
4031465,4031497,62,-
4032022,4032046,71,-
4037728,4037752,48,-
4039350,4039368,51,+
4045415,4045438,59,+
4045732,4045761,52,-
4049200,4049228,54,+
4050516,4050546,49,+
4050740,4050764,91,-
4051686,4051720,78,-
4054122,4054151,52,+
4058786,4058816,51,+
4060280,4060308,67,+
4066789,4066804,53,-
4067787,4067815,71,-
4067873,4067894,63,-
4067981,4068013,64,+
4068391,4068421,62,+
4069156,4069176,48,-
4069190,4069211,63,-
4069271,4069313,50,+
4069366,4069407,81,-
4069790,4069809,49,-
4069996,4070018,61,-
4070022,4070051,64,-
4071072,4071095,49,-
4071429,4071465,65,-
4072729,4072749,49,-
4072999,4073016,69,-
4074213,4074246,65,-
4075308,4075341,76,-
4076087,4076128,54,-
4077824,4077855,49,-
4079294,4079333,87,-
4079507,4079543,55,+
4081146,4081180,54,-
4082032,4082071,50,-
4082181,4082223,49,-
4084409,4084433,48,-
4085875,4085911,61,-
4086026,4086046,48,-
4087320,4087357,47,+
4087911,4087940,58,-
4092319,4092343,59,+
4094897,4094931,60,+
4097294,4097325,65,-
4118646,4118672,68,-
4121303,4121337,55,-
4121367,4121412,65,-
4123270,4123313,53,+
4123563,4123594,50,-
4125347,4125380,56,-
4134914,4134943,65,-
4138376,4138416,71,-
4140064,4140101,62,-
4141419,4141446,57,-
4141704,4141734,70,-
4142339,4142365,71,-
4144577,4144615,71,-
4147561,4147593,49,-
4149161,4149188,67,-
4149353,4149371,50,+
4150508,4150538,51,+
4154951,4154983,66,-
4169808,4169829,48,-
4170477,4170493,53,-
4171024,4171057,60,-
4173715,4173743,60,+
4179077,4179107,59,+
4181739,4181765,66,-
4182616,4182635,49,-
4184175,4184222,50,+
4184281,4184314,47,-
4187120,4187143,60,-
4190162,4190195,59,+
4191821,4191865,53,-
4194429,4194463,58,+
4195433,4195456,50,-
4197862,4197890,54,-
4200126,4200167,50,-
4201584,4201614,51,-
4203354,4203377,72,-
4204688,4204716,65,-
4205124,4205164,58,-
4205974,4205994,49,-
4206007,4206046,53,-
4207324,4207362,54,-
4208557,4208592,50,-
4211012,4211040,54,-
4211173,4211198,67,+
4214226,4214255,57,-
4215563,4215582,66,+
4216493,4216517,58,-
4220703,4220730,66,+
4221596,4221615,66,+
4223181,4223208,65,-
4227071,4227114,55,-
4227152,4227181,54,-
4228346,4228375,52,-
4231720,4231741,48,-
4232753,4232787,55,-
4234669,4234707,59,+
4235799,4235820,63,-
4236062,4236080,49,-
4236176,4236200,59,-
4236249,4236288,51,+
4236979,4237003,69,-
4239197,4239231,62,+
4240448,4240478,51,-
4241181,4241211,51,-
4242701,4242738,53,-
4244585,4244615,63,-
4244833,4244862,65,-
4245877,4245905,54,-
4246085,4246112,69,-
4246178,4246219,57,+
4251320,4251349,54,-
4254409,4254433,48,-
4255786,4255820,59,-
4256068,4256101,62,-
4260163,4260194,48,-
4260772,4260795,48,-
4262387,4262414,55,-
4262712,4262734,48,-
4264071,4264098,55,-
4265503,4265523,47,-
4268578,4268609,66,-
4268812,4268842,68,-
4270689,4270732,53,-
4270923,4270960,56,-
4271505,4271546,48,+
4271726,4271748,48,-
4273211,4273241,49,+
4273794,4273814,54,+
4275422,4275457,62,-
4275498,4275535,73,-
4276338,4276376,54,+
4276625,4276650,47,+
4279139,4279169,82,-
4281836,4281855,51,-
4282013,4282046,47,+
4284267,4284315,49,-
4285056,4285087,50,+
4287019,4287043,48,-
4290013,4290051,53,-
4290815,4290848,61,-
4291051,4291075,48,-
4294344,4294375,66,-
4294857,4294890,56,-
4301139,4301165,56,-
4301201,4301239,53,-
4302235,4302270,55,-
4305904,4305937,50,-
4306366,4306387,49,+
4306475,4306508,48,-
4306964,4306985,73,-
4310159,4310179,64,-
4310503,4310530,55,-
4312170,4312196,56,+
4326549,4326582,52,+
4330588,4330624,55,-
4330834,4330859,47,-
4332620,4332662,50,-
4332871,4332889,49,+
4333047,4333070,89,-
4342030,4342075,50,-
4344997,4345029,49,-
4346173,4346218,49,-
4347053,4347069,52,+
4350646,4350682,55,-
4353851,4353890,54,+
4355269,4355299,51,-
4356279,4356308,65,+
4358831,4358850,49,-
4365301,4365323,48,-
4365962,4365986,48,+
4369253,4369269,53,-
4369350,4369380,79,-
4370612,4370638,66,+
4372228,4372254,58,-
4375128,4375161,64,-
4376792,4376812,47,-
4380816,4380835,47,-
4384302,4384323,49,-
4391009,4391029,48,-
4392931,4392963,65,-
4402393,4402429,51,-
4405792,4405820,53,-
4406345,4406368,60,+
4407573,4407603,51,-
4411535,4411559,58,-
4412403,4412439,58,-
4413381,4413404,59,-
4413874,4413906,66,-
4414014,4414043,58,+
4414389,4414426,56,-
4421588,4421628,59,-
4423988,4424021,103,-
4424080,4424100,48,-
4424206,4424239,62,-
4424833,4424857,48,-
4425438,4425456,49,-
4426634,4426651,52,+
4427851,4427892,100,-
4431075,4431105,62,-
4431231,4431277,48,+
4431436,4431463,70,-
4432139,4432158,66,-
4433723,4433750,55,+
4435688,4435715,55,-
4436379,4436403,48,+
4440099,4440125,58,-
4442108,4442129,63,-
4442270,4442304,56,+
4442673,4442695,61,+
4443110,4443151,51,-
4444989,4445012,50,+
4445107,4445141,61,-
4447818,4447851,60,-
4449074,4449091,69,-
4453071,4453099,54,-
4454077,4454104,55,+
4455647,4455669,61,-
4457651,4457682,95,-
4457978,4457996,50,-
4461683,4461706,78,-
4462188,4462233,47,+
4464540,4464563,60,-
4465515,4465544,51,+
4465809,4465843,60,-
4466575,4466610,61,+
4467111,4467158,50,-
4467353,4467377,58,-
4469725,4469740,53,+
4488501,4488540,55,-
4506179,4506211,49,+
4509044,4509080,58,-
4509489,4509518,60,-
4510353,4510385,62,-
4510423,4510447,48,-
4511389,4511424,52,-
4513373,4513396,60,-
4514120,4514150,51,-
4514273,4514315,57,-
4514992,4515011,66,-
4516900,4516919,51,-
4517281,4517303,49,-
4518833,4518859,56,+
4521293,4521317,59,-
4522740,4522759,49,-
4523033,4523068,59,+
4523246,4523275,52,-
4525289,4525334,49,-
4528885,4528921,61,-
4532275,4532290,53,-
4533437,4533470,48,-
4533558,4533601,52,-
4536172,4536216,53,-
4537030,4537067,59,+
4539099,4539117,51,-
4539410,4539444,54,+
4541135,4541169,60,-
4541326,4541360,51,-
4546535,4546558,60,+
4548775,4548807,80,-
4548994,4549028,51,-
4549080,4549097,69,-
4551753,4551795,54,+
4553381,4553418,56,-
4554755,4554785,65,-
4555364,4555397,48,-
4556190,4556217,55,+
4557251,4557285,58,-
4559462,4559493,50,-
4565808,4565832,59,-
4565928,4565946,67,-
4566554,4566590,71,-
4569038,4569071,80,-
4573950,4573975,57,+
4577802,4577846,48,-
4579190,4579211,64,-
4580693,4580710,50,-
4580889,4580906,52,+
4588221,4588261,50,-
4592362,4592395,64,-
4592758,4592781,48,+
4593838,4593871,75,-
4594592,4594620,60,+
4600699,4600742,50,+
4601442,4601466,67,-
4607308,4607339,60,-
4616930,4616969,51,-
4620796,4620815,47,+
4621176,4621195,49,-
4622021,4622036,53,-
4623504,4623535,50,-
4623874,4623916,52,+
4624656,4624694,50,-
4625162,4625195,48,+
4627963,4627994,52,-
4646915,4646938,49,+
4648979,4649006,53,-
4649221,4649245,76,-
4649445,4649474,52,+
4649807,4649831,48,+
4649904,4649922,51,+
4650451,4650470,52,-
4652377,4652420,52,+
4652880,4652918,55,-
4653691,4653734,67,-
4654719,4654743,63,-
4657026,4657058,54,+
4661141,4661181,57,+
4663572,4663599,64,-
4665540,4665580,57,-
4665583,4665608,67,+
4666024,4666046,62,-
4666062,4666105,50,+
4667094,4667129,67,-
4668832,4668874,54,-
4668976,4669020,48,-
4669588,4669612,48,-
4669912,4669950,53,-
4672118,4672139,62,-
4673957,4674001,48,+
4675873,4675891,50,+
4679638,4679676,86,-
4680496,4680535,50,+
4683212,4683240,54,-
4685581,4685613,51,-
4686882,4686905,60,+
4689878,4689914,47,+
4694839,4694868,68,-
4695913,4695933,47,-
4698240,4698272,49,+
4700791,4700824,50,-
4703103,4703125,51,+
4704754,4704771,69,-
4708689,4708726,51,-
4711974,4711998,71,-
4716194,4716238,53,+
4717783,4717815,59,+
4727963,4728007,49,-
4728360,4728383,60,+
4734498,4734529,50,-
4734926,4734968,49,+
4735042,4735075,64,+
4735296,4735327,62,+
4736427,4736463,102,-
4737491,4737536,53,+
4738156,4738192,48,-
4739222,4739244,51,+
4754657,4754690,48,+
4755045,4755069,48,+
4756234,4756256,48,+
4756882,4756912,49,+
4757611,4757635,71,+
4758659,4758691,49,-
4758973,4758990,50,-
