start,end,score,strand
2832,2859,55,+
3368,3405,75,+
4896,4925,52,-
9232,9278,49,+
10495,10521,61,-
16131,16160,52,+
18275,18313,53,+
19666,19691,57,+
21143,21177,65,-
21692,21718,56,+
22601,22646,48,+
26681,26701,49,+
28042,28060,50,-
31145,31178,59,+
37461,37503,55,-
37637,37678,55,-
40273,40300,53,-
42207,42231,59,+
42895,42926,59,+
44544,44562,49,+
45826,45868,95,-
46624,46652,65,+
48903,48923,64,+
49928,49944,52,+
50210,50226,70,+
51363,51392,52,+
52136,52167,55,+
56812,56850,54,+
57775,57795,47,-
62873,62892,49,+
63039,63063,48,+
63174,63207,60,+
63273,63294,63,+
74237,74268,63,+
76180,76218,58,-
76791,76835,53,-
78883,78910,58,+
80751,80786,59,+
81082,81108,83,+
81453,81488,58,+
86224,86242,49,+
89914,89943,80,+
91990,92022,76,+
93431,93456,47,-
94604,94642,54,+
95524,95567,50,+
99084,99111,100,-
99633,99670,59,-
101117,101145,60,+
101468,101501,59,+
101840,101873,67,+
102310,102337,55,-
102469,102492,63,+
102758,102775,69,-
103765,103793,54,+
105171,105198,70,+
106176,106210,58,+
106224,106257,51,+
109136,109164,68,+
109816,109854,57,+
110989,111027,50,-
119268,119308,55,+
120213,120248,47,-
120338,120374,58,-
125234,125257,49,+
127783,127813,55,+
128571,128606,50,+
129703,129729,56,-
130940,130965,56,+
130982,131011,52,+
131989,132015,60,+
133501,133546,52,-
133878,133920,70,+
134333,134363,70,-
134623,134653,59,-
136253,136283,51,-
136705,136741,56,-
136973,137019,50,+
137166,137185,49,-
139159,139196,54,-
141090,141116,56,+
143502,143522,47,-
149168,149192,60,+
149624,149652,69,+
151427,151459,49,+
151476,151502,56,-
151522,151541,49,+
151775,151798,61,+
152824,152857,74,+
153306,153331,66,+
153948,153978,51,+
154103,154134,50,+
155255,155287,57,+
155416,155449,97,+
156315,156341,56,+
156511,156547,51,-
156646,156679,47,+
158380,158413,47,+
162284,162327,52,+
163492,163521,70,+
164775,164806,84,+
165474,165516,52,+
167420,167467,47,-
167957,167983,56,-
168115,168132,50,+
168238,168283,47,+
168768,168787,47,-
169613,169645,48,+
169944,169978,51,+
171075,171111,55,+
184796,184832,56,+
190935,190959,48,-
193794,193831,55,+
198909,198939,51,+
199810,199839,66,-
201555,201573,67,+
203968,204007,55,+
204108,204131,96,-
204546,204572,56,+
204600,204629,52,+
205438,205462,59,+
205494,205523,65,+
207735,207764,51,+
209626,209648,48,-
209939,209963,71,-
211213,211246,58,-
211378,211414,61,-
212101,212129,52,-
212747,212786,53,+
213562,213584,61,+
215598,215623,57,+
215679,215699,47,+
218097,218129,49,-
218542,218569,55,+
220727,220769,52,-
223610,223653,53,-
226274,226312,53,+
226634,226656,48,+
226850,226879,63,+
227170,227190,47,-
229655,229687,49,-
249027,249057,68,+
250963,250991,60,-
251904,251926,62,-
252862,252895,62,-
253085,253109,48,-
255263,255281,51,+
255493,255529,74,+
255918,255964,50,-
256123,256152,80,+
256278,256301,60,+
257588,257606,49,+
258116,258150,56,+
258506,258539,75,-
260910,260955,65,-
261161,261191,51,+
263208,263232,58,+
263710,263728,49,+
264059,264080,53,+
264551,264578,99,+
264592,264617,47,-
265041,265057,52,+
265685,265729,54,-
268170,268211,52,+
268232,268254,51,-
270259,270301,54,+
272159,272180,63,+
272204,272226,72,-
276046,276080,62,+
276325,276356,50,-
278572,278595,60,-
279147,279189,55,+
281155,281181,58,+
281736,281769,48,-
281889,281915,55,+
284482,284507,69,+
284877,284901,48,-
287542,287569,55,-
288059,288078,66,+
288756,288781,88,+
289886,289903,50,+
291012,291056,53,-
296192,296230,58,+
296392,296413,62,+
296860,296877,52,-
298152,298170,49,+
300508,300529,53,+
317400,317434,51,-
319381,319425,48,+
320578,320609,68,+
324858,324890,78,+
329355,329384,69,-
330057,330087,67,+
330601,330624,60,-
332846,332864,67,+
337094,337117,72,+
337464,337492,54,+
337895,337930,47,-
339938,339973,58,-
340948,340983,47,-
343625,343655,65,+
344415,344437,61,+
345190,345224,67,+
345232,345251,47,+
345380,345413,51,+
345704,345740,61,+
347101,347121,47,+
349513,349534,63,+
349963,349985,48,-
350463,350495,62,+
350887,350904,52,+
351521,351554,62,+
353079,353099,48,+
355103,355134,52,+
355975,355996,63,+
356089,356114,57,+
357915,357933,50,+
358308,358337,51,+
358801,358821,47,+
359365,359382,50,+
364983,365014,66,+
365060,365102,67,+
369435,369473,57,+
374079,374119,48,-
377409,377450,70,+
378297,378332,55,-
382757,382788,50,+
383679,383709,57,+
387577,387606,60,+
390137,390166,60,-
390245,390272,55,-
390799,390817,67,-
391165,391189,58,+
392100,392119,66,-
393451,393477,56,-
394719,394753,47,+
395588,395634,52,+
396128,396156,63,-
397036,397061,67,-
397182,397201,66,+
402675,402703,63,+
406225,406258,47,+
406491,406523,62,+
408236,408266,85,+
410446,410481,72,+
410627,410653,69,+
412623,412653,51,+
415357,415385,54,+
416578,416594,52,+
419953,419977,76,+
420948,420980,49,+
421720,421739,47,+
423746,423764,49,-
424387,424405,50,+
426149,426175,66,+
430639,430658,49,+
436559,436579,47,-
436708,436739,65,+
437426,437472,47,-
438932,438970,57,-
439965,439982,50,-
440844,440878,47,+
441882,441907,57,+
442092,442120,63,+
443102,443121,51,+
443757,443796,59,-
448965,449002,58,+
449019,449035,70,+
458273,458301,54,+
460792,460826,55,+
464399,464428,62,+
465239,465264,47,+
468801,468826,71,+
469486,469515,52,+
471178,471214,47,+
474336,474359,49,-
474761,474799,59,+
477069,477106,98,+
483494,483537,49,-
484470,484497,55,+
486051,486082,50,-
487338,487370,57,+
493599,493616,52,-
494512,494540,52,-
495895,495941,50,+
505170,505202,50,-
507022,507039,69,+
508740,508782,50,+
510015,510038,60,-
510196,510229,61,-
511489,511516,55,+
511737,511761,48,+
512532,512555,48,-
512803,512831,69,+
514327,514363,52,-
515515,515538,49,+
520418,520448,65,+
525102,525138,48,+
537549,537580,50,+
541685,541710,58,-
547881,547913,50,+
547938,547973,62,+
553680,553718,56,+
556833,556863,68,+
566694,566723,52,+
568062,568094,64,+
568218,568244,55,+
568486,568511,60,+
569276,569306,65,-
569316,569346,60,+
570230,570268,54,+
572451,572471,54,-
572693,572726,48,+
572808,572839,50,-
573146,573179,64,+
573210,573231,48,+
573944,573981,52,+
575553,575593,51,-
576609,576652,53,+
577897,577929,76,-
578772,578806,62,+
579340,579386,75,+
580151,580182,50,-
582293,582310,50,+
582968,582999,48,-
583905,583924,47,+
585664,585708,67,-
585717,585755,69,-
586436,586467,55,-
586936,586973,53,+
618119,618138,66,+
625332,625362,49,-
629518,629549,55,+
630347,630372,57,-
630390,630412,61,+
632676,632712,56,+
633269,633292,60,+
633325,633342,50,+
634794,634817,60,+
636425,636461,55,+
637919,637950,54,-
638120,638159,50,-
640368,640410,49,+
640701,640732,50,+
641041,641067,55,-
641539,641569,65,+
642545,642574,65,+
643466,643482,52,+
644139,644161,61,+
646872,646910,53,+
647522,647555,59,-
648004,648032,54,-
649897,649915,50,-
650067,650099,68,-
650704,650736,51,+
652525,652559,58,-
652720,652751,65,+
652920,652953,58,+
653255,653272,52,+
653300,653327,55,-
654667,654694,55,+
654955,654991,58,+
655179,655207,60,+
655318,655351,58,+
655718,655752,55,+
655813,655853,57,+
655908,655942,58,+
656261,656279,50,+
657143,657163,47,-
657672,657705,92,+
658249,658269,47,+
658767,658801,55,-
659365,659393,53,-
661243,661279,55,+
664312,664356,81,+
664883,664907,59,+
665048,665078,52,+
665534,665572,59,-
665624,665651,57,-
667092,667115,48,+
667141,667160,49,+
667774,667808,64,-
667968,668001,63,+
671229,671263,58,+
672081,672103,48,+
673440,673485,50,+
673532,673561,67,+
673997,674020,50,-
674141,674161,47,+
678874,678900,71,+
679045,679064,47,+
679933,679967,47,+
680120,680141,48,-
694131,694162,50,+
696518,696550,65,-
701474,701499,58,+
702408,702443,58,+
702931,702959,82,-
703373,703402,52,+
703953,703976,48,-
704292,704326,62,+
705896,705932,61,+
706063,706082,49,+
707902,707925,60,-
710582,710619,51,+
710809,710830,64,+
710873,710905,59,-
711117,711137,64,-
711620,711635,53,+
712144,712168,48,-
712394,712433,71,+
713610,713655,48,-
713878,713909,49,+
713984,714024,55,+
714131,714162,60,+
715650,715690,53,+
717890,717929,59,-
718079,718119,57,+
718274,718290,52,+
718579,718599,47,+
718856,718893,56,+
719125,719157,54,-
719826,719850,61,-
720350,720374,59,+
721321,721364,55,-
722741,722766,61,-
723197,723235,53,+
726173,726212,54,+
727040,727059,66,-
729167,729206,53,-
729765,729798,64,+
731398,731427,65,-
731825,731854,52,-
732956,732987,51,+
733502,733523,48,+
734013,734049,59,+
735717,735755,75,-
737443,737477,61,-
737768,737787,47,+
738085,738111,56,+
740247,740291,65,-
741369,741389,65,+
743186,743206,47,-
745393,745433,52,-
747235,747260,67,-
748600,748620,64,+
748885,748924,49,+
749262,749282,47,+
749830,749851,63,+
749971,750006,79,+
750114,750149,62,+
750456,750479,60,-
751015,751041,56,+
751168,751189,48,+
752322,752346,63,+
752411,752449,58,-
752461,752495,58,+
754607,754636,83,+
755020,755046,56,-
758889,758913,69,+
759840,759877,74,+
760731,760776,53,+
772399,772438,52,+
772651,772681,67,+
774063,774087,48,-
774495,774537,50,-
776013,776052,57,+
776338,776358,49,+
776691,776714,60,+
778353,778389,48,+
779160,779187,55,+
781843,781870,70,+
784847,784881,61,+
784902,784924,61,+
785115,785149,56,+
785957,785990,60,+
806017,806042,47,-
811369,811406,87,+
811883,811925,52,+
812559,812598,55,+
813123,813163,59,-
813591,813614,50,+
817366,817394,61,+
819244,819265,63,-
823715,823752,58,+
826901,826942,50,-
826984,827020,47,+
830061,830086,57,+
837663,837698,61,+
840650,840673,49,+
840737,840761,58,+
841087,841119,59,+
841433,841472,58,+
841553,841592,55,+
841983,842009,56,+
846115,846149,62,+
846741,846764,60,+
846798,846824,56,+
847044,847071,55,-
848557,848578,48,+
849052,849083,67,+
849327,849347,48,-
849737,849768,49,+
851584,851629,50,-
852729,852761,51,+
853279,853315,71,-
855021,855059,59,-
855742,855761,47,-
861571,861593,61,+
861810,861842,65,+
861875,861913,56,+
864584,864625,64,-
864818,864854,47,-
865581,865611,52,-
865985,866013,54,+
866914,866942,54,+
867265,867287,61,+
868086,868125,51,+
869039,869074,58,-
869880,869910,62,-
870939,870967,85,+
871424,871469,47,+
871696,871714,49,+
871759,871793,63,+
873718,873747,52,+
874147,874174,55,+
875716,875735,49,+
875826,875870,54,-
876976,877008,57,+
878221,878246,56,+
881818,881841,59,+
882743,882782,54,+
883020,883039,49,+
883682,883711,60,-
888401,888433,52,+
890285,890318,56,+
890336,890374,56,+
890760,890797,47,+
893444,893478,107,+
895286,895311,47,+
899627,899655,54,+
901633,901652,49,-
902518,902548,70,-
902682,902708,56,-
905022,905041,51,+
905522,905559,71,+
906136,906155,47,-
906911,906957,52,+
907669,907700,50,+
907821,907846,47,-
911848,911874,56,+
916149,916185,92,+
916437,916457,64,-
917255,917294,55,-
918527,918548,63,+
919224,919247,60,-
919475,919503,68,+
919614,919632,50,+
919835,919877,52,+
920456,920486,82,+
920642,920675,76,+
920731,920759,61,+
920949,920985,54,-
924525,924550,68,+
924806,924829,60,-
925569,925588,49,-
925962,925980,50,-
927960,928002,93,+
928545,928573,65,+
930378,930408,55,+
933899,933926,55,-
934407,934425,50,-
934968,935001,48,-
935210,935242,49,-
936838,936876,51,-
937885,937915,51,-
938279,938306,55,-
941206,941225,66,-
941913,941936,60,-
942390,942428,57,-
943034,943056,48,+
943333,943360,53,+
943671,943689,50,-
946476,946516,50,-
948524,948548,48,+
948921,948962,52,-
949388,949413,47,+
956307,956340,60,+
957319,957337,49,-
959220,959251,52,+
959896,959922,66,+
965463,965494,67,-
969884,969932,47,+
974190,974230,87,+
975414,975441,55,-
975580,975617,62,+
977715,977745,51,+
978089,978131,55,-
979029,979070,50,-
979740,979768,52,+
980390,980422,64,-
980514,980550,58,+
980780,980811,79,+
980991,981026,54,+
983347,983383,73,+
985219,985244,56,+
985375,985410,62,-
985807,985849,49,+
986526,986544,50,+
986656,986687,62,-
987034,987075,57,+
988507,988550,48,+
990480,990507,66,+
992103,992123,49,+
993625,993664,86,+
994023,994051,70,+
995119,995149,51,+
995488,995531,54,+
997730,997751,62,+
999425,999445,47,+
1003459,1003491,68,-
1003578,1003613,55,+
1004188,1004211,69,-
1004284,1004322,58,+
1004409,1004446,56,+
1005029,1005048,52,+
1005095,1005132,60,+
1005913,1005935,61,-
1006976,1007000,48,+
1008241,1008261,51,+
1009022,1009058,47,+
1009851,1009885,58,+
1012448,1012474,56,-
1012912,1012947,58,-
1014641,1014660,51,-
1015199,1015241,57,-
1015485,1015516,60,+
1023201,1023236,61,+
1024251,1024292,54,+
1032477,1032510,48,+
1043267,1043301,62,+
1047261,1047285,67,-
1048554,1048586,64,-
1050408,1050443,52,+
1051150,1051185,59,-
1051606,1051639,52,-
1051685,1051717,61,-
1052211,1052236,57,+
1052416,1052435,47,+
1052601,1052646,50,-
1054501,1054531,63,+
1055614,1055645,52,-
1057550,1057568,50,+
1061283,1061316,58,+
1062005,1062029,58,+
1062416,1062442,66,+
1064569,1064611,49,+
1067589,1067618,69,+
1068679,1068716,57,+
1068731,1068757,56,+
1069263,1069293,66,-
1070695,1070712,52,+
1071007,1071048,97,+
1072957,1072975,51,+
1073081,1073103,61,+
1073153,1073178,47,-
1075352,1075391,54,+
1079540,1079574,65,+
1079909,1079933,58,+
1080008,1080026,50,+
1081432,1081472,53,+
1081534,1081566,79,+
1081611,1081626,53,+
1082836,1082870,56,+
1084567,1084595,66,+
1086723,1086765,54,+
1088527,1088553,56,+
1089759,1089794,48,+
1089804,1089832,58,-
1091123,1091140,52,+
1091321,1091356,78,+
1093423,1093458,67,+
1093796,1093840,48,+
1094183,1094222,53,+
1095080,1095115,54,-
1095863,1095883,47,+
1096497,1096530,78,+
1098396,1098420,48,-
1100518,1100552,63,-
1101286,1101302,53,+
1101491,1101519,54,-
1101674,1101700,56,+
1104186,1104204,67,+
1104424,1104441,50,+
1104616,1104637,48,+
1104893,1104928,55,-
1107213,1107247,47,-
1108700,1108725,60,-
1109036,1109053,50,+
1109798,1109842,48,-
1115011,1115039,54,+
1116253,1116283,57,-
1119537,1119563,83,+
1120333,1120373,54,+
1120910,1120935,57,+
1121224,1121247,61,+
1121795,1121813,50,+
1121989,1122012,49,+
1122432,1122459,55,+
1123210,1123230,47,+
1123645,1123678,64,+
1124394,1124425,50,+
1126761,1126797,56,+
1126934,1126960,68,+
1126969,1127000,54,-
1128548,1128576,54,+
1136307,1136354,49,-
1138146,1138170,59,-
1138377,1138396,47,-
1140634,1140671,58,-
1143275,1143299,59,-
1143892,1143932,87,+
1145110,1145154,54,+
1152114,1152140,69,+
1152548,1152571,60,-
1152847,1152877,85,+
1153292,1153310,67,+
1154438,1154457,47,+
1155145,1155185,57,+
1155954,1155983,66,+
1156035,1156065,57,-
1156824,1156856,47,+
1159358,1159384,56,-
1160663,1160683,52,+
1161110,1161127,52,+
1161405,1161453,47,+
1163995,1164017,49,-
1168167,1168190,60,-
1168697,1168730,48,+
1169941,1169976,55,-
1170744,1170776,49,-
1173618,1173636,49,+
1174249,1174270,63,+
1176596,1176616,64,+
1177015,1177038,48,-
1178869,1178909,55,-
1179648,1179680,59,+
1180525,1180543,50,+
1180768,1180785,52,-
1181160,1181184,61,+
1181389,1181423,50,+
1182082,1182099,50,+
1182386,1182409,91,+
1183960,1183993,48,+
1184839,1184869,51,-
1184876,1184915,55,+
1186126,1186145,66,+
1186635,1186660,58,-
1186673,1186694,48,+
1187590,1187611,48,+
1191045,1191073,63,+
1193680,1193719,71,+
1194644,1194667,78,+
1196514,1196546,52,+
1200088,1200105,50,+
1201099,1201136,55,-
1201352,1201379,66,+
1201768,1201786,51,+
1204528,1204552,69,+
1204601,1204639,56,-
1204833,1204856,48,+
1205102,1205130,71,+
1205172,1205195,60,+
1205259,1205281,48,+
1206138,1206166,54,+
1206898,1206928,51,+
1207360,1207393,70,+
1208703,1208721,49,+
1208889,1208905,70,+
1208922,1208949,61,+
1209357,1209392,47,+
1209665,1209691,63,-
1211588,1211618,52,+
1212693,1212717,59,+
1213617,1213662,50,-
1216675,1216710,61,-
1216835,1216854,52,-
1216952,1216981,51,+
1217417,1217434,50,+
1218150,1218173,48,+
1219146,1219185,49,+
1219235,1219274,55,-
1219493,1219511,49,+
1220173,1220201,54,+
1220297,1220329,57,+
1220662,1220707,49,+
1220896,1220928,50,+
1221609,1221639,51,-
1221665,1221684,49,-
1222157,1222186,52,+
1222369,1222387,52,+
1222903,1222941,54,+
1223605,1223633,55,+
1223692,1223731,61,+
1224330,1224368,54,-
1225547,1225574,53,+
1226289,1226323,89,+
1227454,1227483,69,-
1227494,1227536,57,+
1230704,1230750,49,+
1231749,1231779,51,-
1233403,1233430,66,+
1233831,1233866,64,+
1235859,1235904,47,+
1236963,1236993,51,-
1237109,1237157,49,+
1239614,1239659,52,-
1240307,1240346,85,+
1240650,1240670,49,-
1240706,1240724,49,+
1243719,1243753,61,+
1244251,1244291,50,-
1249250,1249278,126,-
1252524,1252557,48,-
1253916,1253952,61,-
1253964,1254000,76,-
1255674,1255704,51,-
1256173,1256192,49,+
1257854,1257898,49,-
1258305,1258332,55,+
1260736,1260763,66,-
1261682,1261717,59,-
1261995,1262024,86,+
1264262,1264308,52,+
1264432,1264460,54,-
1264483,1264518,64,-
1266788,1266826,55,-
1267960,1267980,64,-
1267998,1268023,57,-
1268032,1268071,51,+
1268447,1268479,64,-
1268632,1268670,51,+
1271420,1271440,64,+
1272790,1272816,71,+
1277741,1277770,54,+
1278482,1278505,49,-
1284493,1284513,47,+
1287084,1287106,51,+
1287977,1288006,80,+
1288192,1288218,56,+
1289184,1289217,47,-
1289530,1289554,59,-
1290595,1290631,48,-
1291187,1291232,50,+
1293021,1293044,70,+
1293509,1293538,61,+
1295937,1295965,54,+
1296208,1296251,52,+
1296968,1296988,51,-
1297045,1297075,68,+
1297179,1297217,50,+
1297829,1297862,76,+
1298271,1298295,86,+
1298588,1298621,74,-
1299507,1299539,50,-
1301675,1301707,67,+
1302052,1302095,47,+
1302203,1302233,51,+
1302593,1302617,67,-
1302744,1302778,61,+
1303051,1303082,78,+
1303145,1303180,60,-
1306678,1306710,49,+
1308600,1308633,76,+
1308903,1308948,47,-
1312425,1312444,47,+
1313056,1313088,67,+
1313102,1313119,50,+
1320244,1320269,60,+
1322250,1322266,70,+
1323509,1323525,70,+
1323555,1323576,63,+
1323841,1323861,47,+
1324406,1324450,52,+
1324786,1324822,55,+
1327580,1327606,71,+
1327981,1328020,54,-
1328198,1328236,53,-
1331274,1331302,55,+
1332554,1332586,65,+
1333084,1333116,67,+
1333334,1333370,58,+
1334396,1334427,62,+
1334694,1334726,51,+
1335697,1335722,58,+
1336562,1336587,57,+
1337009,1337047,70,-
1337742,1337766,48,-
1340326,1340351,47,+
1341537,1341568,70,-
1341645,1341660,53,+
1343525,1343554,83,+
1346896,1346913,52,-
1347430,1347455,47,-
1349363,1349381,49,+
1349700,1349731,62,+
1349827,1349860,63,+
1349932,1349976,48,+
1350075,1350098,89,+
1350312,1350337,47,-
1350874,1350906,48,+
1351043,1351073,65,+
1351121,1351144,60,-
1351234,1351272,51,-
1351691,1351716,58,+
1353695,1353721,56,-
1353865,1353898,55,+
1354234,1354264,70,+
1355655,1355698,52,+
1355871,1355894,48,+
1355922,1355958,71,+
1356794,1356833,51,+
1357184,1357207,60,+
1357826,1357863,55,+
1358341,1358379,74,+
1358700,1358723,49,+
1360144,1360180,76,+
1360553,1360583,65,+
1361092,1361111,47,+
1361818,1361849,50,+
1362190,1362215,47,-
1366388,1366421,79,+
1368075,1368114,53,+
1370305,1370324,49,-
1370552,1370572,47,+
1371182,1371213,67,-
1374026,1374056,67,-
1374514,1374534,48,+
1374696,1374721,56,+
1375748,1375775,99,+
1376122,1376147,67,+
1376604,1376626,62,-
1376667,1376702,59,+
1378230,1378262,63,+
1379284,1379306,51,+
1380006,1380029,50,-
1380573,1380600,61,+
1381429,1381458,52,-
1382109,1382143,58,+
1382424,1382466,52,+
1384478,1384499,53,+
1385150,1385180,67,+
1386847,1386866,49,+
1387431,1387474,53,+
1388171,1388217,49,-
1388363,1388403,49,+
1388959,1388996,47,+
1391198,1391238,57,-
1391888,1391921,62,-
1392695,1392735,55,+
1392775,1392823,47,+
1394286,1394314,63,+
1394996,1395023,55,+
1395163,1395201,61,-
1396291,1396306,72,+
1396863,1396894,76,+
1397169,1397202,65,+
1399645,1399666,48,+
1400428,1400448,47,+
1401510,1401548,74,-
1402608,1402627,47,+
1403430,1403458,53,+
1403954,1403975,63,+
1404863,1404889,91,+
1405499,1405519,49,+
1405857,1405900,50,+
1405907,1405933,56,-
1406382,1406413,55,-
1406486,1406507,48,+
1406941,1406970,52,+
1409695,1409723,71,+
1415035,1415071,54,-
1415210,1415231,49,-
1415817,1415847,51,-
1416399,1416434,62,+
1416927,1416970,95,+
1417077,1417109,76,+
1417257,1417276,47,+
1417536,1417578,68,-
1417670,1417691,48,-
1417757,1417787,68,-
1418728,1418752,48,-
1423634,1423667,51,-
1423863,1423883,64,-
1424430,1424450,64,-
1425310,1425347,59,+
1425546,1425566,64,+
1425670,1425703,58,+
1426027,1426049,89,+
1426434,1426456,61,+
1426545,1426569,59,+
1428063,1428087,59,+
1428176,1428205,52,+
1428605,1428624,49,+
1429202,1429225,60,+
1430368,1430404,61,+
1430546,1430564,67,+
1432486,1432523,51,-
1434161,1434197,58,+
1436132,1436161,52,+
1436719,1436747,54,-
1438674,1438711,55,+
1438727,1438756,69,+
1439046,1439091,65,+
1439237,1439264,60,+
1440105,1440128,60,+
1443932,1443965,52,+
1446540,1446564,48,+
1448687,1448724,56,+
1451034,1451073,49,+
1451415,1451446,64,+
1453704,1453732,88,+
1454572,1454611,73,+
1456445,1456475,51,+
1458705,1458739,60,+
1458781,1458804,60,+
1458877,1458912,67,+
1460648,1460689,57,-
1462362,1462396,72,-
1479028,1479068,48,-
1479884,1479918,60,+
1480009,1480048,50,+
1480255,1480271,53,+
1480749,1480784,56,+
1481081,1481105,63,+
1481261,1481296,59,-
1482451,1482484,56,-
1482891,1482926,47,+
1483774,1483810,48,+
1486625,1486642,52,+
1488772,1488809,56,+
1489898,1489922,86,+
1491116,1491148,52,-
1492026,1492065,53,+
1494430,1494468,55,+
1497209,1497232,48,+
1499582,1499603,48,+
1499789,1499825,59,+
1500920,1500941,49,+
1501381,1501416,59,-
1501747,1501780,48,-
1502224,1502245,63,-
1502266,1502298,56,+
1504324,1504344,47,+
1508014,1508056,54,-
1509422,1509443,81,-
1509647,1509668,62,+
1512261,1512304,52,-
1512329,1512364,56,+
1512484,1512526,55,+
1512740,1512780,101,-
1513843,1513870,63,+
1515280,1515311,83,+
1517037,1517070,48,+
1520441,1520468,55,+
1520969,1520986,50,+
1524485,1524507,61,+
1524615,1524633,50,+
1525838,1525863,56,-
1525876,1525918,50,-
1525931,1525967,61,-
1526078,1526096,49,-
1526433,1526474,54,-
1527431,1527480,47,-
1528617,1528638,48,-
1530008,1530025,50,+
1539387,1539419,75,+
1540454,1540477,61,+
1543324,1543368,48,+
1545416,1545436,47,-
1548311,1548349,96,-
1548835,1548873,59,+
1549081,1549112,59,+
1549767,1549785,49,-
1550740,1550765,57,-
1551668,1551704,55,+
1552379,1552419,54,+
1552489,1552520,51,+
1552694,1552714,47,+
1552961,1552993,50,-
1553805,1553826,48,+
1556934,1556975,54,-
1557184,1557217,62,-
1560953,1560978,84,+
1561573,1561593,47,+
1561738,1561764,56,+
1563335,1563354,49,-
1564606,1564627,63,+
1565676,1565706,63,-
1565822,1565850,52,-
1568196,1568218,79,+
1569048,1569094,48,+
1571535,1571564,66,-
1574028,1574050,48,+
1574392,1574413,63,-
1574419,1574451,62,-
1574570,1574601,67,-
1576330,1576361,49,+
1577202,1577243,51,-
1577346,1577376,62,+
1577454,1577501,50,-
1577752,1577775,59,+
1579531,1579561,65,+
1580149,1580171,48,+
1586820,1586848,63,+
1586862,1586885,50,+
1588384,1588411,55,+
1589436,1589468,54,-
1589836,1589862,58,+
1592291,1592308,52,+
1593062,1593086,59,+
1594652,1594682,51,-
1596588,1596607,47,+
1597125,1597155,63,+
1597276,1597309,51,-
1598273,1598301,66,+
1598636,1598663,66,-
1598674,1598699,47,+
1598818,1598841,49,+
1599530,1599564,51,+
1600213,1600248,56,-
1601148,1601168,64,+
1603066,1603086,64,-
1603439,1603458,47,+
1604475,1604518,50,+
1606321,1606361,55,+
1606502,1606522,64,-
1608605,1608648,54,-
1608968,1609007,58,+
1609180,1609210,62,+
1609407,1609439,63,+
1610524,1610554,111,+
1611454,1611473,49,-
1612843,1612889,52,+
1616197,1616233,61,+
1618281,1618306,47,+
1618906,1618934,54,-
1618972,1618997,71,+
1619320,1619340,51,+
1619450,1619475,67,-
1622564,1622606,53,+
1623936,1623972,74,+
1624001,1624030,51,+
1624645,1624676,67,+
1625180,1625206,56,+
1626015,1626038,60,+
1626120,1626148,54,+
1628382,1628412,51,-
1628653,1628692,54,-
1630660,1630684,48,-
1633600,1633629,68,+
1633798,1633825,55,-
1634271,1634306,56,+
1634590,1634617,55,+
1635725,1635754,51,-
1637807,1637833,56,+
1640765,1640787,51,-
1641831,1641847,70,-
1641883,1641905,79,+
1642198,1642234,71,+
1642599,1642624,47,-
1644071,1644114,68,-
1644901,1644922,48,-
1645633,1645651,49,+
1646537,1646579,55,+
1648999,1649019,49,+
1649615,1649640,60,+
1652120,1652143,49,+
1652230,1652258,54,+
1653799,1653832,58,+
1656318,1656343,47,-
1661021,1661038,50,+
1662794,1662833,58,+
1663817,1663861,48,+
1664600,1664629,58,+
1665383,1665412,58,+
1666166,1666195,58,+
1666949,1666978,58,+
1667732,1667761,58,+
1668515,1668544,58,+
1669298,1669327,58,+
1670081,1670110,58,+
1670864,1670893,58,+
1671647,1671676,58,+
1672430,1672459,58,+
1678267,1678286,49,-
1680040,1680077,47,+
1680170,1680206,92,+
1680617,1680635,49,+
1682184,1682208,59,+
1682731,1682771,58,-
1682850,1682887,57,+
1682958,1682991,52,+
1683365,1683399,60,-
1686526,1686551,47,+
1688588,1688620,49,-
1689075,1689119,53,-
1690146,1690181,58,-
1690237,1690264,64,-
1692508,1692531,50,+
1693066,1693111,47,+
1695294,1695314,64,-
1696219,1696239,64,+
1697400,1697426,67,+
1698211,1698239,58,+
1699683,1699714,49,+
1699848,1699881,50,-
1701741,1701765,69,-
1702163,1702181,52,-
1702432,1702465,59,+
1702919,1702945,66,+
1704891,1704922,65,+
1706394,1706419,47,+
1706679,1706707,58,-
1711474,1711516,53,+
1712458,1712478,47,-
1713099,1713115,70,+
1713671,1713694,49,+
1714713,1714733,49,-
1716307,1716333,56,-
1716328,1716347,49,+
1716691,1716728,75,+
1717040,1717059,47,-
1718032,1718062,51,+
1718327,1718363,64,+
1718614,1718638,69,+
1718738,1718756,67,+
1720275,1720308,59,+
1721837,1721872,56,+
1722009,1722041,65,+
1724018,1724050,56,+
1725417,1725455,55,+
1727086,1727111,58,+
1728460,1728481,48,+
1732120,1732152,51,-
1733329,1733363,51,-
1733377,1733406,63,-
1734469,1734497,64,-
1737790,1737822,79,+
1737861,1737885,48,+
1738244,1738282,57,+
1738584,1738604,47,+
1739222,1739250,54,-
1740097,1740124,55,+
1741043,1741065,48,+
1741105,1741146,52,+
1742301,1742330,68,+
1742711,1742736,47,+
1742967,1743008,48,+
1743116,1743144,69,+
1743470,1743500,51,+
1744612,1744636,59,+
1745811,1745835,48,+
1746031,1746078,48,-
1747577,1747612,64,+
1747761,1747795,51,+
1748207,1748226,47,+
1750857,1750891,92,+
1752551,1752573,48,+
1753442,1753487,47,+
1753660,1753686,56,+
1754446,1754476,70,-
1755062,1755084,51,+
1755101,1755131,66,+
1755428,1755461,65,+
1755729,1755758,52,-
1764291,1764326,62,-
1764789,1764809,64,-
1764939,1764969,51,-
1766001,1766032,65,+
1766454,1766481,55,-
1767327,1767356,52,-
1767799,1767839,95,+
1767888,1767908,47,-
1767977,1768004,85,+
1768606,1768624,67,+
1768977,1769005,54,-
1769228,1769247,49,+
1769804,1769834,57,+
1769909,1769941,61,+
1771795,1771812,50,-
1771865,1771899,67,-
1773080,1773104,59,+
1773671,1773699,65,-
1773813,1773842,65,+
1773944,1773981,55,+
1774220,1774256,59,+
1775188,1775225,47,-
1775338,1775371,48,-
1776663,1776707,50,-
1779967,1779991,48,-
1789082,1789103,63,+
1795050,1795085,56,+
1797593,1797620,55,-
1799300,1799338,57,+
1799570,1799618,62,+
1800093,1800110,50,+
1800545,1800566,49,-
1801083,1801103,64,+
1805101,1805129,54,+
1806544,1806578,59,-
1808080,1808113,70,+
1811965,1812001,65,+
1819973,1820006,59,-
1821403,1821445,49,+
1823966,1823988,48,+
1832463,1832497,58,-
1832945,1832992,47,-
1835817,1835852,60,+
1837661,1837702,70,-
1838323,1838346,49,-
1839268,1839293,47,-
1840737,1840754,52,+
1841025,1841042,50,+
1842449,1842484,61,+
1843387,1843428,51,+
1843489,1843516,55,+
1846098,1846128,51,-
1846578,1846597,47,-
1847128,1847153,47,-
1847281,1847299,49,-
1847978,1848003,58,+
1848153,1848192,51,-
1849172,1849191,49,+
1850230,1850277,47,+
1851587,1851616,52,+
1852938,1852969,51,+
1853545,1853577,64,+
1853945,1853986,70,-
1854131,1854167,88,+
1854900,1854942,50,+
1855325,1855351,55,-
1856801,1856822,63,+
1857260,1857288,54,+
1857995,1858017,63,+
1858312,1858351,54,+
1862465,1862484,66,+
1865938,1865959,48,+
1868523,1868560,54,+
1869879,1869899,64,+
1871777,1871810,65,+
1873052,1873083,63,+
1875350,1875379,52,-
1875451,1875495,50,-
1876842,1876872,60,+
1877346,1877366,64,-
1877386,1877415,52,-
1877958,1877993,62,-
1884225,1884261,48,+
1886454,1886490,61,-
1886751,1886787,47,+
1894454,1894481,63,+
1897070,1897092,49,+
1902719,1902751,49,+
1903090,1903123,48,+
1906117,1906150,52,+
1914321,1914343,51,+
1915039,1915070,57,+
1917040,1917072,49,+
1917411,1917444,48,+
1918144,1918162,51,+
1918771,1918797,56,+
1919601,1919642,58,+
1921651,1921671,47,-
1921830,1921856,56,+
1922682,1922712,65,-
1923546,1923566,64,+
1924500,1924529,51,+
1925697,1925739,47,-
1925922,1925955,80,+
1928032,1928052,52,+
1930227,1930252,47,+
1933013,1933039,73,+
1933684,1933712,65,+
1935025,1935045,47,+
1935308,1935334,56,+
1937099,1937129,68,+
1937440,1937470,80,+
1937965,1938005,87,-
1938365,1938401,70,+
1938804,1938819,53,+
1939984,1940007,60,+
1940453,1940484,50,+
1941596,1941634,50,+
1943603,1943628,47,+
1944177,1944200,61,-
1945823,1945854,50,+
1947970,1947994,71,+
1948782,1948818,58,+
1949028,1949047,47,+
1949214,1949251,88,+
1951293,1951324,65,-
1957539,1957576,59,-
1959786,1959815,54,+
1962066,1962094,67,+
1963195,1963232,76,+
1963375,1963393,51,+
1965926,1965946,47,-
1969369,1969405,56,+
1970204,1970227,49,-
1970361,1970386,66,+
1970633,1970658,58,+
1971375,1971405,51,+
1973157,1973177,47,+
1974267,1974301,64,+
1975515,1975545,51,+
1977889,1977920,82,+
1978186,1978216,49,+
1978445,1978485,53,+
1979713,1979736,48,-
1981972,1981998,56,+
1985698,1985735,56,+
1988070,1988090,49,-
1990614,1990638,48,+
1992613,1992653,59,+
1993445,1993489,50,-
1994769,1994800,50,-
1994855,1994886,65,+
1994933,1994953,48,+
1996775,1996795,49,+
1997172,1997205,58,+
1997260,1997282,48,+
1997380,1997402,51,-
1997910,1997938,57,+
1998118,1998143,58,+
1999589,1999613,76,+
2002846,2002867,49,-
2004595,2004625,54,-
2007072,2007097,47,+
2008983,2009013,51,-
2009860,2009883,72,+
2010248,2010287,55,+
2010292,2010311,49,-
2010693,2010730,62,+
2012468,2012497,80,+
2012582,2012621,55,-
2013137,2013161,105,-
2014025,2014058,50,+
2017485,2017504,66,+
2017643,2017676,48,+
2019833,2019867,51,+
2022450,2022482,54,+
2022734,2022760,56,-
2024351,2024397,48,-
2024851,2024876,66,+
2025105,2025137,54,+
2025167,2025207,57,+
2026013,2026037,59,+
2027135,2027165,70,-
2028325,2028345,64,-
2030144,2030171,66,-
2031884,2031918,56,-
2032572,2032606,75,+
2032809,2032852,95,+
2032918,2032938,64,+
2033068,2033106,61,+
2033569,2033602,62,+
2033741,2033774,58,-
2033822,2033842,47,-
2033861,2033890,52,-
2033988,2034015,61,+
2035337,2035354,50,+
2035774,2035803,62,+
2037152,2037193,53,-
2038999,2039031,51,+
2039133,2039163,66,+
2041531,2041561,57,+
2042080,2042098,49,+
2042359,2042382,60,+
2043351,2043373,61,+
2045585,2045617,54,+
2045869,2045897,54,+
2046522,2046546,48,+
2048880,2048898,49,+
2049873,2049910,56,+
2049983,2050021,54,+
2052448,2052479,54,-
2052748,2052771,60,+
2052811,2052849,61,+
2053743,2053775,49,-
2055389,2055423,89,-
2055726,2055771,50,-
2055913,2055931,67,+
2056068,2056084,52,+
2056522,2056560,88,+
2057340,2057385,63,+
2058449,2058492,50,-
2059147,2059165,67,+
2061374,2061407,76,+
2064060,2064094,59,-
2064577,2064605,54,+
2068806,2068844,55,+
2068856,2068892,47,+
2069061,2069107,49,+
2069149,2069172,48,+
2069563,2069597,146,+
2069608,2069657,47,+
2069743,2069780,70,-
2069946,2069992,133,+
2070109,2070142,58,+
2070580,2070620,57,+
2070838,2070879,53,+
2071105,2071130,57,+
2071410,2071428,67,+
2071521,2071544,60,+
2071820,2071862,55,+
2073160,2073183,49,+
2073349,2073379,68,+
2073386,2073427,50,+
2073574,2073591,50,+
2073647,2073674,53,+
2074130,2074172,53,+
2074198,2074240,49,-
2074411,2074444,62,+
2075783,2075805,79,+
2075821,2075837,52,+
2076809,2076835,66,+
2077288,2077308,47,-
2077856,2077877,48,-
2078691,2078712,63,-
2079774,2079805,63,+
2080060,2080095,47,+
2087799,2087821,61,-
2087953,2087978,47,+
2088479,2088517,55,-
2088830,2088847,52,+
2089800,2089827,55,-
2090214,2090249,59,+
2090394,2090417,70,+
2090502,2090522,47,+
2091502,2091522,47,+
2094277,2094302,56,-
2095267,2095296,54,+
2096386,2096419,52,+
2096661,2096687,56,-
2099430,2099458,63,+
2100125,2100161,61,-
2101065,2101087,61,+
2101624,2101643,66,+
2102451,2102473,48,+
2102987,2103010,49,-
2103706,2103735,69,+
2104187,2104213,56,-
2104602,2104628,56,+
2106081,2106104,49,-
2108548,2108567,47,+
2111808,2111832,87,+
2112485,2112508,49,+
2112957,2112992,50,+
2113887,2113910,48,+
2119624,2119662,55,+
2128885,2128904,49,+
2129639,2129683,53,+
2129939,2129962,60,+
2130733,2130758,68,+
2134764,2134791,69,+
2135126,2135159,76,-
2135272,2135293,49,-
2137070,2137099,108,+
2137519,2137545,56,+
2141357,2141376,47,+
2143728,2143759,55,+
2144259,2144289,62,+
2148132,2148153,63,+
2149418,2149458,54,-
2152187,2152216,66,+
2152366,2152384,49,+
2153673,2153704,50,+
2156019,2156050,50,+
2156965,2156985,48,+
2158073,2158097,59,+
2159865,2159898,80,-
2161737,2161757,64,+
2162070,2162098,80,+
2162115,2162145,66,+
2162599,2162627,54,-
2162835,2162868,62,+
2165240,2165272,50,+
2165670,2165692,48,+
2165729,2165748,52,+
2165777,2165819,50,-
2165971,2166018,48,+
2168385,2168412,55,+
2170202,2170237,57,+
2170431,2170469,71,+
2171389,2171419,83,+
2171840,2171877,53,+
2176346,2176383,59,+
2176988,2177007,66,+
2179436,2179464,57,+
2183724,2183751,55,+
2183763,2183795,49,-
2184435,2184467,62,+
2187017,2187056,49,-
2188169,2188199,68,+
2190173,2190215,55,+
2191129,2191150,63,+
2191528,2191561,62,+
2193255,2193277,49,+
2193489,2193525,57,-
2197373,2197399,56,-
2198068,2198106,53,-
2198865,2198888,60,-
2199697,2199723,56,+
2204953,2204980,55,+
2208309,2208348,53,+
2213895,2213915,47,-
2214046,2214074,53,+
2214768,2214797,82,-
2215435,2215471,58,+
2218896,2218927,55,+
2220103,2220131,71,-
2223231,2223260,52,+
2223641,2223679,58,+
2225664,2225684,64,+
2226057,2226090,59,-
2231771,2231811,51,-
2232973,2233016,50,-
2234907,2234947,53,+
2235591,2235610,47,-
2237997,2238023,56,-
2239029,2239052,59,-
2239472,2239504,92,-
2240244,2240277,62,-
2242339,2242360,63,+
2242802,2242832,57,-
2244176,2244199,69,-
2245189,2245216,68,-
2245570,2245600,51,-
2245653,2245688,74,-
2246204,2246228,76,-
2253508,2253525,50,-
2255858,2255891,50,-
2256456,2256497,52,-
2258621,2258647,72,+
2258915,2258961,52,-
2260613,2260637,87,+
2261280,2261312,62,-
2265097,2265137,57,-
2274590,2274616,56,-
2283846,2283874,60,-
2284822,2284853,51,-
2285026,2285053,55,-
2290898,2290928,51,-
2291459,2291498,53,-
2295134,2295165,50,+
2296704,2296736,59,+
2301259,2301296,69,-
2303245,2303267,61,-
2303681,2303714,62,-
2308351,2308374,60,-
2310228,2310251,50,+
2312042,2312066,76,+
2312799,2312825,73,-
2315777,2315813,54,-
2316597,2316629,59,-
2316973,2317016,65,-
2318019,2318050,50,-
2318112,2318147,59,-
2318378,2318395,50,-
2318441,2318472,50,-
2323505,2323523,52,+
2323639,2323671,60,+
2324942,2324975,65,-
2325155,2325194,55,-
2325293,2325317,59,-
2326162,2326187,56,-
2327424,2327443,66,-
2327469,2327502,50,-
2335415,2335435,48,-
2336393,2336427,56,+
2338284,2338323,71,-
2338712,2338753,53,+
2342210,2342231,62,-
2342335,2342360,58,+
2343484,2343503,49,-
2344600,2344620,47,+
2345681,2345727,52,-
2348930,2348949,47,+
2348980,2349023,55,-
2349266,2349286,64,-
2350718,2350751,48,+
2351035,2351052,69,+
2352791,2352813,51,+
2353152,2353187,55,-
2353385,2353419,59,-
2353706,2353736,57,+
2353996,2354032,55,+
2355182,2355205,60,-
2356008,2356047,51,+
2358360,2358376,70,-
2358613,2358643,65,-
2358684,2358722,69,-
2359209,2359250,49,-
2361902,2361944,53,-
2362465,2362507,55,-
2364652,2364692,49,-
2365452,2365475,49,-
2366281,2366302,48,+
2367079,2367111,60,-
2367140,2367171,67,+
2368252,2368280,54,-
2370230,2370256,66,+
2372943,2372966,48,-
2374101,2374133,48,-
2374256,2374279,60,-
2374789,2374830,54,+
2375088,2375107,47,+
2376608,2376647,58,+
2376821,2376857,58,-
2377400,2377440,54,+
2377805,2377837,94,+
2377866,2377899,58,-
2378808,2378839,51,-
2378855,2378888,92,-
2379717,2379747,51,+
2381079,2381109,64,-
2381211,2381237,55,-
2382803,2382837,56,-
2383675,2383713,56,-
2384119,2384160,54,-
2386107,2386142,90,-
2387216,2387251,50,-
2388856,2388887,50,-
2389474,2389504,57,-
2390093,2390111,51,-
2390531,2390570,57,-
2391263,2391285,49,+
2391313,2391337,58,-
2391613,2391638,47,-
2392105,2392135,68,-
2392640,2392659,49,-
2392938,2392967,54,-
2393592,2393621,52,+
2393690,2393706,52,-
2395123,2395140,50,-
2395389,2395427,51,+
2398205,2398231,56,-
2399177,2399195,52,-
2399455,2399486,65,+
2401469,2401501,76,-
2402492,2402514,61,-
2403182,2403207,47,+
2403556,2403593,59,-
2403957,2403977,64,-
2404499,2404544,65,-
2405016,2405046,68,-
2406156,2406174,67,-
2408420,2408437,52,-
2410930,2410962,52,+
2412171,2412200,58,-
2412802,2412831,52,-
2412956,2412986,68,+
2413376,2413396,49,-
2418717,2418737,64,-
2429152,2429176,76,-
2430424,2430442,50,-
2431150,2431197,49,-
2431977,2432013,71,-
2432279,2432308,52,-
2434030,2434049,52,-
2434158,2434175,50,-
2438587,2438610,49,-
2442270,2442288,49,-
2444108,2444136,57,-
2446326,2446357,110,-
2450537,2450568,50,+
2453672,2453703,67,-
2454842,2454874,80,-
2454948,2454991,50,+
2455405,2455439,59,+
2456110,2456146,48,+
2456240,2456267,71,+
2458963,2458996,59,+
2459652,2459674,97,-
2460302,2460327,47,-
2460659,2460704,49,-
2461226,2461267,53,+
2461587,2461630,52,+
2461967,2461988,51,-
2464981,2465014,56,-
2466539,2466568,83,+
2467312,2467346,61,-
2468069,2468088,47,-
2468100,2468136,57,-
2469452,2469490,54,+
2472355,2472392,102,-
2473827,2473849,48,-
2473926,2473948,61,-
2474736,2474775,49,+
2475889,2475909,48,-
2476123,2476149,56,-
2477238,2477278,52,-
2477308,2477338,51,-
2477339,2477379,83,-
2478501,2478534,56,-
2478985,2479019,64,+
2482353,2482386,55,+
2482870,2482897,89,+
2482952,2482985,48,-
2487011,2487037,56,+
2487516,2487533,52,-
2488221,2488254,48,-
2488397,2488433,59,+
2490156,2490180,48,+
2490803,2490823,47,-
2490870,2490904,68,-
2493494,2493533,57,-
2494073,2494095,51,-
2494234,2494263,65,-
2496722,2496755,56,-
2496985,2497028,49,-
2500639,2500677,74,-
2503614,2503649,48,-
2503777,2503796,49,-
2514524,2514555,68,+
2515039,2515080,58,+
2519287,2519313,56,+
2520269,2520294,56,-
2524162,2524189,69,-
2526569,2526589,47,+
2526969,2526993,48,-
2530071,2530099,63,+
2530598,2530621,48,-
2531457,2531485,63,-
2533381,2533408,55,+
2538109,2538135,56,-
2539467,2539506,50,+
2540156,2540185,51,-
2540613,2540645,94,+
2542004,2542033,52,-
2542641,2542661,64,-
2542773,2542805,65,-
2543821,2543857,54,+
2547193,2547226,59,-
2547280,2547309,55,+
2548488,2548512,59,-
2548661,2548693,63,-
2549983,2550023,53,-
2552212,2552251,70,-
2552540,2552560,54,-
2553110,2553128,49,+
2554251,2554282,59,-
2554312,2554347,50,-
2554553,2554573,64,-
2555549,2555580,51,+
2556245,2556280,59,-
2556472,2556501,51,+
2556530,2556559,52,+
2556609,2556658,47,+
2556861,2556883,51,-
2557713,2557754,51,-
2558900,2558926,56,-
2559328,2559361,55,-
2560705,2560737,65,-
2560925,2560969,50,+
2561376,2561402,56,-
2561849,2561869,49,-
2561941,2561975,59,-
2561986,2562015,52,+
2562989,2563019,68,-
2564134,2564172,55,+
2564361,2564396,59,-
2564416,2564457,68,-
2566890,2566924,51,-
2566990,2567025,59,-
2567916,2567953,56,-
2568178,2568208,55,+
2568394,2568417,60,+
2568502,2568537,59,-
2568660,2568690,51,-
2569015,2569046,50,-
2569386,2569410,67,+
2569631,2569658,70,-
2569766,2569794,66,-
2569878,2569915,54,-
2571154,2571196,53,-
2571245,2571265,47,-
2571567,2571592,69,-
2572007,2572031,59,+
2573352,2573392,53,-
2573893,2573917,58,-
2573952,2573992,57,+
2574346,2574378,61,+
2579369,2579392,60,-
2579486,2579504,49,-
2581874,2581920,48,-
2582416,2582437,48,-
2582781,2582803,61,-
2582866,2582902,73,-
2584031,2584080,88,-
2585194,2585229,48,-
2587724,2587752,88,-
2589126,2589155,52,-
2590006,2590035,65,-
2590717,2590735,49,-
2591319,2591350,66,-
2591452,2591470,49,+
2592290,2592324,79,-
2592340,2592365,75,-
2592661,2592686,58,+
2592993,2593028,58,-
2593562,2593592,67,-
2594113,2594151,61,-
2594392,2594422,65,-
2594757,2594788,80,-
2594980,2595016,58,-
2595004,2595050,89,+
2595360,2595386,66,+
2595527,2595547,47,+
2596010,2596044,91,+
2597344,2597378,60,+
2597900,2597932,52,-
2598055,2598076,52,-
2599161,2599196,50,-
2599251,2599282,48,+
2602279,2602311,63,-
2602478,2602500,61,-
2603288,2603337,47,-
2603614,2603637,50,-
2603817,2603859,50,-
2607044,2607070,56,+
2607489,2607525,75,+
2608521,2608539,49,+
2608632,2608656,48,+
2610139,2610165,56,-
2610835,2610859,48,-
2611507,2611532,66,-
2614039,2614060,49,-
2614571,2614591,47,-
2617000,2617016,52,-
2617099,2617132,62,-
2618849,2618876,55,+
2619991,2620024,48,-
2620128,2620161,78,-
2620252,2620276,48,-
2623483,2623514,49,-
2623852,2623882,51,-
2625330,2625369,54,-
2625631,2625663,59,-
2625815,2625843,54,-
2626485,2626517,60,-
2626999,2627040,53,-
2627223,2627238,53,+
2627251,2627280,54,-
2628982,2629012,51,+
2629066,2629099,48,-
2629712,2629736,48,-
2632486,2632508,70,-
2632560,2632585,67,+
2633885,2633922,62,-
2634425,2634461,54,-
2634950,2634985,61,-
2635959,2635992,62,-
2636141,2636175,51,-
2637328,2637366,61,+
2638182,2638214,50,+
2639443,2639464,53,-
2642586,2642621,50,-
2643051,2643072,63,+
2645615,2645643,63,-
2649954,2649981,68,-
2650588,2650606,51,-
2653030,2653052,61,-
2654443,2654477,47,+
2657209,2657233,59,-
2683520,2683539,66,+
2685326,2685346,48,-
2687973,2687998,71,-
2688828,2688847,51,+
2690904,2690930,56,-
2693283,2693308,69,-
2693758,2693783,47,+
2695212,2695256,47,-
2696389,2696414,67,-
2697113,2697157,48,+
2697329,2697352,48,-
2697447,2697464,50,-
2697700,2697724,48,-
2697815,2697841,56,+
2698037,2698076,55,-
2698781,2698816,58,-
2698976,2698993,50,-
2699153,2699179,56,-
2699530,2699565,61,-
2699973,2699995,49,-
2700640,2700670,52,-
2700874,2700914,53,-
2701499,2701543,62,-
2701558,2701597,58,-
2701902,2701922,64,+
2705043,2705065,51,-
2705588,2705621,51,-
2706006,2706035,52,+
2706441,2706475,59,-
2708159,2708184,93,+
2708271,2708315,92,+
2710069,2710096,60,-
2710159,2710189,62,+
2712910,2712945,90,+
2713429,2713446,69,+
2714545,2714563,49,-
2715327,2715347,48,-
2715392,2715413,53,-
2715800,2715817,50,+
2716148,2716177,52,-
2716397,2716431,67,-
2718790,2718813,49,-
2719009,2719027,67,-
2719085,2719107,61,-
2719888,2719924,57,-
2721107,2721147,50,-
2722369,2722406,58,-
2722473,2722501,98,-
2723133,2723167,56,-
2723182,2723223,53,-
2727327,2727358,62,-
2728351,2728390,58,-
2729701,2729734,64,-
2730028,2730068,54,+
2730638,2730670,65,-
2731429,2731462,63,-
2731962,2732001,53,+
2732477,2732501,64,-
2737194,2737222,66,+
2739043,2739073,51,+
2740410,2740439,51,-
2741414,2741440,56,+
2741876,2741896,48,-
2742068,2742104,55,-
2746317,2746340,49,-
2746513,2746543,49,+
2747303,2747321,49,-
2748589,2748614,64,-
2748654,2748674,82,-
2751507,2751549,54,+
2752270,2752307,71,-
2759337,2759371,64,-
2762526,2762544,49,-
2762761,2762793,49,-
2766031,2766069,58,-
2767693,2767726,47,-
2772274,2772307,48,-
2772572,2772607,58,-
2776972,2777003,68,-
2780272,2780300,61,-
2781676,2781696,48,+
2782103,2782136,65,-
2782576,2782609,52,+
2783147,2783172,57,+
2784551,2784592,57,-
2784634,2784658,59,+
2785244,2785264,47,+
2785472,2785510,57,-
2785540,2785578,97,-
2785606,2785635,65,-
2786653,2786696,48,-
2786820,2786861,54,-
2787229,2787248,66,-
2787608,2787630,48,+
2788755,2788791,59,-
2789276,2789311,47,+
2792762,2792800,74,-
2792994,2793014,47,-
2793238,2793269,51,-
2793330,2793364,55,+
2795028,2795070,48,+
2795486,2795515,54,-
2795649,2795687,59,-
2799597,2799627,60,-
2802435,2802465,68,-
2803601,2803636,75,-
2807030,2807068,57,-
2808297,2808316,51,-
2808326,2808367,54,-
2808715,2808737,49,+
2810296,2810340,49,+
2810992,2811024,67,-
2811275,2811293,67,-
2813198,2813229,50,+
2813316,2813341,47,-
2814617,2814649,49,+
2815528,2815561,47,-
2816908,2816928,47,+
2818297,2818327,63,+
2818629,2818651,79,-
2821858,2821895,59,-
2824019,2824053,50,-
2826050,2826086,58,-
2826170,2826203,65,-
2829914,2829957,52,-
2829995,2830024,52,-
2838740,2838759,47,-
2849632,2849669,59,-
2850021,2850061,54,-
2850240,2850265,57,-
2850841,2850872,70,+
2851920,2851942,48,+
2854305,2854324,52,-
2854571,2854590,47,-
2856600,2856633,75,-
2861213,2861240,55,-
2862244,2862270,56,+
2862462,2862490,55,+
2862564,2862610,90,-
2865661,2865690,52,+
2865746,2865777,67,-
2865970,2866018,88,-
2867347,2867378,48,-
2868225,2868249,59,+
2868611,2868631,47,-
2874671,2874717,50,-
2876867,2876898,50,-
2877557,2877594,58,-
2879915,2879944,85,-
2879959,2879994,48,-
2880262,2880293,93,-
2880744,2880780,62,+
2881348,2881380,58,+
2881619,2881653,51,+
2881986,2882021,61,-
2883053,2883086,75,+
2883322,2883350,61,+
2883624,2883643,66,-
2884100,2884134,60,-
2884659,2884694,65,-
2884709,2884727,67,-
2885642,2885662,64,-
2886379,2886406,55,-
2888740,2888765,58,-
2893874,2893908,79,-
2894690,2894721,52,-
2897810,2897838,55,-
2901218,2901247,64,-
2902658,2902677,49,-
2903542,2903567,67,-
2903684,2903716,49,-
2905337,2905357,64,-
2907166,2907187,49,+
2907226,2907265,58,-
2908184,2908226,54,-
2908450,2908485,99,-
2908970,2909007,47,-
2909456,2909481,47,-
2909708,2909742,102,-
2910536,2910572,55,-
2911634,2911655,92,-
2916164,2916204,55,-
2916266,2916290,60,-
2916486,2916524,53,-
2916678,2916711,65,-
2917080,2917112,59,-
2917331,2917365,64,-
2917509,2917539,62,-
2917558,2917583,47,-
2917621,2917645,58,-
2917875,2917903,55,+
2917925,2917960,59,+
2918895,2918943,49,-
2919374,2919420,52,-
2920037,2920071,67,-
2920086,2920107,63,-
2920750,2920766,52,-
2921324,2921357,64,-
2921753,2921781,57,-
2922346,2922384,57,-
2926757,2926785,54,-
2928660,2928680,48,-
2933428,2933455,55,-
2933545,2933581,62,-
2934918,2934956,53,+
2935109,2935142,80,-
2936491,2936525,91,-
2936963,2936984,49,-
2938007,2938049,53,+
2940393,2940430,62,-
2940522,2940558,48,-
2941134,2941150,53,+
2941342,2941379,58,-
2941587,2941615,60,+
2945888,2945917,61,-
2947618,2947643,57,-
2948069,2948096,55,-
2948443,2948476,75,+
2948652,2948683,57,-
2949450,2949470,49,-
2952835,2952873,54,+
2954846,2954880,47,-
2955316,2955334,51,-
2955465,2955492,55,-
2955544,2955569,67,-
2955851,2955869,51,+
2956493,2956516,60,-
2962053,2962072,49,-
2967233,2967268,58,-
2968302,2968326,59,-
2968393,2968439,52,-
2968534,2968564,51,-
2971152,2971175,60,+
2971219,2971255,59,-
2971419,2971438,66,-
2975402,2975435,52,+
2976755,2976774,47,+
2977040,2977072,50,+
2977325,2977343,52,-
2979134,2979169,47,+
2979213,2979255,52,-
2980086,2980121,74,-
2987443,2987466,48,+
2987606,2987633,53,+
2989342,2989365,49,+
2992252,2992284,50,+
2993456,2993475,66,-
2994251,2994293,53,+
2995671,2995691,47,+
2996237,2996271,61,-
2996611,2996638,66,-
2997755,2997784,55,-
2999536,2999567,65,-
3000061,3000092,60,-
3000594,3000640,49,-
3001189,3001212,60,-
3002009,3002035,61,+
3003088,3003114,56,-
3003204,3003237,59,-
3003495,3003536,70,+
3003728,3003759,65,-
3004496,3004535,53,+
3004601,3004632,59,-
3004914,3004943,52,-
3005199,3005226,55,-
3005706,3005744,56,+
3006143,3006178,59,+
3006299,3006338,55,+
3006358,3006386,65,+
3006672,3006709,47,-
3006963,3006990,55,-
3007448,3007476,57,-
3007857,3007883,55,+
3008889,3008919,65,-
3009652,3009684,50,-
3013671,3013701,54,-
3019557,3019600,50,-
3022779,3022808,52,-
3025735,3025782,50,+
3027254,3027276,72,-
3027342,3027381,54,+
3028461,3028498,64,+
3028681,3028720,55,+
3030614,3030640,63,-
3031313,3031353,55,-
3032519,3032541,49,-
3033567,3033584,69,-
3033756,3033781,57,-
3034455,3034480,47,-
3036848,3036880,67,-
3036959,3036984,68,-
3038143,3038183,55,-
3039665,3039702,53,+
3039786,3039815,87,-
3039835,3039868,50,-
3042040,3042078,59,+
3042189,3042223,50,-
3043048,3043082,74,-
3043741,3043781,50,+
3044452,3044497,47,+
3044667,3044709,65,-
3045417,3045437,64,-
3046076,3046113,51,+
3046863,3046892,52,-
3047081,3047111,66,+
3047146,3047178,65,+
3048282,3048320,54,-
3048825,3048865,54,-
3049631,3049665,62,+
3050856,3050901,48,+
3051619,3051655,59,+
3052438,3052462,59,+
3053155,3053176,63,-
3055855,3055873,67,-
3058262,3058294,66,-
3058372,3058403,67,+
3060092,3060129,57,-
3060760,3060800,51,+
3062085,3062110,69,-
3064685,3064718,60,-
3066299,3066323,58,-
3067438,3067474,54,-
3068179,3068199,51,+
3068701,3068745,48,+
3069625,3069653,54,+
3069858,3069895,56,+
3070422,3070452,66,-
3070780,3070809,52,+
3071760,3071780,47,-
3072095,3072128,61,-
3072305,3072344,54,-
3072647,3072672,47,+
3076349,3076369,64,-
3078708,3078740,49,-
3079670,3079690,47,+
3079851,3079898,47,-
3083273,3083300,72,-
3084047,3084080,48,-
3084167,3084202,55,-
3085274,3085294,52,-
3085330,3085368,61,+
3086669,3086700,50,+
3087772,3087797,57,-
3088542,3088567,92,-
3092449,3092485,59,-
3092514,3092549,56,-
3094584,3094608,69,-
3094872,3094899,55,+
3095014,3095044,54,-
3096836,3096865,52,+
3097927,3097963,58,+
3098301,3098330,52,+
3104170,3104195,57,+
3110723,3110762,58,+
3111663,3111697,50,+
3112962,3112992,51,-
3113681,3113704,49,-
3115804,3115832,55,-
3116271,3116290,49,+
3116705,3116737,60,-
3118765,3118785,47,-
3122658,3122681,49,-
3125259,3125279,47,-
3126943,3126961,49,-
3129817,3129858,52,-
3130407,3130445,51,-
3130870,3130896,56,-
3131483,3131503,48,-
3133295,3133314,47,-
3133454,3133491,56,-
3134334,3134369,58,-
3134924,3134956,76,-
3135358,3135382,48,-
3135529,3135562,80,-
3136121,3136144,72,-
3137808,3137831,48,-
3138785,3138817,63,-
3143699,3143725,61,-
3148013,3148045,65,-
3148276,3148315,52,-
3148603,3148646,50,-
3148748,3148773,47,-
3151180,3151211,65,-
3151323,3151355,59,-
3151549,3151595,50,-
3151619,3151643,89,-
3152421,3152449,54,-
3152635,3152683,48,+
3152714,3152753,57,-
3156162,3156182,49,-
3156435,3156475,53,-
3156940,3156960,47,+
3157093,3157129,76,-
3157360,3157389,64,+
3157871,3157902,64,-
3158640,3158672,59,+
3160575,3160607,51,-
3161019,3161042,60,-
3163160,3163186,68,-
3164363,3164382,66,-
3164748,3164785,56,+
3165373,3165415,67,-
3165509,3165544,71,-
3165562,3165584,48,-
3166197,3166230,48,-
3166636,3166662,56,-
3167591,3167610,49,-
3168668,3168691,50,-
3168836,3168872,75,+
3168939,3168970,66,-
3171078,3171098,64,-
3172948,3172974,73,-
3173505,3173525,47,-
3173670,3173690,47,-
3174018,3174038,47,-
3174894,3174920,60,+
3175914,3175944,59,-
3176162,3176188,64,-
3176924,3176949,57,-
3180086,3180117,65,+
3182629,3182647,51,-
3183531,3183550,49,-
3184264,3184296,48,+
3191418,3191445,55,-
3191612,3191638,56,-
3191682,3191715,58,-
3194112,3194140,71,+
3194773,3194803,66,-
3196367,3196402,60,-
3196684,3196715,50,-
3196866,3196898,49,-
3197136,3197159,60,-
3199868,3199890,48,-
3201110,3201133,49,+
3201412,3201428,52,-
3204178,3204208,51,-
3204560,3204587,55,-
3208244,3208274,51,-
3212585,3212616,50,-
3213496,3213526,51,+
3214707,3214733,66,-
3214814,3214845,59,-
3217400,3217421,48,+
3217970,3217996,56,+
3219009,3219035,56,-
3219327,3219348,51,-
3219521,3219557,55,-
3219670,3219690,64,-
3221090,3221112,61,-
3222390,3222432,55,-
3223658,3223684,56,-
3226541,3226561,47,-
3227283,3227307,71,+
3227789,3227818,79,-
3228792,3228825,48,+
3229982,3230025,54,+
3232234,3232265,65,+
3232974,3233004,57,-
3233776,3233801,58,+
3234198,3234232,50,-
3234281,3234308,55,-
3234344,3234370,68,-
3234408,3234444,62,-
3235771,3235791,51,-
3235875,3235916,58,-
3236962,3236987,56,-
3238207,3238251,48,-
3238928,3238947,49,-
3239316,3239346,52,+
3239727,3239756,52,-
3239856,3239884,54,+
3241917,3241954,99,-
3243754,3243777,49,+
3243797,3243836,51,-
3243848,3243884,56,-
3246029,3246078,47,-
3247309,3247351,52,+
3247751,3247777,70,-
3248740,3248761,53,+
3249404,3249446,53,+
3251112,3251141,68,-
3252784,3252814,65,+
3253224,3253254,60,-
3255753,3255784,71,+
3257898,3257919,62,-
3257942,3257978,47,-
3260410,3260448,96,-
3262215,3262234,47,-
3263337,3263373,62,+
3263511,3263536,93,-
3266333,3266364,51,-
3266708,3266731,50,+
3267537,3267567,51,+
3267588,3267609,63,+
3268143,3268174,65,-
3268788,3268818,65,-
3269024,3269062,55,+
3269995,3270032,75,-
3270208,3270245,53,-
3270697,3270729,62,-
3272156,3272178,90,-
3272930,3272973,97,+
3274649,3274667,49,+
3275214,3275250,55,-
3276965,3277000,54,-
3278116,3278137,49,+
3278856,3278884,55,-
3279204,3279244,57,+
3280584,3280612,63,-
3287028,3287071,49,-
3294092,3294121,54,-
3294371,3294401,49,-
3295541,3295571,65,+
3295666,3295708,55,+
3297167,3297208,50,-
3297652,3297672,48,+
3297739,3297767,54,+
3304061,3304094,62,-
3306819,3306847,88,-
3311555,3311581,56,+
3312706,3312739,65,-
3313042,3313065,50,-
3313702,3313728,73,-
3314177,3314205,54,-
3314238,3314272,58,-
3314957,3314980,60,-
3315996,3316044,48,-
3318206,3318227,49,-
3318422,3318455,62,-
3321983,3322023,59,-
3323226,3323261,71,-
3323463,3323494,50,-
3324908,3324950,54,-
3325099,3325126,55,+
3325242,3325271,52,+
3325900,3325925,57,-
3325991,3326029,55,-
3327910,3327931,63,-
3330322,3330342,64,-
3331187,3331222,58,+
3333799,3333824,86,-
3338771,3338813,51,+
3338940,3338968,55,-
3341577,3341614,47,+
3343875,3343900,57,+
3349667,3349707,53,-
3353512,3353539,55,+
3360443,3360476,58,+
3361012,3361045,65,-
3361089,3361115,56,+
3362393,3362426,60,+
3362534,3362580,47,-
3363305,3363327,63,-
3363677,3363713,120,-
3363880,3363919,53,-
3363987,3364017,80,-
3364701,3364741,51,+
3366566,3366589,48,+
3370626,3370648,107,-
3372134,3372157,49,-
3372322,3372346,59,-
3376596,3376625,52,+
3377338,3377380,57,+
3379429,3379468,51,-
3379504,3379528,70,-
3380424,3380449,68,-
3380584,3380618,55,-
3384751,3384796,50,-
3389661,3389705,52,+
3390477,3390503,66,-
3392136,3392169,63,-
3393357,3393384,55,-
3393528,3393557,65,+
3398250,3398266,52,-
3403180,3403197,50,+
3403321,3403349,67,-
3403962,3403983,63,-
3410406,3410432,60,-
3410859,3410891,49,-
3411477,3411512,62,-
3413311,3413344,55,-
3415806,3415836,52,-
3416674,3416718,52,-
3418471,3418507,57,-
3419608,3419640,58,+
3420042,3420080,57,+
3424480,3424517,62,-
3424737,3424754,50,+
3425550,3425589,52,-
3427367,3427396,52,+
3430002,3430028,56,-
3432048,3432084,54,-
3432185,3432222,56,-
3432507,3432533,61,-
3433735,3433773,54,+
3434842,3434873,55,-
3435366,3435392,61,+
3437064,3437086,49,-
3437172,3437191,49,-
3437550,3437570,49,-
3438640,3438670,57,-
3439032,3439051,49,+
3439719,3439753,58,-
3440998,3441040,49,-
3450781,3450809,63,-
3469689,3469724,48,-
3470122,3470154,68,-
3470396,3470442,48,-
3480297,3480320,60,-
3481053,3481089,47,-
3481258,3481276,50,+
3481320,3481351,52,-
3483041,3483081,49,+
3483345,3483372,71,+
3485809,3485842,58,-
3486294,3486319,58,-
3487092,3487131,50,-
3487538,3487573,73,+
3488082,3488101,49,+
3488199,3488231,62,-
3489533,3489560,53,+
3490150,3490183,56,-
3491187,3491211,94,-
3491946,3491984,50,+
3492136,3492153,69,-
3493579,3493602,49,-
3493614,3493643,52,-
3493651,3493678,67,-
3494564,3494596,47,+
3495891,3495923,50,+
3497118,3497144,56,-
3497579,3497616,58,+
3499549,3499577,81,-
3501549,3501586,70,+
3502077,3502107,51,-
3503490,3503521,50,-
3506438,3506463,67,-
3506978,3507016,71,-
3507697,3507739,69,-
3508225,3508247,61,+
3508302,3508333,105,-
3509736,3509768,50,+
3510520,3510565,47,-
3511379,3511394,53,-
3512687,3512703,70,-
3513571,3513603,58,-
3514129,3514164,60,-
3515371,3515409,53,+
3516056,3516080,58,+
3516170,3516193,48,+
3516611,3516646,50,-
3518148,3518169,51,-
3518175,3518215,57,+
3518406,3518449,48,-
3518605,3518637,60,-
3518710,3518736,56,-
3519220,3519242,49,+
3519547,3519584,71,+
3519809,3519837,54,-
3520316,3520347,59,+
3520440,3520465,57,-
3520493,3520510,50,-
3523680,3523714,61,+
3523862,3523908,52,-
3526437,3526461,88,-
3530657,3530682,47,+
3531002,3531032,68,-
3531476,3531496,49,-
3535471,3535509,54,-
3536054,3536077,60,-
3536125,3536155,64,-
3537686,3537724,75,-
3542775,3542803,68,-
3543658,3543691,60,-
3544396,3544435,55,-
3545526,3545570,53,-
3546670,3546702,51,-
3547758,3547777,66,-
3548672,3548692,48,-
3549682,3549708,64,-
3553898,3553937,85,+
3555176,3555208,59,+
3555535,3555560,58,-
3557123,3557143,47,-
3557782,3557802,51,-
3559814,3559836,51,-
3560528,3560555,65,-
3561041,3561076,59,+
3562250,3562283,51,+
3563500,3563520,47,-
3563686,3563718,60,+
3563739,3563765,73,+
3565802,3565829,72,-
3565992,3566036,53,+
3566301,3566333,65,-
3568534,3568562,55,-
3571435,3571461,57,-
3572181,3572221,59,-
3572369,3572393,60,-
3572454,3572478,69,-
3572539,3572563,69,-
3573704,3573730,61,-
3575992,3576027,73,+
3576189,3576219,66,-
3576553,3576580,83,-
3579587,3579636,47,-
3580163,3580208,50,-
3582308,3582345,64,-
3586651,3586682,55,-
3591035,3591068,58,-
3593720,3593758,53,+
3593794,3593825,67,-
3597287,3597317,79,-
3598116,3598142,70,-
3609273,3609305,60,-
3609417,3609445,58,+
3611629,3611655,68,-
3612958,3612995,55,-
3613405,3613426,48,-
3613430,3613463,68,-
3613547,3613580,61,-
3613596,3613631,60,-
3613741,3613783,53,-
3615361,3615387,56,-
3616939,3616979,50,-
3618029,3618049,48,-
3621903,3621940,104,-
3622764,3622782,67,+
3622935,3622952,69,+
3623248,3623285,53,-
3624944,3624975,48,-
3626513,3626539,56,+
3627388,3627411,60,-
3627572,3627604,49,+
3627863,3627895,54,-
3629887,3629915,63,+
3639019,3639062,50,+
3640015,3640036,63,-
3640318,3640338,47,-
3640480,3640516,54,+
3642390,3642427,54,-
3646452,3646494,51,-
3647258,3647275,52,+
3649318,3649337,49,-
3649798,3649831,52,-
3652048,3652080,49,+
3652782,3652802,47,+
3655052,3655085,62,+
3655542,3655581,53,-
3657462,3657481,66,-
3659521,3659552,51,+
3662560,3662599,54,-
3662708,3662733,72,-
3663137,3663160,72,-
3663264,3663289,47,+
3663382,3663404,51,-
3664562,3664603,50,-
3665686,3665717,63,-
3667046,3667070,59,-
3670982,3671014,57,+
3679365,3679388,48,+
3681938,3681965,55,-
3683617,3683658,57,+
3685364,3685383,49,+
3686411,3686429,52,-
3688517,3688536,66,+
3690849,3690873,48,+
3691205,3691233,66,-
3691269,3691288,47,-
3691293,3691312,47,+
3691540,3691574,48,+
3692348,3692392,67,-
3693543,3693583,55,-
3693685,3693720,62,+
3694041,3694070,54,-
3694274,3694293,47,+
3696014,3696053,73,-
3697890,3697925,55,-
3698922,3698951,70,-
3700384,3700425,53,-
3707266,3707286,47,+
3709687,3709714,70,-
3710533,3710563,51,+
3711053,3711082,52,-
3713949,3713979,80,-
3714385,3714418,58,-
3714633,3714665,64,-
3716176,3716203,85,-
3718358,3718382,48,-
3719198,3719231,50,+
3719872,3719890,51,+
3723259,3723278,47,-
3723471,3723505,60,-
3723519,3723555,55,-
3725324,3725368,49,+
3726504,3726533,60,-
3728408,3728448,55,-
3731512,3731545,59,-
3732223,3732256,58,-
3732369,3732393,59,-
3734444,3734489,49,-
3735822,3735856,59,-
3736579,3736600,48,-
3737024,3737058,63,-
3739077,3739115,50,-
3739217,3739241,48,-
3743470,3743500,49,+
3743508,3743545,61,-
3745361,3745394,48,+
3745706,3745736,57,-
3746256,3746295,53,-
3747780,3747815,58,-
3752048,3752076,61,-
3752977,3753019,54,+
3756233,3756277,49,+
3756717,3756740,48,+
3757611,3757632,49,+
3758455,3758485,49,-
3760048,3760084,48,-
3760475,3760511,61,+
3760977,3761015,56,+
3761222,3761250,65,-
3761690,3761726,54,-
3762924,3762951,55,-
3765092,3765119,55,-
3765163,3765198,64,-
3771250,3771282,60,-
3772367,3772391,48,-
3772670,3772697,55,+
3776333,3776358,47,+
3777134,3777169,55,-
3777998,3778021,60,-
3778381,3778416,71,+
3779457,3779483,56,+
3780440,3780484,49,-
3781332,3781372,57,+
3782748,3782773,57,-
3782831,3782871,71,+
3782894,3782926,47,-
3787297,3787329,47,-
3787378,3787397,47,-
3787434,3787472,51,-
3787812,3787856,52,-
3787875,3787906,50,+
3789764,3789790,56,+
3790283,3790304,48,+
3790774,3790811,57,+
3790921,3790945,59,+
3794428,3794460,62,-
3794598,3794633,76,-
3795261,3795278,50,-
3795807,3795830,48,-
3796370,3796395,88,-
3797297,3797326,51,+
3800449,3800466,52,+
3801277,3801322,53,-
3802941,3802961,47,+
3804263,3804286,50,-
3805275,3805301,56,-
3805445,3805468,60,-
3806616,3806650,62,+
3807032,3807059,58,-
3808310,3808335,56,+
3816111,3816140,52,-
3816620,3816638,49,-
3817463,3817487,48,-
3817785,3817807,48,-
3819822,3819842,48,+
3821325,3821367,49,+
3821659,3821689,49,-
3822497,3822521,48,+
3822946,3822965,65,-
3823060,3823085,58,-
3823409,3823431,49,-
3823449,3823480,77,-
3823935,3823974,53,+
3824005,3824021,52,-
3824631,3824674,53,-
3826447,3826480,48,+
3826778,3826811,47,-
3827489,3827517,83,-
3830390,3830426,58,-
3831661,3831708,47,-
3831751,3831796,49,-
3831949,3831986,71,-
3832062,3832097,58,-
3833065,3833104,53,+
3835551,3835585,74,+
3835654,3835694,85,+
3835865,3835908,54,-
3836164,3836200,76,-
3836487,3836517,62,-
3838362,3838398,59,-
3838656,3838688,51,+
3839191,3839214,60,-
3839640,3839682,69,+
3842253,3842284,50,+
3844602,3844637,61,-
3844794,3844839,49,-
3846957,3846988,65,+
3851224,3851258,56,-
3854646,3854668,61,-
3855795,3855825,68,-
3856684,3856732,47,-
3857230,3857272,49,-
3858145,3858181,59,+
3858833,3858860,55,-
3861394,3861415,48,-
3861719,3861752,63,-
3862981,3863023,53,-
3863130,3863155,58,-
3865005,3865027,70,-
3865096,3865142,47,-
3866287,3866324,56,+
3868976,3869021,50,-
3870718,3870743,61,-
3871261,3871296,55,-
3871441,3871475,62,-
3873075,3873091,70,-
3873777,3873798,48,-
3874795,3874828,62,+
3876131,3876160,58,-
3876700,3876719,47,-
3881201,3881222,48,-
3882559,3882575,52,-
3887309,3887329,64,-
3889181,3889224,53,-
3889415,3889452,56,-
3889529,3889569,49,-
3889997,3890038,48,+
3890219,3890240,49,-
3890634,3890681,50,-
3892274,3892306,54,+
3892817,3892846,66,-
3893560,3893594,78,-
3894625,3894664,51,+
3895791,3895810,49,-
3896251,3896275,59,-
3897758,3897774,52,+
3897785,3897812,65,-
3898588,3898621,48,-
3902469,3902493,59,+
3904692,3904719,60,-
3905688,3905707,47,+
3905722,3905750,54,+
3906969,3906999,51,+
3908091,3908119,54,+
3909349,3909379,51,+
3911571,3911591,64,-
3912587,3912624,55,-
3912847,3912891,54,-
3913947,3913980,74,+
3914921,3914943,61,+
3915866,3915908,53,-
3915948,3915978,51,-
3916834,3916860,56,-
3917617,3917650,47,-
3918065,3918100,54,-
3919013,3919044,59,-
3920487,3920517,82,+
3922340,3922359,49,-
3922918,3922956,62,+
3924130,3924169,98,+
3925886,3925916,51,+
3928462,3928491,52,-
3928517,3928546,68,-
3931212,3931245,79,-
3932727,3932760,60,-
3933253,3933292,55,-
3933320,3933354,50,-
3933430,3933453,48,-
3934190,3934217,68,-
3934382,3934417,55,-
3938376,3938402,56,-
3938701,3938733,49,-
3939200,3939227,55,-
3943087,3943113,56,+
3945253,3945285,60,-
3947807,3947849,50,+
3951519,3951558,50,+
3953122,3953151,66,+
3958232,3958258,68,-
3959611,3959634,49,-
3964353,3964385,49,-
3964747,3964777,62,-
3965791,3965828,55,-
3966127,3966147,47,-
3966785,3966825,87,-
3974229,3974246,50,-
3975079,3975124,50,-
3978159,3978191,49,-
3978866,3978903,53,+
3987149,3987188,54,+
3988561,3988591,51,-
3989509,3989534,57,+
3992065,3992082,50,-
4002481,4002501,51,-
4004180,4004210,51,+
4008928,4008954,72,-
4009139,4009176,59,-
4010841,4010859,50,-
4013587,4013604,50,-
4017526,4017568,51,-
4028130,4028148,50,-
4031350,4031371,63,+
4033894,4033924,63,-
4036184,4036207,60,-
4036415,4036441,55,-
4037298,4037317,66,-
4037511,4037542,64,-
4039333,4039363,51,-
4040043,4040069,56,-
4040603,4040640,58,+
4040678,4040719,53,-
4040837,4040865,54,+
4042074,4042109,56,+
4042447,4042476,52,-
4042977,4043006,87,+
4043072,4043103,55,+
4044018,4044057,58,-
4045285,4045315,49,-
4045742,4045771,68,-
4047387,4047418,50,-
4051302,4051346,53,-
4051502,4051544,51,-
4053561,4053579,49,-
4053893,4053922,52,-
4054596,4054624,83,-
4055505,4055525,47,-
4059662,4059688,83,+
4060100,4060119,49,-
4060235,4060259,71,-
4060608,4060629,63,-
4060817,4060861,54,-
4061776,4061808,49,+
4061973,4062009,55,-
4062543,4062565,61,+
4063642,4063669,55,+
4063888,4063917,80,-
4064188,4064215,58,-
4064754,4064786,56,-
4065323,4065357,50,-
4066034,4066080,50,-
4066552,4066571,51,-
4071359,4071385,66,+
4071530,4071552,70,-
4072076,4072106,66,+
4072644,4072674,51,+
4073185,4073221,48,-
4073625,4073658,59,+
4073864,4073895,57,-
4074384,4074408,48,-
4074484,4074522,59,+
4077047,4077067,49,-
4078056,4078085,79,-
4079052,4079077,57,-
4079129,4079170,52,-
4079343,4079370,69,-
4079887,4079902,53,-
4080386,4080410,87,-
4080440,4080462,61,-
4080980,4081021,50,-
4082284,4082317,47,-
4082603,4082622,47,+
4085977,4086014,59,-
4087513,4087548,56,-
4088262,4088286,48,-
4089633,4089656,49,-
4090820,4090862,67,+
4092524,4092563,57,-
4092805,4092824,47,-
4092942,4092967,84,-
4093148,4093174,71,-
4093708,4093727,47,-
4094756,4094800,51,-
4097597,4097623,57,-
4104313,4104339,101,-
4106482,4106501,47,-
4108026,4108054,54,+
4108265,4108300,48,+
4111123,4111163,53,-
4114376,4114403,53,-
4115089,4115117,63,-
4115383,4115419,55,-
4115731,4115767,58,-
4116705,4116727,62,+
4116831,4116852,48,-
4117059,4117095,47,+
4117816,4117846,57,+
4121500,4121541,70,-
4122366,4122402,59,+
4122427,4122450,61,+
4123797,4123824,69,+
4124507,4124538,50,+
4125961,4126004,54,-
4126553,4126577,48,-
4127622,4127645,48,-
4128145,4128163,49,+
4136484,4136507,63,-
4139734,4139773,69,+
4142400,4142420,47,-
4143537,4143560,60,-
4144490,4144529,57,+
4144619,4144656,47,-
4145206,4145251,53,-
4145455,4145475,47,-
4145636,4145664,57,-
4147903,4147943,55,-
4148510,4148542,49,-
4148768,4148800,57,-
4151434,4151482,90,-
4151581,4151619,54,-
4153727,4153756,52,-
4154920,4154948,61,-
4155443,4155471,69,+
4156868,4156890,61,+
4158635,4158654,47,+
4161277,4161296,56,-
4162710,4162745,107,+
4167094,4167138,96,-
4199158,4199195,59,-
4199636,4199666,59,-
4200327,4200354,71,-
4201089,4201119,68,+
4206058,4206088,51,-
4206676,4206693,50,-
4206875,4206901,56,-
4206931,4206949,67,-
4208080,4208113,48,-
4210673,4210702,52,-
4210812,4210838,56,+
4213248,4213277,66,-
4213311,4213341,49,-
4214989,4215023,62,+
4215237,4215256,47,-
4219630,4219645,53,-
4222525,4222555,49,-
4224734,4224769,64,-
4224856,4224899,52,-
4227478,4227514,48,-
4228395,4228432,47,+
4229590,4229607,50,-
4230225,4230273,48,-
4231487,4231509,62,-
4231682,4231706,59,+
4233891,4233930,55,-
4234149,4234171,49,+
4237071,4237094,60,+
4239303,4239339,64,-
4239526,4239560,51,-
4239612,4239629,69,-
4242074,4242104,57,-
4243597,4243628,95,-
4244207,4244234,81,-
4245346,4245379,74,+
4245781,4245818,61,-
4246102,4246136,58,-
4254273,4254307,56,-
4254308,4254343,78,-
4255747,4255789,65,-
4256218,4256248,57,-
4261431,4261452,63,+
4263286,4263328,69,+
4264943,4264972,82,-
4266000,4266039,51,-
4267183,4267211,54,-
4268112,4268140,54,-
4269696,4269742,90,-
4273385,4273409,48,+
4276364,4276394,63,-
4276891,4276919,69,-
4279020,4279040,49,-
4279354,4279390,74,-
4279638,4279672,51,+
4279702,4279733,82,-
4279978,4280002,88,-
4280740,4280759,49,+
4280768,4280798,51,-
4281113,4281150,58,-
4281360,4281379,66,-
4282570,4282596,56,-
4283500,4283527,63,+
4283834,4283852,49,-
4284243,4284274,51,+
4287189,4287228,50,-
4287794,4287832,58,-
4291948,4291982,59,+
4292274,4292301,65,+
4294273,4294292,47,+
4294392,4294432,58,-
4296271,4296306,59,-
4297639,4297687,47,-
4297724,4297753,65,-
4298815,4298846,63,-
4304928,4304961,51,+
4310020,4310041,48,-
4312485,4312517,49,-
4314529,4314574,53,+
4316296,4316326,66,-
4316823,4316846,60,-
4317618,4317635,50,-
4319214,4319251,58,-
4319520,4319549,67,-
4319889,4319932,48,+
4320721,4320756,58,+
4320787,4320832,53,+
4320894,4320914,64,-
4320943,4320970,65,-
4321084,4321115,50,-
4321957,4321996,58,+
4322338,4322360,48,-
4323104,4323151,47,-
4323348,4323379,52,+
4324032,4324062,60,-
4324416,4324446,63,+
4325170,4325201,65,-
4327775,4327804,69,-
4327829,4327849,48,+
4328161,4328186,67,+
4328795,4328817,48,+
4329310,4329352,55,-
4329684,4329716,70,-
4331054,4331072,49,+
4331539,4331583,65,-
4332028,4332058,96,+
4332198,4332218,48,+
4332475,4332513,53,-
4334640,4334667,60,-
4334971,4334988,50,+
4335528,4335553,58,+
4336021,4336051,79,+
4336409,4336442,65,-
4336787,4336813,56,-
4337611,4337630,49,-
4341012,4341050,86,-
4342310,4342337,55,+
4344282,4344324,55,-
4344764,4344800,55,-
4347317,4347343,57,-
4347482,4347507,57,-
4348604,4348637,56,-
4351396,4351420,59,-
4351714,4351744,51,-
4351884,4351917,65,-
4352128,4352148,47,-
4352252,4352288,64,-
4352455,4352475,47,-
4353081,4353100,49,+
4355501,4355519,67,-
4356195,4356230,48,-
4357637,4357674,62,-
4362974,4362994,49,+
4363257,4363284,55,+
4365518,4365535,52,-
4365953,4365999,47,+
4367176,4367196,47,+
4367428,4367448,47,+
4368015,4368059,52,+
4369304,4369338,68,-
4370765,4370792,55,-
4371512,4371540,54,+
4375300,4375332,49,-
4382751,4382770,47,-
4383089,4383108,49,-
4383771,4383799,68,-
4394592,4394634,54,-
4397474,4397494,48,-
4397939,4397970,50,-
4403105,4403130,57,-
4404109,4404138,52,-
4404380,4404421,54,-
4406481,4406503,61,-
4408623,4408646,60,+
4408781,4408816,58,+
4409669,4409697,83,-
4410172,4410194,61,+
4412637,4412657,48,-
4416955,4416994,54,-
4417385,4417426,50,-
4417581,4417612,63,-
4419148,4419188,57,+
4421089,4421128,55,-
4421727,4421744,50,+
4422966,4422990,48,+
4423247,4423274,65,-
4424375,4424398,89,+
4424547,4424569,72,-
4424747,4424770,60,+
4426504,4426536,63,+
4427245,4427289,50,-
4428032,4428076,49,-
4428303,4428340,90,-
4428973,4429010,58,-
4430402,4430430,52,-
4435907,4435927,92,-
4436014,4436048,91,-
4437214,4437234,48,-
4444049,4444069,48,+
4444205,4444238,62,-
4446587,4446620,50,-
4457216,4457240,59,+
4457307,4457334,55,+
4458582,4458607,57,+
4459327,4459362,61,+
4459830,4459859,60,-
4463570,4463588,49,+
4474838,4474855,50,-
4475699,4475722,60,+
4476083,4476112,52,+
4480788,4480830,52,-
4484581,4484612,50,-
4487629,4487660,50,+
4490727,4490752,57,+
4491889,4491922,80,-
4493297,4493316,66,-
4502211,4502237,56,+
4505919,4505943,48,+
4509380,4509413,48,+
4510162,4510186,48,-
4510724,4510745,52,+
4511818,4511857,50,+
4512480,4512513,50,+
4514127,4514157,51,-
4514347,4514386,54,+
4516326,4516344,50,+
4518542,4518584,53,+
