start,end,score,strand
6692,6713,90,+
11464,11484,64,-
12991,13021,51,+
25117,25144,55,+
26134,26155,63,+
32434,32460,66,+
44895,44920,57,+
47643,47664,51,+
50812,50830,49,-
51985,52013,65,+
53459,53479,64,-
69287,69304,52,+
70060,70094,61,+
75604,75643,54,-
78704,78738,58,+
81320,81340,64,+
82695,82730,48,+
90873,90909,56,+
90936,90958,70,-
90997,91017,64,+
105692,105728,53,+
117793,117828,56,+
123694,123726,49,+
144432,144452,64,-
144499,144521,70,+
146740,146760,64,-
152534,152551,52,+
153588,153609,48,+
157410,157433,48,+
157597,157644,48,+
175686,175708,89,-
180348,180382,65,-
190783,190805,61,+
194602,194624,89,-
200894,200920,61,-
201945,201965,47,-
202202,202234,50,+
203662,203682,64,-
203740,203762,89,+
206592,206615,61,+
209686,209717,62,+
220917,220937,64,+
251300,251333,58,+
266600,266622,89,+
268398,268418,64,+
269009,269035,56,-
273741,273772,50,+
289125,289146,72,+
289164,289184,64,-
290487,290511,69,-
296977,297004,57,+
297053,297090,47,+
297188,297218,60,-
297547,297565,49,+
320838,320860,89,-
320920,320938,67,+
330879,330914,61,+
331650,331672,79,+
335396,335416,64,-
339686,339708,89,+
343432,343454,70,+
344457,344500,49,+
346683,346712,54,+
348652,348686,60,-
350454,350476,70,-
350513,350534,72,+
352818,352840,61,-
354154,354174,64,+
357157,357186,54,-
360594,360614,64,+
363729,363749,64,-
369433,369470,47,+
371104,371147,49,+
372571,372593,89,-
372643,372665,70,+
389303,389338,55,-
418929,418957,54,+
431317,431339,70,-
432166,432186,64,+
432443,432463,47,-
432983,433002,49,-
438601,438638,55,+
444781,444815,60,+
451385,451413,55,+
459406,459437,48,-
459628,459663,52,-
468060,468091,48,+
474314,474336,70,+
477645,477694,57,+
482646,482668,89,+
486504,486534,64,+
490920,490942,89,-
490979,491001,70,+
494618,494638,64,-
494704,494724,64,+
501299,501315,52,+
504570,504590,64,-
512324,512346,70,-
512384,512406,89,+
515762,515782,64,+
532638,532682,53,-
532811,532830,66,-
533360,533378,51,+
540249,540269,64,+
540343,540363,64,+
547062,547094,67,+
548430,548452,89,-
549861,549895,47,+
554274,554295,49,+
556531,556573,55,+
562027,562047,64,-
567753,567775,89,-
567812,567834,70,+
571717,571737,64,+
571757,571779,70,-
574753,574774,48,+
575579,575623,53,-
576874,576921,47,-
578125,578155,61,-
578156,578185,52,+
584021,584069,47,+
598559,598577,49,+
615981,616002,49,+
627827,627847,64,-
628636,628656,64,+
634188,634210,70,-
634260,634282,89,+
636322,636341,47,-
636400,636422,107,+
656479,656510,65,+
660915,660934,47,+
661130,661167,54,-
662189,662213,59,-
680045,680065,47,+
681338,681373,60,+
689661,689697,57,+
690586,690604,52,+
694769,694799,65,-
697459,697495,61,+
702605,702637,57,-
706812,706831,47,+
714759,714791,59,+
715369,715389,64,+
721897,721939,53,+
755006,755041,76,+
776384,776412,54,+
778404,778446,57,+
781687,781707,64,+
786113,786133,64,-
786789,786834,52,-
789344,789364,64,-
795992,796024,61,+
803211,803231,64,-
808114,808156,69,+
817177,817197,64,-
819117,819160,48,+
827247,827267,64,+
831257,831277,64,+
832424,832463,54,+
840015,840042,55,+
842490,842522,49,+
871286,871308,61,-
882598,882630,51,-
885028,885056,65,+
886651,886670,47,+
887932,887952,64,+
901042,901076,60,+
917562,917590,54,-
920628,920648,51,-
921966,921999,59,+
934838,934861,49,+
942348,942387,53,+
942673,942698,57,+
943747,943769,70,-
943818,943838,64,+
958155,958191,55,+
960936,960967,67,+
965530,965552,70,+
967951,967971,64,-
977865,977887,89,+
978279,978302,96,-
991759,991779,64,+
994156,994178,49,-
998936,998971,58,-
1003072,1003092,64,-
1006661,1006685,59,+
1007299,1007339,58,-
1030344,1030383,50,+
1035021,1035052,60,+
1039541,1039564,60,+
1042837,1042863,56,-
1044196,1044218,61,+
1044489,1044513,59,+
1057299,1057318,47,+
1062499,1062521,89,+
1069704,1069725,72,-
1069762,1069784,70,+
1073028,1073050,70,-
1073100,1073121,90,+
1074493,1074526,52,-
1082658,1082695,56,+
1088372,1088407,58,+
1090225,1090244,49,+
1105195,1105217,89,-
1125614,1125634,64,+
1127140,1127168,54,+
1139233,1139254,63,-
1142967,1143008,54,+
1146618,1146639,72,-
1146677,1146695,67,+
1155405,1155433,55,-
1159650,1159682,57,+
1166507,1166536,52,-
1173160,1173179,47,-
1175674,1175693,47,-
1183558,1183578,64,-
1183582,1183602,64,+
1186768,1186804,56,+
1188132,1188155,69,-
1197105,1197149,49,+
1197158,1197198,55,+
1198418,1198442,48,+
1202932,1202971,54,+
1205708,1205728,64,-
1206214,1206234,48,+
1207018,1207038,64,-
1208852,1208883,62,+
1210290,1210313,69,-
1257728,1257748,64,-
1258276,1258308,64,-
1282070,1282086,52,+
1287910,1287930,64,-
1289509,1289528,49,+
1298182,1298215,48,+
1304818,1304837,49,+
1306397,1306417,64,+
1311631,1311651,64,-
1311716,1311739,69,+
1319022,1319042,48,-
1334165,1334187,61,-
1356611,1356641,51,+
1365743,1365766,60,+
1368815,1368837,89,-
1368894,1368914,64,+
1373695,1373715,64,-
1376086,1376127,55,+
1403590,1403612,61,-
1420340,1420360,64,+
1421187,1421225,55,-
1427841,1427873,57,-
1428284,1428304,64,+
1428324,1428344,64,-
1432232,1432251,51,+
1432511,1432531,64,-
1435570,1435585,53,+
1441044,1441066,89,-
1441115,1441142,89,+
1443346,1443381,55,+
1449342,1449377,62,+
1453095,1453127,49,-
1453600,1453628,66,+
1454632,1454658,56,+
1455929,1455958,52,+
1469311,1469341,60,-
1480366,1480401,50,+
1481474,1481492,52,+
1483157,1483178,48,+
1487144,1487160,70,+
1492945,1492967,89,+
1501993,1502016,78,+
1505902,1505922,64,-
1512619,1512652,52,+
1516189,1516211,89,+
1535103,1535119,52,+
1551702,1551738,59,+
1580958,1580996,53,-
1584735,1584755,64,+
1597083,1597121,55,+
1599611,1599629,50,+
1622484,1622516,50,+
1626886,1626927,53,+
1646405,1646445,54,-
1649534,1649557,48,+
1649677,1649715,55,+
1649764,1649785,63,+
1661660,1661693,63,+
1662489,1662511,89,-
1662569,1662589,64,+
1663668,1663689,49,-
1665532,1665571,54,+
1678693,1678715,61,+
1682320,1682347,55,+
1685484,1685513,62,+
1685608,1685636,54,+
1687899,1687918,47,+
1688937,1688953,52,-
1689345,1689383,54,+
1690924,1690942,49,+
1691422,1691444,61,+
1695385,1695418,52,-
1696099,1696119,64,-
1706668,1706689,64,+
1709250,1709272,70,+
1711740,1711761,49,+
1711918,1711963,49,+
1715684,1715712,54,+
1722147,1722167,49,+
1738174,1738194,51,-
1741975,1742009,51,+
1744313,1744341,60,+
1749745,1749773,63,+
1750674,1750694,47,+
1761145,1761165,64,+
1766833,1766858,57,-
1780376,1780399,60,+
1785403,1785451,48,+
1809938,1809958,48,+
1820953,1820978,56,+
1822514,1822533,47,+
1838904,1838929,56,+
1844767,1844788,48,+
1846400,1846420,64,+
1852415,1852455,50,-
1881752,1881774,51,+
1891731,1891760,62,+
1893165,1893203,55,+
1895546,1895567,53,+
1901922,1901954,50,-
1902866,1902886,64,-
1909033,1909055,51,+
1910861,1910900,50,+
1929681,1929720,53,-
1929960,1929997,57,-
1964452,1964481,52,-
1972397,1972421,59,+
2003974,2004020,60,+
2021991,2022030,61,+
2028193,2028223,65,+
2029086,2029123,58,-
2030021,2030050,52,+
2035366,2035385,49,+
2052151,2052180,52,-
2054286,2054302,52,-
2058303,2058328,57,-
2061718,2061758,54,-
2063612,2063647,58,+
2076864,2076892,58,+
2077046,2077070,59,+
2079143,2079189,49,+
2080541,2080564,60,+
2080740,2080771,64,+
2081015,2081035,48,-
2082114,2082142,54,+
2084580,2084616,92,+
2111782,2111819,54,+
2112206,2112225,66,+
2112979,2113006,53,+
2128238,2128261,49,-
2136957,2136990,52,-
2142874,2142899,57,+
2164985,2165017,57,-
2172963,2172983,51,-
2185658,2185686,54,+
2188327,2188349,49,+
2206522,2206546,71,+
2232479,2232521,53,-
2235755,2235773,67,-
2248769,2248793,60,+
2252708,2252731,69,-
2252733,2252753,64,+
2252800,2252819,66,-
2258732,2258758,83,-
2269158,2269191,62,+
2286539,2286560,48,+
2296681,2296718,59,-
2304825,2304859,51,-
2306938,2306980,49,+
2307593,2307622,52,+
2308036,2308075,55,+
2315384,2315404,49,+
2317306,2317334,54,-
2325603,2325641,57,+
2330721,2330748,60,+
2352786,2352823,51,+
2358199,2358235,55,-
2371988,2372027,57,+
2375567,2375597,64,+
2376605,2376624,49,-
2380010,2380036,56,+
2384320,2384359,52,+
2385569,2385591,89,-
2395268,2395287,47,-
2400013,2400031,49,-
2406080,2406099,66,-
2411314,2411336,49,-
2415705,2415741,61,-
2418084,2418113,52,+
2419269,2419290,49,-
2423134,2423153,47,-
2429635,2429670,55,-
2438578,2438599,48,-
2438702,2438729,55,-
2451084,2451110,83,+
2458972,2458994,51,-
2465626,2465664,59,-
2471970,2472009,55,-
2488316,2488338,61,-
2491948,2491977,54,-
2537098,2537122,59,-
2551218,2551236,67,-
2553195,2553229,59,-
2572283,2572306,49,+
2573561,2573582,64,-
2586795,2586825,51,-
2602535,2602563,53,-
2612303,2612333,63,-
2615697,2615720,59,-
2616617,2616648,50,-
2618008,2618029,63,-
2621277,2621306,65,-
2622386,2622428,54,-
2622494,2622531,59,-
2623864,2623900,62,-
2624445,2624479,58,-
2626034,2626069,48,-
2626762,2626799,57,-
2632611,2632631,73,-
2654845,2654867,79,-
2655436,2655455,66,+
2656574,2656594,48,+
2657234,2657250,70,+
2663837,2663853,52,-
2666882,2666907,47,-
2666964,2666995,63,-
2680653,2680675,70,+
2705101,2705136,61,-
2707431,2707465,47,-
2738459,2738482,59,-
2743724,2743749,57,-
2749693,2749742,74,-
2753210,2753242,57,+
2779185,2779201,52,-
2781547,2781586,53,-
2782788,2782827,52,-
2786250,2786283,76,-
2788416,2788440,48,-
2798331,2798351,73,-
2804722,2804752,51,-
2806425,2806449,58,-
2829591,2829614,48,-
2839107,2839144,61,+
2840640,2840670,51,-
2852833,2852853,49,-
2863163,2863207,49,-
2867586,2867616,79,-
2885919,2885936,52,-
2896387,2896405,51,-
2914304,2914341,59,-
2926606,2926628,48,-
2927695,2927732,56,-
2930581,2930598,52,+
2935549,2935587,55,-
2952634,2952655,51,-
2952717,2952743,56,-
2954450,2954481,50,-
2956106,2956136,60,-
2956736,2956759,60,-
2957906,2957937,48,+
2966237,2966267,85,-
3013262,3013284,89,-
3013332,3013365,59,-
3013369,3013396,89,+
3015178,3015198,47,-
3015880,3015908,57,-
3026847,3026874,55,-
3034248,3034285,58,-
3038711,3038743,66,-
3046625,3046657,48,+
3046719,3046740,48,-
3048069,3048090,63,-
3050339,3050361,49,-
3054211,3054249,96,-
3064941,3064963,89,-
3068150,3068176,56,-
3072038,3072069,52,-
3082111,3082132,48,-
3087383,3087401,51,-
3096962,3096996,51,+
3102046,3102066,64,-
3102425,3102447,89,-
3103916,3103936,47,-
3104940,3104968,54,-
3107538,3107568,49,-
3119380,3119398,52,-
3125185,3125205,48,-
3126512,3126556,48,-
3128188,3128212,48,-
3130085,3130105,64,-
3158744,3158767,61,-
3173789,3173817,68,-
3175566,3175600,56,-
3177025,3177056,62,-
3177288,3177330,53,+
3185694,3185716,63,-
3195281,3195299,49,-
3195707,3195727,64,+
3199074,3199102,60,+
3199596,3199625,52,-
3208135,3208174,57,-
3214523,3214543,64,-
3219074,3219091,50,-
3233319,3233347,71,-
3242861,3242892,59,-
3251261,3251281,64,-
3260477,3260502,47,+
3264980,3265009,52,-
3265507,3265535,63,-
3271192,3271212,64,-
3278406,3278432,56,-
3279392,3279408,52,-
3282375,3282407,49,+
3295309,3295355,47,+
3311211,3311243,64,-
3353807,3353835,58,-
3354333,3354369,53,-
3373038,3373058,64,-
3377561,3377589,63,-
3377639,3377666,89,+
3377760,3377802,57,-
3381353,3381386,48,-
3385145,3385174,52,-
3406546,3406568,61,-
3407283,3407303,48,-
3435168,3435191,48,+
3442255,3442279,48,-
3447405,3447427,89,-
3447495,3447519,60,-
3447523,3447545,70,+
3448653,3448673,64,-
3449986,3450022,48,-
3464849,3464879,51,-
3483724,3483744,64,-
3483749,3483769,64,+
3490982,3491000,67,-
3496140,3496186,49,-
3503706,3503748,50,-
3516462,3516482,64,+
3552401,3552438,70,-
3558724,3558743,52,-
3574147,3574181,61,-
3577104,3577140,55,-
3584935,3584956,63,-
3588738,3588768,60,-
3591072,3591116,50,-
3595889,3595933,53,+
3596446,3596466,47,+
3597476,3597505,65,+
3600645,3600679,58,-
3603171,3603193,89,+
3604239,3604259,64,-
3604658,3604699,51,+
3605276,3605310,60,-
3606079,3606106,65,-
3623030,3623049,47,+
3624586,3624624,51,-
3626041,3626060,66,-
3626133,3626153,64,-
3628555,3628577,89,-
3628614,3628636,70,+
3631260,3631299,58,-
3643041,3643063,89,+
3654392,3654411,66,-
3667066,3667086,64,-
3669819,3669841,61,-
3671203,3671223,64,-
3671374,3671395,48,+
3681147,3681175,64,-
3683373,3683401,68,-
3684753,3684778,47,-
3689312,3689347,50,+
3689728,3689750,89,-
3689788,3689810,70,+
3689817,3689838,49,-
3696282,3696306,48,-
3714709,3714736,55,+
3727477,3727499,62,-
3727549,3727571,70,+
3760546,3760568,70,-
3760661,3760677,53,-
3770984,3771032,49,-
3783489,3783522,48,-
3797194,3797223,55,-
3797290,3797322,66,-
3806822,3806858,58,-
3851896,3851920,48,-
3858853,3858873,64,+
3858885,3858905,64,-
3866543,3866563,64,-
3876298,3876318,64,+
3881986,3882006,64,-
3897386,3897406,64,-
3897445,3897468,87,+
3901988,3902009,72,-
3913529,3913551,89,-
3913600,3913622,70,+
3913753,3913783,54,-
3919890,3919921,62,-
3921364,3921391,55,-
3923439,3923478,58,-
3923552,3923574,70,-
3924057,3924086,57,-
3928957,3929001,49,+
3934406,3934426,64,-
3934483,3934505,89,+
3935189,3935211,51,-
3937319,3937355,56,+
3943758,3943778,48,+
3944844,3944867,69,-
3949122,3949154,57,+
3955915,3955935,64,-
3955971,3955991,64,+
3958326,3958348,89,+
3958363,3958409,52,-
3974333,3974378,52,-
3974419,3974448,52,-
3975750,3975781,60,-
3980753,3980778,57,-
3991112,3991132,64,-
3997356,3997382,73,-
3999607,3999627,64,+
4011184,4011217,74,-
4016686,4016706,49,+
4032306,4032339,63,-
4043400,4043420,64,-
4043513,4043541,57,-
4045683,4045705,70,+
4049842,4049861,47,-
4064355,4064379,113,-
4064418,4064440,70,+
4066761,4066799,58,-
4077993,4078023,51,-
4078500,4078527,68,-
4086308,4086339,50,-
4086817,4086847,66,+
4104608,4104642,50,+
4105073,4105096,49,-
4106585,4106619,60,-
4109063,4109083,64,-
4130458,4130482,59,-
4132818,4132841,49,-
4133063,4133087,58,-
4142742,4142770,67,-
4161213,4161239,68,-
4182201,4182217,52,-
4195447,4195467,64,-
4208577,4208611,59,-
4210681,4210717,56,-
4214371,4214393,61,-
4215289,4215307,57,-
4233282,4233300,50,-
4241480,4241512,48,+
4254897,4254922,58,-
4256328,4256344,52,-
4311938,4311981,49,+
4323914,4323952,49,-
4326551,4326579,54,+
4336679,4336699,64,+
4341897,4341928,52,-
4360888,4360919,48,-
4370073,4370095,70,-
4370132,4370153,72,+
4372127,4372147,64,+
4383084,4383104,64,-
4389368,4389395,55,+
4395066,4395091,57,-
4395816,4395836,49,-
4397822,4397859,58,+
4399118,4399150,65,+
4400080,4400123,50,+
4405717,4405737,64,-
4417686,4417706,64,-
4418661,4418681,64,-
4419859,4419878,49,-
4424579,4424601,89,-
4430467,4430489,89,-
4430493,4430515,70,+
4432023,4432043,64,-
4437793,4437813,64,-
4439567,4439589,51,-
4445929,4445949,64,-
4448611,4448643,49,-
4451888,4451925,55,-
4468213,4468241,57,-
4470843,4470888,52,-
4471571,4471591,64,-
4480863,4480886,50,+
4481627,4481649,89,+
4489142,4489172,64,+
4494236,4494254,67,-
4508581,4508615,51,-
4533755,4533776,48,-
4543940,4543967,55,-
4553617,4553646,52,+
4564037,4564068,50,-
4568922,4568942,64,-
4570333,4570361,63,-
4584123,4584141,49,+
4584583,4584605,61,+
4591544,4591580,59,-
4634042,4634062,64,+
4642836,4642861,58,-
4646878,4646913,64,-
4648001,4648024,48,-
4651188,4651215,66,-
4655473,4655495,89,-
4655546,4655568,70,+
4661260,4661279,47,-
4672854,4672876,70,-
4672880,4672902,89,+
4672909,4672931,72,-
4677021,4677051,68,-
4680278,4680298,64,-
4685294,4685316,89,-
4685366,4685388,70,+
4694126,4694149,49,-
4694188,4694210,70,+
4697065,4697092,60,+
4697554,4697577,49,+
4702454,4702485,60,-
4703909,4703944,48,-
4709318,4709343,57,+
4723491,4723522,60,+
4738246,4738280,58,-
4751878,4751910,51,-
4757732,4757770,57,-
4759213,4759233,64,+
4781073,4781108,50,-
4785146,4785189,54,+
4790201,4790221,64,+
4794218,4794238,47,+
4795198,4795222,71,-
4796519,4796543,71,-
4800952,4800975,63,-
