start,end,score,strand
31096,31139,49,-
32405,32444,55,+
46173,46199,56,-
60249,60268,49,-
61092,61116,69,-
67442,67470,54,+
72613,72638,47,+
72779,72823,52,+
74427,74462,58,-
81343,81362,66,+
84631,84655,48,+
104805,104824,49,-
107961,107994,48,+
109528,109576,48,-
110247,110272,58,+
112651,112690,52,-
116911,116934,50,+
123221,123259,95,+
139831,139854,48,+
142561,142580,66,+
145527,145555,68,+
147442,147477,52,+
164009,164048,55,+
170632,170666,58,+
188886,188919,64,+
190643,190668,69,+
190963,190987,59,+
191364,191390,56,+
211672,211711,55,+
246019,246043,61,+
257185,257204,47,+
295797,295817,49,+
298231,298270,55,+
314145,314184,51,+
321245,321276,50,+
325970,325993,60,-
333396,333428,48,-
335773,335793,51,+
338218,338250,106,-
343566,343598,59,+
351973,351992,49,+
354450,354496,50,-
357354,357372,85,+
359424,359462,55,-
368078,368099,53,-
372760,372788,54,+
382883,382924,48,+
387036,387067,54,+
391689,391723,58,-
428134,428174,58,+
436478,436494,53,-
440634,440661,69,+
450486,450528,50,-
461921,461961,48,-
464455,464499,123,+
469933,469952,47,-
475142,475164,61,-
475353,475386,63,+
488356,488373,52,+
490134,490169,55,-
494361,494378,69,+
511795,511831,47,+
513154,513187,65,+
523832,523869,58,-
525321,525351,51,-
536831,536869,61,+
538400,538420,47,+
539484,539529,53,-
540475,540494,66,+
541934,541950,53,+
546815,546852,55,+
549385,549415,68,+
551503,551526,60,-
553747,553767,47,+
568221,568238,50,-
568963,568994,59,-
571699,571731,51,-
574831,574870,50,-
575519,575550,62,+
583053,583077,48,-
583229,583248,49,-
585887,585913,56,+
598684,598710,56,+
599820,599842,49,+
602628,602660,65,+
612779,612816,56,+
617583,617608,47,-
619150,619171,51,-
633837,633859,61,+
642650,642697,48,+
652579,652609,62,+
652695,652714,49,+
656570,656598,60,-
659656,659700,48,+
662885,662903,49,+
663592,663622,79,+
668726,668747,51,+
682699,682725,73,+
690921,690940,47,+
696863,696893,65,+
698000,698042,55,+
698464,698483,51,-
699850,699889,54,+
714240,714265,57,+
714299,714318,51,+
740070,740098,71,+
741487,741506,49,+
749296,749339,53,+
749424,749457,57,+
749529,749561,49,+
751833,751854,63,+
759008,759040,49,-
760172,760201,52,-
769523,769544,49,-
775976,775998,49,+
779373,779392,51,+
779976,780009,60,+
788453,788476,50,-
790242,790267,69,+
796983,797002,47,-
809155,809175,48,-
827205,827242,56,+
827739,827772,48,-
845053,845091,59,+
866665,866711,47,+
867540,867571,55,+
873047,873065,49,+
876249,876292,50,-
896465,896489,48,+
897568,897601,65,+
909166,909186,47,-
919131,919148,50,+
920752,920776,59,-
923422,923457,61,+
933659,933688,52,+
951353,951380,55,+
958935,958956,51,+
960556,960591,56,+
968298,968329,59,+
968347,968379,52,+
970681,970705,58,+
977193,977230,59,+
981202,981234,48,+
983156,983179,60,+
986868,986904,48,-
1011252,1011271,47,+
1019794,1019815,63,-
1029396,1029435,55,+
1035746,1035784,53,-
1056669,1056688,52,+
1090037,1090082,63,-
1090981,1091008,69,+
1091378,1091405,53,-
1095292,1095311,47,+
1095718,1095741,60,-
1128053,1128087,50,+
1135264,1135297,48,+
1137105,1137126,48,+
1175216,1175254,50,+
1176620,1176651,60,+
1176689,1176710,62,+
1178282,1178305,49,-
1193042,1193066,59,+
1200527,1200547,64,-
1201688,1201705,69,-
1211824,1211847,50,-
1220153,1220177,58,+
1237812,1237838,64,+
1241560,1241586,55,-
1247400,1247435,58,+
1250500,1250533,51,+
1254520,1254563,50,+
1265025,1265043,49,-
1266402,1266432,55,+
1267051,1267088,51,+
1267990,1268007,50,+
1273863,1273896,47,-
1282597,1282633,58,+
1286944,1286966,49,+
1292650,1292689,57,-
1292923,1292957,54,+
1294826,1294855,52,+
1300209,1300230,51,-
1308261,1308294,48,+
1314957,1314982,57,-
1316627,1316661,56,-
1317176,1317210,76,-
1318705,1318742,58,+
1320287,1320305,51,-
1331226,1331256,55,+
1333615,1333639,76,-
1345115,1345139,71,+
1353648,1353674,55,-
1360079,1360109,51,+
1366388,1366417,52,+
1374923,1374943,64,+
1383039,1383058,47,+
1392408,1392423,53,-
1397747,1397778,48,-
1412344,1412374,51,+
1415689,1415710,51,+
1423414,1423457,55,-
1434457,1434498,53,+
1438434,1438474,71,+
1441571,1441593,61,+
1448891,1448913,48,+
1452441,1452474,58,+
1456862,1456884,61,+
1468987,1469007,48,+
1484464,1484489,57,-
1537020,1537065,50,+
1544077,1544110,52,-
1546493,1546527,60,+
1547133,1547172,54,+
1552255,1552290,54,-
1563585,1563619,107,+
1564989,1565012,60,+
1565117,1565152,48,+
1567380,1567411,67,+
1569915,1569942,72,+
1587230,1587255,58,+
1588090,1588122,48,+
1592964,1593003,57,+
1609705,1609728,60,+
1627355,1627393,55,+
1627977,1628014,50,+
1632502,1632524,61,+
1637442,1637471,52,+
1643523,1643542,49,+
1648020,1648052,49,-
1654425,1654465,55,+
1660431,1660467,55,-
1673554,1673579,47,+
1674342,1674359,52,+
1677285,1677318,65,+
1692174,1692195,48,+
1696917,1696961,54,-
1710859,1710876,50,+
1712649,1712677,54,+
1717182,1717206,48,+
1721199,1721217,50,-
1730279,1730315,53,+
1740944,1740969,57,+
1746039,1746056,50,-
1750016,1750044,54,+
1795814,1795839,58,+
1815841,1815864,60,+
1818874,1818910,73,+
1830896,1830936,68,+
1832547,1832592,48,+
1833872,1833902,62,+
1834886,1834916,51,+
1844433,1844451,67,+
1850623,1850659,71,-
1851719,1851738,52,-
1854315,1854334,49,+
1863059,1863100,52,+
1876572,1876604,52,+
1878239,1878264,57,-
1924291,1924324,52,-
1928654,1928678,59,+
1942270,1942293,48,+
1948691,1948711,47,-
1949019,1949040,48,-
1951525,1951545,47,-
1952856,1952879,60,-
1953941,1953970,61,-
1959243,1959279,57,+
1963985,1964024,58,-
1966879,1966898,49,+
1968294,1968331,56,-
1984540,1984573,51,-
1996903,1996920,50,-
2013963,2013991,53,-
2034941,2034958,50,-
2049497,2049535,51,-
2056550,2056583,48,+
2059610,2059642,60,-
2071687,2071727,53,-
2076228,2076259,59,-
2081038,2081054,52,-
2081149,2081171,61,-
2097693,2097718,69,+
2102721,2102745,59,-
2106002,2106020,67,-
2112715,2112742,53,-
2123859,2123882,48,-
2128970,2128989,49,-
2129809,2129841,75,-
2134819,2134838,47,+
2174510,2174528,51,-
2185679,2185709,63,-
2206560,2206601,52,-
2207028,2207070,50,+
2233907,2233950,50,+
2236000,2236027,71,-
2238537,2238570,58,-
2238750,2238778,54,-
2244468,2244492,76,-
2246878,2246899,63,-
2261093,2261111,52,-
2265448,2265469,49,-
2267434,2267456,48,-
2300117,2300152,65,-
2304295,2304315,48,-
2309689,2309712,48,-
2311737,2311781,48,-
2315961,2315985,59,-
2317357,2317374,50,-
2323126,2323150,48,-
2333593,2333625,49,+
2344217,2344236,51,-
2348214,2348256,57,-
2355101,2355129,54,-
2383164,2383183,47,+
2444811,2444845,48,-
2458186,2458205,49,+
2461600,2461627,55,-
2462162,2462191,52,+
2468704,2468730,69,-
2476453,2476486,52,+
2505794,2505837,52,+
2508947,2508985,53,+
2513381,2513401,48,-
2530278,2530304,56,-
2532667,2532698,50,+
2540553,2540593,49,+
2540755,2540781,56,+
2546604,2546629,57,+
2548423,2548442,47,+
2555393,2555423,52,-
2558481,2558508,55,+
2562432,2562465,52,-
2563082,2563101,49,-
2563266,2563283,50,-
2565741,2565780,50,-
2597290,2597312,61,+
2616132,2616150,50,-
2631130,2631155,47,-
2641018,2641055,58,-
2651493,2651513,64,-
2672580,2672624,47,-
2673834,2673866,51,-
2676033,2676051,67,-
2676525,2676554,65,-
2682467,2682487,47,-
2695100,2695124,48,-
2698603,2698633,66,-
2700496,2700535,58,-
2700627,2700646,47,-
2724649,2724678,52,-
2725054,2725075,49,+
2728264,2728287,61,-
2728563,2728592,52,-
2735592,2735616,59,+
2742232,2742255,48,-
2748978,2749013,52,-
2750006,2750040,60,-
2754912,2754930,50,-
2768096,2768121,57,+
2770017,2770047,51,+
2798578,2798597,47,-
2861622,2861662,50,+
2865692,2865727,58,+
2867216,2867260,77,-
2872326,2872351,47,-
2873051,2873072,72,-
2875142,2875164,61,+
2875283,2875302,47,-
2876272,2876316,52,+
2878141,2878168,55,-
2881639,2881667,54,-
2882052,2882079,53,+
2885682,2885703,49,+
2906780,2906817,55,-
2925885,2925907,48,+
2926726,2926766,71,+
2934231,2934260,51,+
2946391,2946430,55,-
2949145,2949176,48,-
2978560,2978577,52,-
2999613,2999631,52,-
3006391,3006422,66,-
3007138,3007163,47,-
3007485,3007527,52,-
3012387,3012406,47,-
3023550,3023569,49,-
3024056,3024090,91,-
3035602,3035629,53,-
3041631,3041650,49,-
3046857,3046872,53,-
3072732,3072751,49,-
3095588,3095613,47,-
3098183,3098208,57,-
3107171,3107207,57,-
3114149,3114176,55,-
3118817,3118855,55,-
3123821,3123849,55,+
3127666,3127700,50,-
3151134,3151154,48,-
3166145,3166177,59,-
3175067,3175107,58,-
3191961,3191994,76,-
3192716,3192762,49,-
3204195,3204223,52,-
3216726,3216742,52,-
3233236,3233267,59,-
3254283,3254313,51,-
3260022,3260041,47,-
3263700,3263736,54,-
3264330,3264372,53,-
3264829,3264863,50,-
3265367,3265392,67,-
3266051,3266092,55,-
3275351,3275388,54,-
3276917,3276952,62,-
3282640,3282660,49,+
3286597,3286618,52,+
3295131,3295159,63,-
3297155,3297190,50,+
3300655,3300674,47,+
3305788,3305836,76,-
3313013,3313059,48,-
3323116,3323142,58,-
3339281,3339302,64,-
3344662,3344686,71,-
3345888,3345912,58,-
3348214,3348246,52,-
3348264,3348295,59,-
3357962,3358004,55,-
3364077,3364114,55,-
3371250,3371283,76,-
3373008,3373030,48,-
3378869,3378916,47,-
3380472,3380509,47,-
3382878,3382902,48,-
3399573,3399601,65,+
3402735,3402755,64,+
3406362,3406380,50,-
3407411,3407445,56,-
3412633,3412667,60,+
3415533,3415576,50,-
3416764,3416788,71,-
3426535,3426569,65,-
3426865,3426883,52,-
3430474,3430521,50,-
3430635,3430672,55,-
3437457,3437495,56,+
3438377,3438404,72,-
3450413,3450448,55,-
3451944,3451972,54,-
3453604,3453632,68,-
3461276,3461318,50,+
3482448,3482469,49,-
3492924,3492950,56,+
3495022,3495041,47,-
3505838,3505877,55,-
3507682,3507701,49,-
3552457,3552476,49,-
3553722,3553760,51,+
3558013,3558057,54,-
3562736,3562773,55,-
3569123,3569142,47,-
3571877,3571919,49,+
3580309,3580327,50,-
3580894,3580917,48,+
3589600,3589620,64,-
3594384,3594415,51,-
3598107,3598137,51,+
3598526,3598558,52,+
3600141,3600163,48,+
3619429,3619449,47,-
3638422,3638440,67,-
3640106,3640123,50,-
3656417,3656438,62,-
3663735,3663753,51,-
3665211,3665235,59,-
3667523,3667547,48,-
3669688,3669706,49,-
3674713,3674733,48,-
3686861,3686891,62,-
3687042,3687085,49,-
3693398,3693419,51,-
3703782,3703803,48,+
3712302,3712326,86,-
3713354,3713383,52,-
3720364,3720390,56,+
3722373,3722407,58,-
3725621,3725657,58,+
3730831,3730870,55,+
3735460,3735500,55,-
3739962,3739979,50,+
3743958,3743978,49,-
3765418,3765443,47,-
3765801,3765827,58,+
3777959,3777980,48,-
3784510,3784550,53,-
3806393,3806415,61,+
3809130,3809167,58,-
3825076,3825110,59,-
3830721,3830742,48,+
3833195,3833231,56,-
3840870,3840904,48,+
3843680,3843699,66,-
3845530,3845570,59,+
3845609,3845658,48,+
3862572,3862604,80,-
3867352,3867383,52,-
