start,end,score,strand
1376,1404,53,-
3230,3276,48,-
3972,4002,59,+
4972,4999,55,-
7976,7998,48,-
8016,8040,59,-
8209,8230,51,-
8262,8281,47,-
8999,9039,49,+
9470,9497,55,-
9923,9944,63,+
11090,11113,49,+
11349,11376,53,-
11636,11657,63,-
11682,11702,48,-
12472,12497,60,+
12604,12634,95,-
12707,12735,54,+
13433,13458,57,-
14473,14496,49,+
16181,16202,72,-
16611,16633,61,+
16989,17009,49,+
17306,17326,51,-
17876,17913,62,-
18300,18331,63,-
18460,18494,60,-
18520,18553,47,-
21760,21795,56,-
21994,22028,65,+
23426,23466,71,+
24704,24731,57,-
25541,25557,52,-
28511,28531,64,-
28892,28924,62,+
29736,29769,48,+
29900,29933,62,-
30166,30199,58,+
30354,30381,65,+
30457,30505,89,-
30666,30692,56,-
30910,30939,60,-
31921,31944,49,+
33379,33399,64,-
34026,34064,69,-
35973,36001,63,-
38878,38914,61,+
40355,40378,48,-
41086,41117,51,-
42320,42352,62,-
43252,43285,60,-
43412,43451,58,-
43542,43575,59,-
44357,44386,52,+
47042,47073,50,-
48041,48076,50,-
48308,48336,54,+
50330,50353,49,+
51035,51071,58,-
51885,51926,53,-
52058,52092,62,-
52100,52119,66,-
52922,52957,60,+
57124,57163,70,-
58203,58221,49,-
58243,58275,54,-
66246,66275,52,-
66561,66589,86,-
67457,67482,71,-
67528,67564,61,+
70158,70199,48,-
77866,77900,50,-
77975,78003,54,+
78016,78043,55,+
78530,78564,56,+
79315,79347,54,-
82705,82733,54,+
83576,83600,61,-
84127,84154,55,+
85541,85576,58,+
86459,86496,57,+
87003,87049,52,-
87111,87144,55,-
87407,87423,53,+
89648,89692,53,-
91225,91243,49,+
92592,92623,67,+
94448,94467,47,-
94497,94522,57,+
94883,94909,56,-
95997,96024,68,-
96057,96088,68,-
96232,96262,63,-
96729,96754,64,-
97624,97646,61,+
98224,98249,61,+
99849,99872,50,-
100641,100664,49,+
100704,100728,59,+
103376,103413,47,+
104825,104853,86,+
106421,106455,60,-
106564,106596,65,-
107395,107443,47,+
107622,107652,59,-
109980,110005,47,-
110519,110556,57,-
110586,110623,58,-
111239,111276,57,-
111957,111985,63,-
112260,112280,73,-
112679,112698,49,-
113892,113910,49,-
115392,115415,49,+
115883,115920,58,-
116222,116254,52,-
116724,116767,52,+
116794,116822,63,-
117982,118007,56,-
118863,118902,57,+
119999,120028,98,-
123490,123511,48,-
126985,127014,52,+
127034,127066,76,-
127664,127682,50,-
127762,127781,47,-
127935,127957,51,+
129122,129152,66,-
129191,129218,66,-
130428,130447,49,-
130480,130501,81,-
130663,130699,61,+
131311,131337,64,-
131891,131922,66,-
132148,132170,70,-
132286,132311,47,-
132357,132391,50,-
133099,133119,54,-
134536,134567,65,-
140794,140823,63,-
141495,141514,47,-
141549,141581,80,-
141691,141722,49,+
141924,141956,50,-
145216,145248,56,-
145429,145462,56,-
145812,145832,49,-
146734,146772,55,-
147337,147363,66,+
147396,147438,52,+
149474,149493,51,+
149841,149883,64,+
153497,153514,52,-
153703,153726,60,-
154626,154663,55,-
154929,154946,50,-
155807,155843,62,-
156176,156217,55,-
156895,156919,59,+
157408,157439,62,-
158070,158085,53,-
159737,159779,57,+
160893,160920,55,-
161965,161994,60,-
162130,162148,49,-
165438,165455,69,-
165470,165495,71,+
165916,165963,63,-
166731,166762,51,-
167053,167074,49,-
174213,174233,51,-
174366,174403,61,-
175330,175362,48,-
176273,176312,53,-
176875,176919,48,+
181931,181973,51,-
189173,189207,51,-
189547,189572,69,-
196249,196271,61,+
198085,198110,57,-
201089,201117,54,-
201932,201948,52,+
205937,205976,59,-
206129,206156,55,+
206215,206230,53,+
206800,206818,49,+
206829,206868,70,+
206916,206953,55,+
206974,207010,64,-
207436,207472,58,-
208304,208344,53,-
208893,208931,58,+
210077,210115,51,-
210552,210577,58,-
210739,210769,63,+
211054,211092,62,-
211811,211842,50,-
212173,212205,64,-
212728,212747,51,-
212893,212927,65,+
213432,213462,51,+
214676,214697,51,-
215099,215119,93,+
215382,215412,60,+
216277,216311,56,-
219317,219338,48,+
219649,219688,55,+
220054,220091,59,+
220801,220829,54,-
221262,221305,52,-
221466,221513,61,-
222093,222135,50,-
224519,224559,52,-
224689,224709,47,-
226017,226061,52,+
226283,226323,55,+
230553,230570,50,-
230703,230728,47,-
238405,238440,58,-
238455,238486,48,-
239201,239221,73,-
240639,240671,49,+
241398,241416,49,-
241537,241567,49,-
243310,243331,90,+
243873,243904,65,+
243953,243982,80,-
244085,244115,51,+
244762,244781,51,+
245264,245297,64,-
245722,245743,48,-
246724,246741,50,+
247474,247490,53,-
251011,251051,59,-
255025,255064,58,+
255234,255265,112,-
256054,256083,57,+
256386,256413,58,+
256662,256686,59,+
258113,258144,50,+
258385,258429,80,+
259083,259110,53,-
260751,260774,60,+
261006,261045,50,-
262243,262271,66,-
262656,262695,53,+
263437,263463,55,-
263525,263543,49,-
263936,263968,66,-
264135,264175,58,-
264197,264228,50,-
265592,265631,54,-
266151,266172,49,+
266246,266285,59,-
266542,266567,47,+
268884,268915,60,+
269213,269232,47,-
269790,269819,57,-
271810,271838,83,-
272057,272090,58,-
272465,272485,47,-
273353,273386,62,+
275554,275579,47,-
275698,275724,84,-
277690,277719,62,+
277793,277830,58,+
277965,277991,56,-
280229,280253,59,-
282049,282097,48,-
282291,282321,68,+
283145,283181,64,+
284860,284892,49,+
287068,287092,59,-
287442,287481,54,-
287803,287839,56,-
288945,288969,59,-
289031,289071,55,-
293266,293284,67,-
294765,294802,59,+
294928,294945,69,+
295689,295709,48,+
298451,298475,72,-
298638,298658,64,-
299126,299153,63,-
300890,300923,64,-
301306,301342,58,+
302413,302447,59,-
304432,304477,52,-
304525,304552,55,-
304720,304741,63,-
304856,304887,51,-
305403,305442,98,-
305764,305785,72,+
305932,305968,52,+
306343,306380,62,-
306752,306773,49,-
307324,307356,48,-
308259,308292,63,-
308714,308749,65,-
312653,312682,69,-
313060,313088,53,-
313564,313582,51,+
314655,314680,57,-
316031,316051,47,-
316284,316308,59,-
318257,318291,60,-
321734,321758,61,-
323864,323885,48,+
325060,325091,68,-
327194,327232,58,+
327572,327590,50,-
327642,327663,49,-
328017,328041,71,-
330873,330905,66,-
331044,331075,62,-
333226,333244,50,+
333316,333354,55,-
336504,336539,56,+
338554,338589,71,-
338934,338955,48,-
341870,341897,55,-
343948,343975,64,-
344674,344714,51,-
345356,345384,66,-
345401,345438,75,+
347156,347192,47,+
347389,347418,52,+
348272,348304,65,+
348626,348668,82,-
350644,350669,57,+
351443,351466,61,+
351526,351572,49,+
351576,351618,54,-
357215,357244,79,-
357290,357325,62,-
357421,357454,78,-
357946,357981,47,-
358240,358268,53,+
358315,358352,61,-
359374,359405,67,-
359754,359776,49,+
360283,360311,57,-
363170,363205,61,+
364387,364406,66,-
367303,367333,51,+
367471,367505,58,+
371657,371684,55,-
371792,371826,58,-
372417,372456,53,-
373246,373262,52,-
373377,373409,67,-
374535,374555,48,-
374926,374963,47,-
375605,375626,49,-
376071,376099,54,-
377094,377132,54,-
378408,378430,49,+
378888,378911,48,-
379756,379789,51,-
380450,380479,52,-
380616,380646,51,+
380662,380695,59,+
381568,381597,52,-
383419,383454,58,+
383786,383814,54,+
384155,384170,72,-
385476,385508,50,+
388278,388308,54,-
388740,388765,57,-
388988,389020,54,-
391161,391187,66,+
391678,391703,47,+
391706,391725,47,-
392022,392045,50,-
392357,392383,56,+
392947,392990,49,-
393802,393820,49,-
394118,394156,58,-
395181,395227,76,-
397089,397129,70,-
397805,397834,52,+
398411,398454,54,+
398747,398785,53,-
399464,399499,64,-
399781,399819,54,+
401215,401244,52,+
402054,402077,48,-
402286,402312,56,-
402881,402903,61,+
406037,406069,49,-
407156,407190,60,+
411783,411807,59,+
412790,412816,56,+
413062,413093,52,-
413638,413663,67,-
413977,413997,82,-
414036,414069,75,-
414542,414571,57,-
414651,414693,98,-
415787,415813,101,-
417722,417747,67,-
417854,417892,54,+
419642,419684,54,+
421374,421410,62,-
422212,422239,55,+
422743,422779,58,-
423373,423416,50,+
423574,423607,65,-
423675,423708,64,+
423759,423782,70,-
424381,424405,48,-
425609,425644,61,-
426012,426032,47,-
426281,426313,51,-
427348,427367,66,+
427993,428024,65,-
429796,429834,99,-
430138,430167,52,-
430399,430417,50,-
433145,433164,51,-
433647,433690,48,-
435473,435491,67,+
436146,436163,50,-
436173,436196,72,-
436479,436505,58,-
437076,437122,64,+
437152,437168,70,-
437394,437426,65,-
437618,437646,53,-
437693,437730,57,-
440322,440345,50,+
441060,441080,47,-
441120,441143,72,+
441504,441538,60,-
441565,441607,50,+
443363,443383,52,-
443723,443767,53,+
448561,448600,49,-
448669,448703,58,+
449194,449233,57,-
449631,449646,53,-
449677,449696,51,-
450567,450603,61,-
450694,450737,47,+
451734,451778,50,-
452539,452558,47,-
454010,454039,55,-
454833,454878,49,-
455220,455239,51,+
456137,456184,77,-
457755,457792,57,+
458196,458222,64,-
458417,458437,51,+
458948,458988,54,+
459609,459653,50,-
459695,459714,49,+
460176,460194,49,-
460671,460697,55,+
460935,460963,81,+
461597,461636,50,-
462879,462899,51,-
463228,463257,51,+
463592,463627,58,+
464754,464778,48,-
464940,464976,65,-
465027,465049,48,-
465668,465710,52,+
467446,467472,56,-
467705,467739,59,+
468136,468159,78,-
470511,470550,58,-
473146,473171,69,+
474282,474308,56,+
474546,474568,61,-
474789,474828,51,-
476225,476244,51,+
478330,478349,49,-
480959,480987,54,-
481233,481257,86,+
481406,481439,62,-
482263,482283,64,-
482638,482681,55,-
482879,482922,93,-
483141,483183,49,+
483507,483538,59,-
484218,484260,69,+
485426,485457,67,-
485911,485946,59,-
488247,488278,59,-
488891,488933,54,-
491242,491271,51,-
491570,491591,52,+
492264,492298,62,-
493072,493093,48,-
495147,495173,56,+
495769,495808,49,+
497458,497492,59,+
499793,499823,83,-
500633,500679,48,+
500801,500839,57,+
505550,505568,50,-
505716,505739,50,+
505955,505973,50,-
506065,506095,62,+
507120,507147,63,-
509022,509050,55,-
510354,510382,55,-
510545,510579,55,-
510804,510828,59,+
513509,513550,54,-
515695,515732,62,+
516223,516255,62,-
516351,516375,69,-
516681,516726,52,+
516801,516822,63,-
517393,517432,59,-
517799,517822,60,-
519149,519193,52,-
519661,519681,49,-
519751,519776,61,-
520394,520410,70,-
520916,520938,62,-
523015,523057,54,+
523122,523155,48,+
525389,525421,49,-
526722,526753,48,-
526878,526901,60,+
527051,527085,62,+
527229,527271,57,-
527404,527423,66,+
531774,531795,48,-
531924,531961,54,-
532369,532392,61,-
532815,532850,64,+
533879,533896,52,-
534357,534391,55,-
538307,538327,47,-
539870,539906,58,+
541770,541813,47,+
542357,542385,57,+
543270,543308,55,-
543356,543395,70,-
543697,543722,47,-
544642,544661,49,-
546220,546248,85,-
547340,547382,54,-
547718,547747,52,-
547986,548012,69,-
548374,548408,59,-
548887,548915,88,-
549357,549382,47,-
549583,549613,51,-
556016,556052,58,-
556122,556149,55,+
558500,558530,68,-
558694,558714,64,-
558937,558975,54,-
559222,559248,56,-
559957,559984,55,-
560488,560521,60,+
561069,561098,52,-
561156,561183,68,-
562301,562343,57,-
563307,563338,59,+
563932,563972,52,-
564793,564816,49,+
564958,564990,48,-
565446,565480,91,-
566573,566601,65,+
566760,566790,79,-
567431,567458,86,-
570603,570625,61,-
570803,570828,57,-
571336,571375,55,-
571756,571790,59,+
572036,572055,49,-
572096,572130,64,+
572635,572673,54,-
573734,573764,66,+
574698,574730,49,+
575792,575826,79,-
580488,580511,60,-
580858,580888,65,+
581173,581206,78,-
582464,582502,55,-
583726,583748,51,+
585490,585525,61,-
586002,586026,67,-
586511,586531,49,-
586917,586942,57,+
587651,587669,49,-
587951,587974,50,-
588055,588075,47,+
588771,588801,57,-
589471,589517,49,-
591105,591121,70,-
592987,593020,62,-
593536,593569,64,-
594510,594542,60,+
595440,595465,47,+
596820,596848,68,+
597948,597977,63,-
598365,598396,57,-
598557,598582,57,-
598698,598731,48,-
609627,609657,51,+
610181,610205,71,-
616870,616903,51,+
617725,617741,70,-
618299,618326,58,-
619456,619497,55,+
621311,621353,68,-
622126,622155,52,+
622325,622354,66,-
624486,624517,49,+
624550,624575,57,-
626365,626385,47,-
627856,627879,60,-
628850,628887,53,+
629423,629460,56,-
629649,629679,63,-
629728,629765,51,+
629789,629825,59,-
630270,630314,54,-
630554,630574,47,-
631565,631601,54,-
633109,633126,52,+
634603,634640,58,+
635556,635589,59,+
636959,636984,57,+
638008,638032,48,-
638047,638077,49,+
639965,639999,56,-
641031,641050,49,-
641662,641684,51,-
642513,642547,60,-
642714,642760,80,-
643807,643828,48,+
645945,645983,56,-
647188,647234,48,+
647676,647696,47,-
648177,648216,58,-
649446,649463,52,-
649897,649930,57,-
653996,654029,60,+
654567,654595,80,+
655118,655136,51,+
655251,655279,54,+
655557,655591,47,+
656287,656327,53,-
656541,656570,63,-
657251,657289,55,-
657386,657409,49,-
657520,657543,60,-
657623,657660,58,+
658195,658231,51,-
658314,658348,59,+
658843,658876,58,-
659231,659252,63,-
659521,659540,47,-
659589,659628,61,+
660303,660321,67,-
660729,660760,59,-
661379,661403,59,-
662460,662498,54,+
665464,665503,50,+
667670,667688,49,-
668263,668292,52,+
668341,668374,50,-
668512,668555,50,+
668625,668644,66,-
669082,669112,66,-
671092,671115,78,+
671320,671353,57,+
671450,671476,55,-
672275,672295,64,+
672517,672535,49,-
674567,674598,50,-
675109,675139,60,+
675193,675214,52,+
675460,675496,76,-
675924,675956,67,-
676421,676456,58,-
678505,678547,55,-
678667,678692,69,-
679574,679594,48,+
679991,680029,54,-
681628,681650,61,+
683967,684012,50,-
685160,685196,59,-
685423,685452,52,-
686855,686892,64,-
689459,689486,65,-
691894,691920,66,-
693166,693200,62,-
694183,694225,52,-
695324,695356,49,-
695450,695494,50,+
695805,695827,61,+
697416,697441,57,-
698413,698441,65,-
698453,698478,57,+
698686,698725,54,-
704487,704517,60,+
705418,705440,62,+
705518,705550,62,-
705938,705956,67,+
706263,706289,73,+
707632,707666,59,+
708745,708785,57,-
708944,708976,64,-
709072,709100,60,+
709202,709229,66,-
709417,709448,65,-
709474,709503,70,+
709667,709710,52,-
710193,710211,51,+
710319,710350,65,-
712013,712035,61,-
713830,713845,53,-
714363,714391,55,-
715301,715325,59,-
715778,715804,56,-
717097,717128,64,-
717283,717314,49,-
717368,717399,79,-
719604,719621,50,+
719880,719917,58,+
722921,722950,52,+
725834,725876,55,+
728236,728254,49,-
728359,728379,48,-
728783,728802,49,+
730827,730848,63,-
731005,731030,57,+
731587,731606,66,+
732689,732718,52,+
734553,734595,53,-
736097,736116,49,+
736760,736796,58,+
736839,736858,49,-
738102,738134,61,+
739036,739066,65,+
739824,739856,49,-
740278,740308,83,-
740737,740764,69,-
740848,740887,58,+
741858,741888,55,-
741940,741980,54,+
742474,742502,52,+
745294,745330,62,+
745463,745490,55,-
746765,746802,64,-
749881,749909,54,-
750070,750096,83,+
750179,750197,49,-
750205,750244,73,-
750249,750276,61,+
753076,753118,52,+
754761,754798,88,+
756550,756573,48,-
756618,756661,52,-
757693,757729,56,+
758143,758170,65,-
758392,758412,49,+
758445,758469,59,-
759156,759185,52,-
761345,761374,58,-
762092,762130,55,-
762676,762707,55,-
765690,765719,82,+
767790,767820,51,-
768224,768248,59,-
768421,768459,55,+
770730,770753,50,+
770793,770811,49,-
772336,772377,54,-
772733,772757,59,+
775590,775630,53,+
776286,776314,54,+
777170,777189,66,+
778915,778938,48,+
780140,780172,58,+
781395,781428,48,-
781475,781502,55,-
782329,782365,58,-
783960,784002,48,+
785173,785206,62,+
785260,785289,52,-
785575,785596,49,-
785633,785667,58,-
785823,785855,75,-
786106,786126,49,+
786461,786491,49,-
786549,786589,50,-
787334,787364,51,+
787569,787593,48,+
788465,788499,67,-
791120,791162,52,+
792584,792605,48,-
792788,792817,51,-
792859,792892,62,+
793209,793250,51,-
793429,793476,79,-
793848,793880,68,-
793881,793905,48,+
796924,796954,66,-
797634,797653,49,-
797741,797759,67,+
797779,797818,88,+
798956,798981,47,-
799694,799728,59,+
800243,800266,48,+
800268,800313,52,-
800736,800759,60,+
801352,801376,48,-
801861,801899,55,-
802088,802119,77,-
802702,802731,52,+
803411,803431,47,-
804365,804385,64,-
805694,805737,52,+
805832,805867,59,-
806718,806759,57,-
807957,807982,56,-
808536,808575,53,+
808660,808686,56,+
809594,809626,54,-
809952,809984,58,+
811479,811514,64,-
812869,812909,54,-
814266,814303,56,+
814640,814668,52,-
815481,815508,71,-
816020,816062,50,+
820740,820776,73,-
821580,821616,64,-
821795,821816,48,+
823909,823929,47,-
833761,833786,67,-
836544,836578,58,+
841647,841683,56,+
842056,842087,65,+
843763,843788,47,-
845026,845061,55,+
846481,846505,59,+
848670,848693,49,-
849233,849255,49,-
849721,849757,64,-
850045,850072,81,-
851429,851459,96,+
855826,855861,65,-
856151,856174,69,+
856215,856251,58,-
856695,856722,55,+
856957,856976,49,+
859995,860033,58,+
861267,861293,56,+
861804,861829,47,-
863231,863261,62,+
864342,864365,60,-
864382,864418,55,+
865702,865722,64,+
866757,866799,48,-
868878,868906,60,-
870116,870152,52,-
871257,871277,47,+
872472,872505,76,-
873469,873492,49,+
873612,873641,64,+
873767,873789,51,-
874334,874368,65,-
876127,876147,47,-
877088,877132,52,+
877154,877192,56,-
878158,878187,71,-
878405,878445,50,+
880381,880399,49,-
880461,880486,70,-
881635,881667,56,-
881837,881867,63,+
881944,881981,61,+
882575,882602,71,-
882895,882927,67,-
883388,883408,64,-
886525,886557,63,+
889140,889172,58,+
889258,889287,52,+
889405,889444,55,-
892517,892537,48,+
892677,892710,61,+
892902,892927,75,+
893649,893679,60,-
894221,894246,61,-
896571,896603,49,-
897623,897657,89,-
898073,898097,59,-
898635,898665,51,-
899255,899281,55,-
901488,901512,48,+
901496,901531,59,-
901545,901572,66,+
901737,901777,73,-
903403,903440,59,+
903475,903513,53,+
905301,905348,47,+
908966,908996,95,+
909866,909896,55,+
909930,909964,59,+
913465,913500,61,+
913521,913541,48,-
915355,915396,57,-
915796,915820,59,+
919017,919037,54,-
919186,919228,55,+
919457,919487,51,+
919868,919898,65,+
922914,922937,69,-
923274,923293,47,-
924810,924829,47,-
925349,925384,47,-
928682,928724,49,-
929000,929025,57,+
929361,929402,58,+
930124,930154,62,-
930683,930712,57,-
931540,931578,58,+
937245,937274,52,-
938596,938619,60,-
939498,939531,57,-
939563,939593,63,-
940265,940289,48,-
941513,941536,60,-
941925,941965,50,+
942758,942788,51,+
942893,942919,56,-
944305,944332,66,-
946720,946743,48,-
947000,947025,60,-
947537,947578,53,-
948776,948810,58,-
949635,949658,50,-
951029,951046,52,+
951493,951526,60,-
951866,951893,55,-
951915,951954,54,-
952799,952818,47,+
954062,954085,60,-
954165,954208,49,-
954256,954280,58,-
954814,954835,64,-
955392,955421,51,+
955753,955781,54,-
958247,958290,50,+
959119,959139,47,-
961147,961178,55,+
961560,961590,51,+
962607,962632,57,-
962708,962725,52,-
963121,963155,63,-
963613,963645,64,-
964863,964902,54,-
965072,965102,51,+
965701,965738,47,-
965806,965844,53,+
973938,973959,48,+
974275,974307,59,-
974895,974921,66,+
975807,975832,56,+
975898,975927,62,+
976546,976567,73,-
976621,976639,50,-
976990,977021,63,-
977120,977144,59,+
977479,977499,47,+
977552,977581,61,+
978214,978241,55,+
978347,978367,51,+
979860,979899,53,-
980006,980025,49,-
980283,980313,51,-
982547,982586,70,+
982873,982891,50,-
983061,983090,52,+
983113,983147,64,+
983575,983596,48,+
983795,983823,54,+
983941,983970,52,+
985029,985051,48,+
985606,985632,66,-
986032,986051,66,+
987073,987091,50,+
987881,987917,70,-
988163,988192,52,-
990125,990144,65,+
991150,991169,49,-
991408,991443,62,-
992788,992818,57,+
995295,995333,74,+
996159,996177,50,-
997627,997649,61,-
998071,998113,50,+
998357,998403,92,+
999342,999383,58,+
1000159,1000191,64,-
1002783,1002811,88,-
1002914,1002934,49,-
1003577,1003612,64,-
1003867,1003898,50,+
1003905,1003937,67,-
1004047,1004066,49,-
1010026,1010064,59,-
1010389,1010409,51,-
1012433,1012461,70,+
1013688,1013707,49,-
1013748,1013781,59,-
1013905,1013940,74,-
1014977,1015000,60,-
1015539,1015574,56,-
1015761,1015798,88,+
1016308,1016338,51,-
1016374,1016404,68,-
1017376,1017397,48,-
1017418,1017452,48,-
1017795,1017823,52,-
1018255,1018296,51,-
1020294,1020324,62,-
1021701,1021735,63,-
1021911,1021938,69,-
1023790,1023824,51,-
1025155,1025180,57,-
1025473,1025503,79,-
1025764,1025793,83,-
1026149,1026187,50,+
1027141,1027164,69,-
1028212,1028249,51,-
1029110,1029129,56,-
1030878,1030912,64,+
1031269,1031303,60,-
1031664,1031693,66,+
1032279,1032311,82,+
1032717,1032742,86,-
1032760,1032796,55,-
1032923,1032949,67,-
1033052,1033068,70,-
1033972,1034009,51,-
1037589,1037606,50,-
1039079,1039115,62,+
1039128,1039152,69,-
1040536,1040570,62,-
1040958,1040984,68,-
1041051,1041085,51,-
1043607,1043636,52,-
1043826,1043861,52,-
1044737,1044766,51,-
1044894,1044943,47,-
1045123,1045154,67,-
1045374,1045396,49,+
1046072,1046104,62,-
1046396,1046426,51,+
1046597,1046630,56,-
1047432,1047449,50,+
1048274,1048305,82,+
1049522,1049542,47,+
1050750,1050772,61,-
1054078,1054107,62,-
1060160,1060188,64,-
1060686,1060711,84,+
1061348,1061370,61,-
1062348,1062384,78,-
1063122,1063152,62,+
1064156,1064198,50,-
1064751,1064780,52,-
1065289,1065312,48,+
1066351,1066372,48,-
1068408,1068435,66,-
1069330,1069369,57,-
1069691,1069725,62,-
1069876,1069893,50,+
1071144,1071179,59,-
1071393,1071421,68,-
1071982,1072015,91,-
1074120,1074143,49,-
1074595,1074622,53,-
1076498,1076525,71,+
1078185,1078222,56,+
1078302,1078321,66,-
1081236,1081271,48,-
1081916,1081950,64,-
1083148,1083180,51,-
1084737,1084755,51,+
1086716,1086760,52,+
1088505,1088533,54,-
1088901,1088937,57,-
1091013,1091033,48,+
1091465,1091490,71,-
1091589,1091621,50,-
1093193,1093219,56,+
1093743,1093773,70,-
1095080,1095109,60,+
1095310,1095343,47,+
1095890,1095905,53,-
1096035,1096055,49,-
1097557,1097589,50,+
1103831,1103858,69,-
1103877,1103904,100,-
1104520,1104558,52,-
1104600,1104633,64,-
1105336,1105365,52,-
1105868,1105905,91,-
1106622,1106653,62,-
1109061,1109091,52,+
1109328,1109344,52,-
1109360,1109395,61,-
1109650,1109676,68,-
1111654,1111678,48,-
1112475,1112518,54,-
1113908,1113927,51,-
1115810,1115829,47,-
1115914,1115935,63,-
1116271,1116307,48,-
1117433,1117478,50,-
1117570,1117616,52,-
1117781,1117801,47,+
1117978,1117997,47,-
1119895,1119923,68,-
1119958,1119981,49,-
1120027,1120051,59,+
1122249,1122284,92,+
1124994,1125025,50,+
1126158,1126202,52,-
1129489,1129506,69,-
1129834,1129850,52,-
1131215,1131248,60,+
1131720,1131746,66,+
1132177,1132223,52,+
1132895,1132939,49,+
1133029,1133074,52,-
1133206,1133248,69,-
1133305,1133352,49,+
1136902,1136930,66,+
1137979,1138018,55,+
1138823,1138849,73,+
1140707,1140741,55,+
1142068,1142088,49,-
1142177,1142198,63,+
1142360,1142379,49,-
1142388,1142423,74,-
1143020,1143055,56,+
1143349,1143395,49,-
1144046,1144072,56,+
1144946,1144978,49,+
1145121,1145150,80,-
1146444,1146464,47,+
1147443,1147473,51,+
1148081,1148106,67,-
1148157,1148202,49,+
1148648,1148674,66,-
1151682,1151704,51,+
1154437,1154457,64,-
1154776,1154812,55,-
1161484,1161518,76,-
1161667,1161703,73,-
1162871,1162896,58,-
1163592,1163623,50,-
1163625,1163652,66,+
1165608,1165644,59,+
1166265,1166295,60,+
1167994,1168012,67,+
1170226,1170262,48,+
1171343,1171379,70,-
1171808,1171849,53,+
1172440,1172481,70,-
1172648,1172689,57,+
1174684,1174702,49,-
1175253,1175286,61,-
1175861,1175886,56,-
1176256,1176278,61,+
1177351,1177375,48,+
1177467,1177512,47,-
1178241,1178272,78,+
1178325,1178352,53,-
1178866,1178885,52,-
1179776,1179800,59,+
1179936,1179957,63,-
1180030,1180059,52,-
1180581,1180613,48,+
1181089,1181112,48,-
1181723,1181759,57,-
1182691,1182715,48,+
1184331,1184377,48,-
1185366,1185402,71,-
1186643,1186673,63,-
1187184,1187205,62,-
1191177,1191200,48,-
1194866,1194901,55,-
1195342,1195359,69,-
1202695,1202732,56,-
1204116,1204141,69,-
1204156,1204177,48,+
1206657,1206694,58,-
1206876,1206911,58,-
1207549,1207580,67,-
1207607,1207642,61,-
1209714,1209737,60,+
1211676,1211703,58,-
1212523,1212555,49,-
1212660,1212696,73,-
1213333,1213368,91,-
1213484,1213506,48,-
1214293,1214321,54,-
1214782,1214809,55,+
1220675,1220706,52,+
1221141,1221174,62,+
1221404,1221430,56,+
1223861,1223883,51,-
1224048,1224073,68,-
1224299,1224322,49,+
1225229,1225266,53,-
1225429,1225465,58,-
1225969,1226002,58,-
1226025,1226050,57,-
1226142,1226159,50,+
1226364,1226404,49,-
1226834,1226873,95,-
1227145,1227164,65,+
1230768,1230792,59,-
1232727,1232752,57,-
1234330,1234363,67,-
1235061,1235080,47,-
1237371,1237389,49,-
1238809,1238842,48,-
1239328,1239360,64,-
1240528,1240555,81,-
1240828,1240859,57,-
1241416,1241437,63,+
1241542,1241565,49,+
1241936,1241971,58,+
1241980,1242026,49,+
1242088,1242107,66,+
1242162,1242186,48,-
1244338,1244377,59,-
1244703,1244730,58,-
1248766,1248791,69,-
1248930,1248956,68,-
1249023,1249047,70,-
1249081,1249103,61,-
1250540,1250574,67,-
1252424,1252450,55,-
1253241,1253268,60,-
1253791,1253819,54,+
1254074,1254102,55,-
1254302,1254344,52,+
1254519,1254556,58,+
1256059,1256101,57,-
1256418,1256441,69,-
1256710,1256736,56,+
1256980,1257000,47,+
1257245,1257290,49,-
1257378,1257402,59,+
1257453,1257500,50,-
1258051,1258084,70,+
1258786,1258817,62,+
1259236,1259257,48,+
1259610,1259629,47,+
1260745,1260771,55,-
1260906,1260928,48,-
1264011,1264029,49,+
1264178,1264208,51,-
1265809,1265846,61,+
1266736,1266764,54,-
1267453,1267471,50,-
1267808,1267831,70,-
1268131,1268162,63,-
1269569,1269613,49,-
1271302,1271323,64,+
1275049,1275070,63,-
1276311,1276360,85,-
1276705,1276747,53,-
1277035,1277070,55,+
1278113,1278146,62,+
1278363,1278389,71,+
1278807,1278845,61,-
1278900,1278924,59,-
1279955,1279989,51,-
1280241,1280272,76,-
1284079,1284120,52,-
1288572,1288591,49,+
1289703,1289725,79,+
1289962,1289997,71,+
1290487,1290515,54,-
1294063,1294082,49,+
1295987,1296024,51,+
1297073,1297113,53,-
1297878,1297914,55,-
1305056,1305082,56,-
1305253,1305286,58,-
1305380,1305417,55,+
1309052,1309082,51,-
1313225,1313262,58,+
1314099,1314121,48,+
1315324,1315352,80,-
1316453,1316485,59,+
1316714,1316737,49,+
1317713,1317745,78,-
1317922,1317941,47,-
1318592,1318629,55,-
1318840,1318869,64,+
1319409,1319437,52,+
1319582,1319616,59,+
1320944,1320983,57,-
1322576,1322624,47,-
1323603,1323638,48,-
1325419,1325435,52,+
1325682,1325702,64,+
1325868,1325914,89,-
1326093,1326114,48,+
1327567,1327594,61,-
1327681,1327723,54,-
1328012,1328044,49,+
1329431,1329451,49,+
1329784,1329818,76,+
1329905,1329937,67,-
1332406,1332432,55,-
1332897,1332917,47,-
1333825,1333849,59,+
1334043,1334063,47,-
1334077,1334110,48,-
1334152,1334201,84,+
1337126,1337157,78,-
1337573,1337600,55,-
1338390,1338410,49,-
1338488,1338507,49,-
1338796,1338835,54,+
1341027,1341073,47,-
1341830,1341872,50,+
1342293,1342328,56,-
1342565,1342599,57,+
1343265,1343288,50,+
1343507,1343548,53,+
1344047,1344072,57,-
1344255,1344279,48,-
1344340,1344373,47,-
1344568,1344591,50,-
1344954,1344986,65,+
1345265,1345291,103,+
1346365,1346397,67,-
1347146,1347185,51,-
1347752,1347790,95,-
1347894,1347922,54,+
1349576,1349608,49,+
1349796,1349829,65,+
1350005,1350041,71,-
1350071,1350094,72,-
1350124,1350144,48,+
1350370,1350411,54,-
1351535,1351560,57,+
1352079,1352107,61,+
1352359,1352392,48,-
1353562,1353586,59,-
1355490,1355529,73,-
1357424,1357462,62,+
1357647,1357669,49,-
1357744,1357765,49,-
1358194,1358227,52,-
1358417,1358446,63,+
1358703,1358720,50,-
1362059,1362086,55,-
1362870,1362900,51,-
1363145,1363176,68,-
1363484,1363507,61,-
1363567,1363599,65,-
1363666,1363697,57,-
1364141,1364171,63,-
1365801,1365822,48,-
1366188,1366224,48,+
1366303,1366341,59,-
1366840,1366881,52,+
1366942,1366980,73,-
1369090,1369111,48,+
1371658,1371699,51,-
1371786,1371816,49,+
1376025,1376068,53,-
1377332,1377372,58,-
1380817,1380840,50,+
1381148,1381166,51,+
1382307,1382339,57,-
1382635,1382661,66,-
1382999,1383044,52,-
1383079,1383113,60,-
1383148,1383170,48,-
1383433,1383464,62,-
1384043,1384084,55,-
1391156,1391190,75,+
1391658,1391689,66,+
1394196,1394219,63,-
1395316,1395361,49,+
1397220,1397249,52,-
1399114,1399144,67,-
1399189,1399214,57,-
1399308,1399344,59,-
1399630,1399660,68,-
1401518,1401556,54,-
1402151,1402180,58,-
1402355,1402382,86,-
1403145,1403163,50,-
1403331,1403366,58,-
1406278,1406320,53,+
1407145,1407177,49,-
1407492,1407512,64,-
1407555,1407583,68,-
1408111,1408147,54,-
1408904,1408932,54,-
1409632,1409662,51,-
1412179,1412210,50,-
1412263,1412282,47,-
1412898,1412927,52,-
1413714,1413734,52,-
1414513,1414540,57,+
1414733,1414757,48,-
1414792,1414832,57,-
1416023,1416054,64,+
1418735,1418758,60,-
1419430,1419467,64,-
1419968,1420006,53,+
1421189,1421210,63,-
1421262,1421291,80,-
1422422,1422453,109,-
1422975,1423009,80,-
1424372,1424395,60,-
1425896,1425922,58,-
1426467,1426511,48,-
1427356,1427374,50,-
1428727,1428759,47,-
1429748,1429788,54,-
1429776,1429803,55,+
1430298,1430327,52,-
1430858,1430875,52,+
1432467,1432494,55,-
1434002,1434032,80,-
1438986,1439018,49,+
1439291,1439309,50,+
1439955,1439974,47,+
1440939,1440964,47,+
1441653,1441689,54,+
1443042,1443070,71,+
1443509,1443536,55,+
1445399,1445433,62,-
1447329,1447362,48,-
1447670,1447692,61,-
1447911,1447944,48,+
1452500,1452536,54,+
1453722,1453763,50,-
1455923,1455962,59,-
1456132,1456160,54,+
1457511,1457533,72,-
1457881,1457908,81,+
1457950,1457975,69,-
1459586,1459605,66,-
1462043,1462084,53,+
1469495,1469530,54,-
1470148,1470177,55,+
1470285,1470312,69,-
1470824,1470848,59,+
1470870,1470903,50,+
1471721,1471755,61,+
1471893,1471926,79,-
1472409,1472437,53,-
1474739,1474781,47,+
1475157,1475175,49,-
1476147,1476162,53,-
1476329,1476362,59,-
1477942,1477971,68,+
1478002,1478027,47,+
1478202,1478239,47,-
1478969,1479002,64,-
1479797,1479828,61,-
1480762,1480786,48,-
1480808,1480827,49,-
1481127,1481164,55,-
1481758,1481796,57,-
1482329,1482349,64,-
1483030,1483050,49,-
1483088,1483110,49,-
1483656,1483688,59,+
1483900,1483929,52,-
1484404,1484453,88,-
1484979,1485023,48,-
1485061,1485096,58,-
1485390,1485430,57,-
1485887,1485908,48,+
1486194,1486211,50,+
1487330,1487364,61,-
1488917,1488957,55,+
1491021,1491055,74,-
1491859,1491897,53,-
1493038,1493077,54,+
1494020,1494054,51,+
1495606,1495644,61,+
1497437,1497471,60,-
1498119,1498152,62,-
1498905,1498922,50,-
1500565,1500604,54,-
1500755,1500781,56,-
1501108,1501140,108,-
1501147,1501183,59,-
1501640,1501662,51,+
1502398,1502432,51,+
1502497,1502540,52,-
1502565,1502586,63,+
1502686,1502708,51,-
1503540,1503572,50,-
1503931,1503953,49,-
1504742,1504778,56,-
1506367,1506392,56,-
1506659,1506691,52,+
1506738,1506769,63,-
1507018,1507037,47,-
1507575,1507608,52,-
1509766,1509803,59,-
1510009,1510054,50,+
1510116,1510136,48,+
1510339,1510387,48,-
1513019,1513056,56,+
1513414,1513438,59,-
1517618,1517652,62,+
1518835,1518870,61,-
1522585,1522627,53,-
1523156,1523192,57,+
1524082,1524124,51,-
1524195,1524226,55,+
1524770,1524789,49,+
1525990,1526021,83,-
1526419,1526438,66,-
1526782,1526808,66,+
1527043,1527090,49,+
1527167,1527193,67,+
1527673,1527712,73,+
1528674,1528711,55,+
1528757,1528796,59,+
1529516,1529543,55,+
1530231,1530272,49,+
1531112,1531136,48,+
1537192,1537215,60,+
1537507,1537529,49,-
1537739,1537761,48,+
1538063,1538090,55,+
1538108,1538143,54,-
1538416,1538444,65,-
1539015,1539035,47,-
1539113,1539135,107,-
1539925,1539948,49,-
1542260,1542281,63,-
1542328,1542365,104,-
1542376,1542406,51,-
1544701,1544719,50,+
1545716,1545742,88,-
1546176,1546215,53,+
1548147,1548164,50,+
1549775,1549793,50,+
1550249,1550278,52,+
1550295,1550326,57,-
1550540,1550568,68,-
1551039,1551069,60,-
1553844,1553886,55,+
1553897,1553929,59,+
1554634,1554676,50,-
1555540,1555579,52,+
1556585,1556629,48,-
1557551,1557577,83,+
1557656,1557696,57,+
1558998,1559018,54,-
1560196,1560215,51,-
1560797,1560817,92,+
1562351,1562377,58,-
1563239,1563283,54,-
1563721,1563748,68,-
1565769,1565786,69,+
1566256,1566275,47,-
1568210,1568229,47,-
1568232,1568262,62,+
1569177,1569209,65,+
1569271,1569301,61,+
1569829,1569846,52,+
1570081,1570099,50,-
1570293,1570335,49,+
1570650,1570692,57,+
1571962,1571989,55,-
1575497,1575518,51,-
1576047,1576095,49,-
1583149,1583181,67,+
1584757,1584795,57,-
1584995,1585030,52,-
1586454,1586476,79,-
1586582,1586602,64,-
1586835,1586872,51,-
1587598,1587613,53,-
1588763,1588784,48,-
1590285,1590315,51,-
1590476,1590497,63,-
1590553,1590576,49,+
1593507,1593547,55,-
1594506,1594533,55,-
1598610,1598647,61,-
1600319,1600342,60,+
1602031,1602052,63,+
1603550,1603582,62,+
1606366,1606390,59,-
1608596,1608633,58,-
1608839,1608863,48,-
1610003,1610022,51,-
1611377,1611406,52,+
1613198,1613228,51,+
1613781,1613817,58,+
1615930,1615954,48,-
1617460,1617485,57,+
1617556,1617581,67,-
1618463,1618492,52,+
1619517,1619547,51,-
1622616,1622635,66,+
1623142,1623181,58,+
1624298,1624325,69,+
1625282,1625312,65,+
1625783,1625802,51,-
1628878,1628902,48,-
1629995,1630012,52,+
1634334,1634369,59,-
1634416,1634452,64,-
1635952,1635968,52,-
1636411,1636451,53,-
1638827,1638867,52,-
1639892,1639937,47,-
1640385,1640409,59,-
1642625,1642648,60,-
1642949,1642981,62,-
1645810,1645852,57,+
1646595,1646623,67,-
1646915,1646944,52,-
1647199,1647228,67,-
1648176,1648206,59,+
1649587,1649620,48,+
1649714,1649740,56,-
1650419,1650463,50,+
1650672,1650705,64,+
1651125,1651160,62,-
1651408,1651431,49,-
1653070,1653110,54,+
1653234,1653270,55,+
1653507,1653536,62,+
1655665,1655697,49,+
1658041,1658081,53,-
1658106,1658147,55,+
1660590,1660626,56,-
1661343,1661363,47,-
1662626,1662646,47,-
1666509,1666546,61,-
1666647,1666667,64,-
1666749,1666769,64,+
1668391,1668424,74,-
1668680,1668711,54,-
1672420,1672439,49,+
1673262,1673289,66,+
1674425,1674453,54,-
1677184,1677203,49,-
1677306,1677326,47,-
1677478,1677516,53,+
1679598,1679619,62,-
1680265,1680288,48,-
1681359,1681403,54,+
1681482,1681499,69,+
1683004,1683030,56,+
1683071,1683108,64,+
1683348,1683368,47,-
1683688,1683721,61,-
1684009,1684041,54,+
1685103,1685143,53,-
1686537,1686568,59,-
1687597,1687639,48,-
1689711,1689731,48,+
1690551,1690574,60,+
1691089,1691107,67,-
1691211,1691242,50,-
1691410,1691444,48,-
1691509,1691536,65,-
1691568,1691609,55,-
1691640,1691670,65,-
1691910,1691929,47,-
1693171,1693190,47,+
1693786,1693822,59,-
1694068,1694092,48,-
1695796,1695842,88,-
1695943,1695966,48,+
1696210,1696244,51,-
1698002,1698047,50,+
1698910,1698943,64,+
1698991,1699032,49,+
1699303,1699332,58,-
1699527,1699560,58,-
1701999,1702024,68,+
1702119,1702147,54,+
1704020,1704050,60,-
1705320,1705356,90,-
1705754,1705775,48,-
1706084,1706118,59,-
1706158,1706187,52,-
1708610,1708643,64,+
1710423,1710445,51,-
1710586,1710622,54,+
1710988,1711014,56,+
1711983,1712007,48,-
1712591,1712628,61,-
1712835,1712875,53,-
1716625,1716650,47,-
1723288,1723318,60,-
1724766,1724799,60,+
1726209,1726228,47,+
1726904,1726937,51,-
1728997,1729028,55,+
1730115,1730140,47,+
1731010,1731036,57,+
1733232,1733252,49,+
1733591,1733627,48,-
1735122,1735140,49,+
1735818,1735853,59,+
1737325,1737352,71,+
1737663,1737706,55,+
1737732,1737757,71,-
1738051,1738095,52,+
1738359,1738375,52,-
1739161,1739206,49,+
1740551,1740569,52,+
1741969,1742012,55,-
1742087,1742120,62,+
1742274,1742303,79,+
1742342,1742375,65,+
1743938,1743977,57,+
1751270,1751302,57,+
1756608,1756643,54,+
1757076,1757093,69,-
1757249,1757275,56,+
1758349,1758368,47,-
1759189,1759214,57,+
1759468,1759493,69,+
1759862,1759903,52,+
1760085,1760103,50,+
1760419,1760449,68,-
1761695,1761723,54,-
1761783,1761815,62,+
1761859,1761894,55,+
1763571,1763603,52,-
1763852,1763891,54,+
1764863,1764886,60,-
1765269,1765302,74,-
1765571,1765618,50,-
1765945,1765962,52,-
1766034,1766074,53,+
1766058,1766094,58,-
1767757,1767798,91,-
1769485,1769523,55,+
1771551,1771574,60,-
1771590,1771616,101,-
1773422,1773461,53,+
1773510,1773542,47,+
1773638,1773666,80,-
1774243,1774272,52,+
1774407,1774431,48,+
1774548,1774585,61,+
1774630,1774663,52,+
1775298,1775330,59,+
1776775,1776792,50,+
1778763,1778801,55,+
1779713,1779745,78,+
1781078,1781099,48,+
1781799,1781841,91,-
1782118,1782153,61,+
1782548,1782571,60,-
1782967,1783007,54,-
1783912,1783937,75,-
1783939,1783974,94,-
1784013,1784056,52,-
1786779,1786795,53,-
1787549,1787569,48,-
1788174,1788197,48,+
1788470,1788508,58,+
1789854,1789879,57,+
1791051,1791080,51,+
1791152,1791182,52,+
1792166,1792212,49,+
1793772,1793811,54,-
1795311,1795338,55,+
1795488,1795525,98,+
1795668,1795700,70,+
1796847,1796881,78,+
1797528,1797547,47,+
1797974,1798007,76,+
1798956,1798986,51,+
1799290,1799311,49,+
1799577,1799614,56,+
1800184,1800209,58,+
1801053,1801084,48,-
1803215,1803245,51,+
1804519,1804539,48,+
1804995,1805025,54,+
1805828,1805873,81,-
1806162,1806196,78,-
1807145,1807185,54,+
1807892,1807911,66,+
1808582,1808609,66,+
1811069,1811101,65,-
1811160,1811182,51,+
1811785,1811809,67,-
1812562,1812595,52,-
1812769,1812799,96,-
1813221,1813243,49,+
1814102,1814131,62,-
1814360,1814386,56,-
1814485,1814514,60,+
1816190,1816228,59,+
1817035,1817062,55,+
1817133,1817152,47,+
1822287,1822312,47,-
1822406,1822440,78,+
1823903,1823932,52,-
1824450,1824467,52,+
1824492,1824516,67,+
1825191,1825225,59,+
1825297,1825328,51,+
1825642,1825670,54,+
1826320,1826339,66,+
1826562,1826595,52,+
1828739,1828770,60,-
1829108,1829124,53,+
1830469,1830517,62,+
1833635,1833655,64,+
1833778,1833812,63,+
1834016,1834055,57,-
1834188,1834207,47,+
1834423,1834446,78,-
1834731,1834763,94,+
1835742,1835769,66,+
1836243,1836269,56,+
1836758,1836776,50,+
1838246,1838266,64,+
1839732,1839751,49,+
1839816,1839852,89,+
1840585,1840625,51,-
1841326,1841341,53,+
1844764,1844789,56,+
1846019,1846041,61,+
1847006,1847039,62,+
1848135,1848168,48,+
1850107,1850134,72,+
1851851,1851879,52,+
1851962,1851995,51,-
1853289,1853322,47,+
1854606,1854638,48,+
1856362,1856407,49,+
1859962,1860006,47,-
1860078,1860110,80,+
1860125,1860163,57,+
1860209,1860233,48,-
1861116,1861147,50,+
1861540,1861559,49,+
1861697,1861720,49,+
1864996,1865041,53,-
1869368,1869392,48,+
1870130,1870162,62,+
1870828,1870847,47,-
1871031,1871058,70,+
1871163,1871198,56,-
1871438,1871485,49,+
1871489,1871534,89,+
1871641,1871679,58,-
1871721,1871748,68,+
1871846,1871864,67,+
1872103,1872135,49,+
1872178,1872209,60,-
1879670,1879708,51,+
1880414,1880435,49,+
1884181,1884201,47,+
1884683,1884707,59,+
1888524,1888552,81,-
1892294,1892324,68,+
1896108,1896126,49,+
1896138,1896174,75,+
1897121,1897146,56,+
1899185,1899206,51,+
1900108,1900136,80,+
1901336,1901367,51,+
1902531,1902560,62,+
1904963,1904992,66,+
1905863,1905902,53,+
1906125,1906166,49,+
1906639,1906656,52,+
1907183,1907216,56,-
1907601,1907635,60,-
1907738,1907770,65,-
1908031,1908058,55,-
1908407,1908429,61,-
1908692,1908715,50,+
1908742,1908769,55,+
1908899,1908943,52,+
1909101,1909133,75,+
1909188,1909221,58,+
1909458,1909485,68,+
1910834,1910868,60,-
1922375,1922406,60,+
1922636,1922656,47,+
1923042,1923065,48,+
1923607,1923634,55,+
1930815,1930863,48,-
1933083,1933114,50,+
1933701,1933722,63,-
1935173,1935199,56,+
1936083,1936115,52,+
1937728,1937773,52,+
1938391,1938408,50,+
1940087,1940108,62,+
1940561,1940592,84,+
1942756,1942778,51,+
1943092,1943109,52,+
1943472,1943509,47,-
1943878,1943896,49,-
1944014,1944050,74,+
1944204,1944236,49,+
1944923,1944953,67,+
1945385,1945416,60,+
1945947,1945986,58,+
1953639,1953676,53,+
1958176,1958200,59,-
1972908,1972935,55,+
1975075,1975098,48,-
1976715,1976755,53,+
1979351,1979393,53,+
1980187,1980229,54,+
1983193,1983216,60,-
1985543,1985562,47,+
1986068,1986097,52,+
1987328,1987346,49,+
1987521,1987550,52,+
1988179,1988197,52,+
1988246,1988282,47,-
1989467,1989494,55,+
1989694,1989732,51,+
1989839,1989867,66,+
1991637,1991659,51,+
1991662,1991696,74,+
1991720,1991755,55,+
1994579,1994612,60,+
1995105,1995134,68,-
1995265,1995291,58,+
1995657,1995693,73,+
1996141,1996160,47,+
1996183,1996215,59,+
1999224,1999261,87,-
2000346,2000380,60,-
2000777,2000811,62,+
2001310,2001330,47,-
2001442,2001476,60,+
2001599,2001621,49,-
2002240,2002284,47,-
2002922,2002962,57,+
2003210,2003237,66,+
2015272,2015314,48,+
2015440,2015480,53,+
2016049,2016073,48,+
2018355,2018380,57,-
2019266,2019308,69,+
2022472,2022503,59,+
2023213,2023241,65,+
2023331,2023369,55,+
2025424,2025456,62,+
2027259,2027292,48,-
2029630,2029645,53,+
2034159,2034184,47,-
2036849,2036881,52,+
2036897,2036921,48,+
2037689,2037714,86,-
2041737,2041769,49,+
2042480,2042502,48,+
2043090,2043113,49,-
2044197,2044231,61,-
2045563,2045583,64,-
2045870,2045900,66,-
2047083,2047116,80,-
2047303,2047331,65,-
2053378,2053407,62,+
2055100,2055123,71,+
2056043,2056063,64,-
2062350,2062382,48,+
2063194,2063214,64,+
2063377,2063412,62,+
2064968,2064993,57,+
2067932,2067970,58,-
2068148,2068173,60,-
2068195,2068229,59,-
2068304,2068341,58,+
2069247,2069292,50,+
2069633,2069681,48,+
2070136,2070158,61,+
2070180,2070221,55,+
2071798,2071831,47,+
2072488,2072507,49,+
2072833,2072861,52,-
2073202,2073236,50,-
2073285,2073327,50,-
2073998,2074032,75,+
2075213,2075247,61,-
2075285,2075308,78,+
2075697,2075736,68,+
2075838,2075862,87,+
2078168,2078192,59,-
2080039,2080070,64,+
2080747,2080777,83,-
2082573,2082595,51,-
2082682,2082708,56,-
2083598,2083629,60,-
2085418,2085447,69,+
2085988,2086015,65,+
2086909,2086928,47,+
2087058,2087083,57,+
2087461,2087496,56,-
2087517,2087547,51,+
2087626,2087644,67,+
2089265,2089313,49,+
2089567,2089599,49,+
2092592,2092628,59,+
2094102,2094122,49,+
2095355,2095385,85,-
2095400,2095434,62,+
2098916,2098955,55,+
2101415,2101444,51,+
2101893,2101926,51,-
2102566,2102594,66,+
2110942,2110991,48,-
2111006,2111047,54,+
2111867,2111898,50,-
2111934,2111967,60,+
2112417,2112454,64,+
2112807,2112850,49,+
2112861,2112892,68,+
2112926,2112946,49,+
2113361,2113401,57,-
2113549,2113578,61,-
2113913,2113944,65,+
2114246,2114276,51,+
2114424,2114454,55,+
2114982,2115010,54,-
2115310,2115341,59,-
2115423,2115453,77,+
2115532,2115557,67,+
2118355,2118395,58,+
2121575,2121602,53,+
2123045,2123076,50,+
2123175,2123217,69,+
2123264,2123287,60,+
2124484,2124509,47,+
2126296,2126331,54,-
2126963,2126994,50,-
2128305,2128334,51,+
2129876,2129897,48,+
2130750,2130777,55,-
2132025,2132073,48,+
2135060,2135091,62,+
2138689,2138719,51,+
2138786,2138831,52,-
2138835,2138859,104,-
2138862,2138901,53,+
2139275,2139310,58,-
2141008,2141045,56,-
2141083,2141117,60,+
2141310,2141333,71,+
2142048,2142079,67,+
2142978,2143014,56,+
2143572,2143597,47,+
2143907,2143936,52,+
2144004,2144031,53,+
2144267,2144310,50,+
2149738,2149766,54,-
2151217,2151244,63,-
2153359,2153382,49,-
2153717,2153739,51,+
2154768,2154796,55,-
2159120,2159146,56,+
2159941,2159977,55,-
2160484,2160503,49,-
2162467,2162490,49,-
2167171,2167192,49,+
2168441,2168480,99,+
2168795,2168835,57,+
2168972,2168997,68,+
2169629,2169660,66,-
2170306,2170336,62,+
2172073,2172113,59,+
2174036,2174056,48,-
2175568,2175609,85,-
2175842,2175881,94,-
2176505,2176540,56,-
2177205,2177240,55,+
2177508,2177545,53,+
2178000,2178020,49,+
2179148,2179165,69,+
2179641,2179665,48,+
2181025,2181061,56,+
2182518,2182550,52,+
2185221,2185246,57,+
2188291,2188322,50,+
2188960,2188980,49,+
2189363,2189396,61,+
2190107,2190141,60,-
2191484,2191511,57,-
2191944,2191976,49,+
2193173,2193197,48,+
2193283,2193301,49,+
2193429,2193449,47,+
2193624,2193642,50,+
2193817,2193851,58,+
2194234,2194250,70,+
2196103,2196122,49,-
2196226,2196271,53,+
2196875,2196918,49,+
2197048,2197072,48,+
2199557,2199575,49,-
2203135,2203168,65,+
2204359,2204378,49,-
2205369,2205402,48,-
2205697,2205724,55,+
2206101,2206143,48,+
2206467,2206511,48,-
2206762,2206785,50,+
2215017,2215057,55,+
2215479,2215515,59,-
2217302,2217331,52,+
2218051,2218084,47,+
2219086,2219109,60,+
2219298,2219325,55,+
2219792,2219820,54,+
2222486,2222522,54,+
2222730,2222773,50,+
2223370,2223407,54,+
2223805,2223826,49,+
2226959,2226995,48,+
2231716,2231746,63,-
2233250,2233281,65,-
2234974,2235004,60,+
2236135,2236170,61,+
2237638,2237670,75,+
2238564,2238597,56,+
2241211,2241246,71,-
2243421,2243448,65,+
2245323,2245360,51,+
2245948,2245969,51,+
2247407,2247441,60,+
2247469,2247491,48,-
2250679,2250722,53,-
2250935,2250979,49,+
2253187,2253212,57,+
2254785,2254826,55,+
2255637,2255674,57,+
2255925,2255945,47,+
2256470,2256496,57,+
2257616,2257634,50,-
2259801,2259842,49,+
2260783,2260821,96,+
2260976,2261015,58,+
2261565,2261600,89,+
2261977,2261997,47,+
2263776,2263802,66,-
2264716,2264742,64,+
2264755,2264774,47,+
2265064,2265094,49,-
2265350,2265374,48,-
2265587,2265625,102,+
2266924,2266954,66,+
2271371,2271403,49,+
2274604,2274623,49,-
2275450,2275467,50,+
2275823,2275859,57,+
2275925,2275943,49,+
2275937,2275971,60,-
2278064,2278095,57,-
2279392,2279425,56,+
2283422,2283445,60,-
2286673,2286699,56,-
2286831,2286863,63,-
2287093,2287131,58,-
2287575,2287613,57,+
2288588,2288621,47,-
2289392,2289414,51,+
2289639,2289673,64,+
2290406,2290432,56,+
2291120,2291156,57,+
2291286,2291329,94,+
2291384,2291417,75,+
2292636,2292682,48,-
2292777,2292805,54,-
2292876,2292911,62,+
2293118,2293140,61,+
2293335,2293354,66,-
2294879,2294918,57,+
2295234,2295257,72,+
2295826,2295865,66,+
2295905,2295952,50,-
2297473,2297514,70,+
2297602,2297618,70,+
2297855,2297879,48,+
2299195,2299210,53,+
2299261,2299281,64,+
2299732,2299776,48,-
2300182,2300212,60,+
2301822,2301842,49,+
2303453,2303496,55,-
2303704,2303741,58,-
2304261,2304302,55,+
2304374,2304407,50,+
2304441,2304481,57,+
2307482,2307502,49,+
2307734,2307774,55,+
2307959,2307994,59,+
2308857,2308895,57,+
2310071,2310108,58,+
2311210,2311240,68,-
2311302,2311332,62,-
2311448,2311465,50,+
2312175,2312194,49,+
2312240,2312266,56,+
2312498,2312521,48,+
2313391,2313420,65,+
2314090,2314121,68,-
2314191,2314219,64,-
2315695,2315719,59,-
2316410,2316436,56,-
2316619,2316656,54,+
2316910,2316941,62,+
2317056,2317073,50,+
2318207,2318233,71,-
2322111,2322155,53,+
2323789,2323804,53,-
2323864,2323881,69,-
2325240,2325269,51,+
2325575,2325603,54,-
2326952,2326971,66,+
2328871,2328899,64,-
2330026,2330058,78,+
2331310,2331329,49,-
2331906,2331938,52,-
2332072,2332095,60,+
2332706,2332734,66,+
2333436,2333458,61,+
2333533,2333556,50,+
2334986,2335016,62,+
2335025,2335051,56,-
2336291,2336325,51,+
2337525,2337563,55,+
2338303,2338339,64,+
2338507,2338532,58,+
2338671,2338688,50,-
2338743,2338762,47,-
2340834,2340864,95,+
2341448,2341478,51,+
2342188,2342215,55,+
2343085,2343122,58,+
2344108,2344133,57,+
2344378,2344418,53,+
2345564,2345582,50,+
2346623,2346651,57,+
2349677,2349712,100,-
2349942,2349967,69,+
2351886,2351925,54,-
2352222,2352246,58,+
2352427,2352451,59,-
2352579,2352601,48,+
2353019,2353042,48,-
2353980,2354016,58,+
2354674,2354714,53,+
2355436,2355464,68,+
2356703,2356730,55,+
2359269,2359312,53,-
2359799,2359830,48,+
2360114,2360135,49,+
2362869,2362909,55,-
2363409,2363449,54,+
2365528,2365573,49,+
2365773,2365795,61,+
2366172,2366201,51,-
2367109,2367131,48,+
2367627,2367647,64,+
2369074,2369114,55,+
2371940,2371980,53,-
2372086,2372112,56,-
2372161,2372189,71,+
2372517,2372559,49,-
2374325,2374359,60,+
2375243,2375260,50,+
2376026,2376057,67,-
2378799,2378818,47,-
2381586,2381625,101,+
2381748,2381772,48,-
2384175,2384208,60,-
2384507,2384530,60,+
2385929,2385951,51,+
2386575,2386606,49,+
2388903,2388943,58,-
2389243,2389260,50,+
2390536,2390554,67,+
2390885,2390913,54,+
2390999,2391016,69,+
2392399,2392427,54,+
2392652,2392688,55,-
2392998,2393031,48,-
2396903,2396924,49,-
2399177,2399208,57,-
2399570,2399605,55,+
2399787,2399805,49,+
2399919,2399941,48,-
2400399,2400438,53,+
2400486,2400520,72,-
2400652,2400683,49,-
2401146,2401176,51,-
2401203,2401233,57,+
2401682,2401717,55,+
2403691,2403725,56,+
2403908,2403930,61,+
2404007,2404031,59,-
2404547,2404574,55,+
2405122,2405151,82,+
2405253,2405280,55,-
2405610,2405625,53,-
2408038,2408070,49,+
2408806,2408841,64,-
2408922,2408948,56,+
2409305,2409339,51,+
2416295,2416320,57,-
2418516,2418550,59,+
2420697,2420731,60,-
2420987,2421020,62,-
2421045,2421084,55,-
2421850,2421885,60,+
2421899,2421945,80,+
2422290,2422331,49,-
2422707,2422730,61,+
2424456,2424475,49,+
2424903,2424924,63,+
2425296,2425330,51,+
2425383,2425403,49,+
2427329,2427356,55,+
2427405,2427429,59,+
2432288,2432316,53,-
2432427,2432472,77,-
2433870,2433906,57,-
2434587,2434611,48,+
2436932,2436963,108,+
2437107,2437129,61,+
2438594,2438624,51,-
2439792,2439816,59,+
2440514,2440533,47,+
2441381,2441417,55,+
2442013,2442048,58,+
2442687,2442727,55,-
2446827,2446850,61,+
2447606,2447638,49,+
2447887,2447915,70,+
2449093,2449115,61,-
2449924,2449957,64,-
2450277,2450303,56,+
2451777,2451823,48,+
2452057,2452096,57,-
2452120,2452143,72,-
2452146,2452187,53,+
2452828,2452844,52,+
2453130,2453153,60,+
2454294,2454318,88,+
2455114,2455142,66,+
2457635,2457678,90,+
2458286,2458311,60,+
2458872,2458896,59,+
2460145,2460170,57,+
2460745,2460792,49,-
2462928,2462943,53,+
2463115,2463157,94,-
2463331,2463370,54,+
2463457,2463486,52,+
2463641,2463673,64,+
2464254,2464274,48,-
2467621,2467645,59,-
2469312,2469350,62,+
2469622,2469653,63,+
2470732,2470761,65,+
2471853,2471885,60,-
2474811,2474839,66,-
2474969,2475004,59,+
2475177,2475200,49,-
2476327,2476350,49,-
2477627,2477655,54,+
2478987,2479029,55,+
2479319,2479348,66,-
2480062,2480097,62,+
2481146,2481190,54,+
2486827,2486847,47,+
2486937,2486959,72,+
2487419,2487459,58,+
2487674,2487717,67,-
2488096,2488128,54,-
2489216,2489256,53,+
2492993,2493017,58,+
2494440,2494463,48,+
2494764,2494799,52,+
2494906,2494945,61,-
2495064,2495096,82,+
2496567,2496599,48,+
2498417,2498449,54,-
2499218,2499247,63,-
2499437,2499462,75,+
2499468,2499508,97,+
2500656,2500671,53,-
2504025,2504060,55,+
2507981,2508021,55,-
2511134,2511165,51,+
2514928,2514964,47,+
2514994,2515014,49,+
2515000,2515047,63,-
2515296,2515335,55,+
2517094,2517117,60,-
2519594,2519612,52,-
2521295,2521329,47,+
2523323,2523356,67,+
2523532,2523558,56,+
2524580,2524604,48,+
2524691,2524733,67,+
2525213,2525249,55,+
2527230,2527272,48,+
2527896,2527936,54,+
2528946,2528969,59,-
2529072,2529093,63,+
2529423,2529450,66,+
2532733,2532759,66,+
2533024,2533063,55,+
2534345,2534375,51,-
2535093,2535116,63,+
2535220,2535257,47,-
2536123,2536166,49,-
2536272,2536302,52,-
2537344,2537378,58,-
2538193,2538231,99,-
2538521,2538545,59,+
2540942,2540967,86,+
2541204,2541244,92,+
2541273,2541291,50,+
2541714,2541737,60,+
2543279,2543299,51,-
2544339,2544369,49,-
2544394,2544414,54,+
2544736,2544770,78,+
2544845,2544877,63,+
2545106,2545131,47,-
2545132,2545162,54,+
2545815,2545843,52,+
2547480,2547508,52,-
2548227,2548247,49,-
2549372,2549396,48,-
2549435,2549457,49,-
2550374,2550393,51,+
2550650,2550667,50,+
2550790,2550809,47,-
2557060,2557093,48,-
2557344,2557375,62,+
2559555,2559588,48,+
2559771,2559791,48,+
2563523,2563543,65,+
2565567,2565602,59,+
2565904,2565932,54,-
2566177,2566203,60,-
2567194,2567228,92,+
2567755,2567779,59,-
2568525,2568548,49,+
2570720,2570740,49,+
2573206,2573224,51,-
2573374,2573409,54,-
2574055,2574093,55,+
2574359,2574377,50,-
2574878,2574896,51,+
2575443,2575467,48,+
2575486,2575522,54,+
2577258,2577277,51,-
2579161,2579192,57,-
2579424,2579456,54,+
2581004,2581035,63,+
2581569,2581605,59,-
2582058,2582086,71,+
2583457,2583498,57,-
2583472,2583510,56,+
2585145,2585173,68,+
2587821,2587849,70,+
2588439,2588475,56,+
2588779,2588800,63,+
2589229,2589254,75,+
2591417,2591444,60,-
2592022,2592057,47,+
2594102,2594120,49,-
2594175,2594215,54,-
2594416,2594440,58,+
2595091,2595128,70,+
2602076,2602105,52,+
2602653,2602678,57,+
2604002,2604041,70,+
2604332,2604351,47,+
2605953,2605985,63,-
2606388,2606409,63,-
2607119,2607153,63,+
2607537,2607566,52,-
2607888,2607920,49,+
2608086,2608119,59,+
2608231,2608251,82,+
2608348,2608378,52,+
2609461,2609502,68,-
2611109,2611148,55,+
2611220,2611244,58,-
2612829,2612861,51,+
2613227,2613251,87,+
2615083,2615112,52,-
2615537,2615571,57,+
2615821,2615848,53,+
2618724,2618763,71,+
2621258,2621283,72,+
2621711,2621729,49,-
2621820,2621847,55,+
2621967,2621996,100,-
2622780,2622812,79,+
2624020,2624060,55,-
2624537,2624568,51,+
2626221,2626241,51,-
2627790,2627810,49,+
2628064,2628104,59,+
2629381,2629399,49,+
2629586,2629622,48,-
2629751,2629779,54,+
2632632,2632652,52,+
2632656,2632682,68,+
2633606,2633632,73,+
2633647,2633667,48,+
2633900,2633943,49,-
2634446,2634473,66,+
2634496,2634515,66,+
2635015,2635052,58,-
2635480,2635499,47,-
2636934,2636959,67,+
2637308,2637342,51,-
2637830,2637861,68,+
2638733,2638770,47,+
2639100,2639132,62,+
2639590,2639627,91,+
2639763,2639781,49,+
2640610,2640642,80,+
2641844,2641885,50,+
2642663,2642691,71,+
2642794,2642823,79,+
2642908,2642943,65,+
2643436,2643476,54,+
2644446,2644467,49,+
2644996,2645016,47,-
2646310,2646340,100,+
2647912,2647935,60,-
2648141,2648177,55,+
2649711,2649746,59,+
2650186,2650209,48,+
2651052,2651083,65,+
2651960,2651981,49,-
2652059,2652092,52,+
2652127,2652149,62,+
2652571,2652594,48,+
2653441,2653475,59,+
2653678,2653698,47,+
2654058,2654096,86,+
2654834,2654862,54,+
2654969,2655001,60,+
2655174,2655196,70,+
2656060,2656097,55,+
2656706,2656730,48,+
2656866,2656902,58,+
2657698,2657722,69,-
2657728,2657758,51,+
2657808,2657841,62,-
2659236,2659279,54,+
2661344,2661386,50,+
2662299,2662320,48,+
2665889,2665910,63,-
2666544,2666570,61,+
2666941,2666963,49,-
2669688,2669706,49,+
2672359,2672387,88,-
2673931,2673968,55,+
2674014,2674039,47,-
2679856,2679896,57,+
2680296,2680330,59,-
2682214,2682242,61,+
2683104,2683137,76,+
2683221,2683238,52,-
2684109,2684133,86,+
2685418,2685436,50,+
2685842,2685863,49,+
2686749,2686768,47,+
2687375,2687403,63,+
2690416,2690451,78,-
2690508,2690549,111,+
2690822,2690863,94,+
2693535,2693554,66,-
2694484,2694526,69,+
2694923,2694946,60,+
2695311,2695351,58,+
2695824,2695864,59,+
2698051,2698078,53,-
2698899,2698931,63,-
2699713,2699744,50,+
2700126,2700152,56,+
2701313,2701341,64,+
2701882,2701900,50,-
2702569,2702593,48,-
2702770,2702795,47,+
2704052,2704074,61,-
2704188,2704233,49,+
2705322,2705340,51,-
2706753,2706789,54,-
2710625,2710658,47,-
2710955,2710977,49,+
2712784,2712819,58,+
2712955,2712984,52,+
2713503,2713529,56,+
2714215,2714234,47,+
2716009,2716040,50,+
2717030,2717066,54,+
2718023,2718056,51,+
2718463,2718492,68,+
2718977,2719008,50,+
2718998,2719031,56,-
2719167,2719195,54,-
2719841,2719886,63,-
2720548,2720591,53,-
2721034,2721062,70,+
2721175,2721216,55,+
2721232,2721266,75,+
2722679,2722704,57,+
2723038,2723058,47,-
2726883,2726918,58,-
2727516,2727540,48,-
2729749,2729787,56,-
2735457,2735492,78,+
2736240,2736270,51,+
2736881,2736901,49,+
2737430,2737471,51,+
2737460,2737494,59,-
2737569,2737589,48,+
2737668,2737687,84,+
2737868,2737898,66,+
2738187,2738210,49,+
2739696,2739724,52,-
2739749,2739777,83,+
2739946,2739992,49,+
2740497,2740521,48,-
2742345,2742381,61,+
2743023,2743043,47,-
2745652,2745684,62,+
2746069,2746104,61,+
2746571,2746600,52,+
2747148,2747172,48,+
2747366,2747395,60,-
2747985,2748021,74,-
2748371,2748407,54,+
2748464,2748487,60,+
2748755,2748784,80,+
2748815,2748843,54,+
2750098,2750127,52,-
2750282,2750309,66,+
2750400,2750424,71,+
2751566,2751611,52,-
2752641,2752677,58,+
2753237,2753270,64,+
2753533,2753550,50,+
2753949,2753971,61,-
2755142,2755174,49,+
2757629,2757673,53,+
2758006,2758039,56,+
2759703,2759735,59,-
2761128,2761159,50,-
2762203,2762222,49,-
2762613,2762646,62,+
2763375,2763398,49,+
2763426,2763444,49,+
2763859,2763891,60,+
2764365,2764388,71,+
2764698,2764722,59,+
2765160,2765203,53,+
2765582,2765611,51,+
2767175,2767198,49,+
2770470,2770489,47,+
2770548,2770575,55,-
2770677,2770693,52,-
2770844,2770872,54,+
2770897,2770928,65,+
2771135,2771161,56,+
2772839,2772864,60,+
2773555,2773583,69,+
2773602,2773634,49,+
2774221,2774249,65,+
2776067,2776103,61,+
2776645,2776666,63,+
2776797,2776827,49,-
2776917,2776946,52,+
2778929,2778951,51,+
2784048,2784084,48,+
2785177,2785224,48,+
2785262,2785300,57,+
2785308,2785327,51,+
2785336,2785380,67,+
2786468,2786498,68,+
2786528,2786571,54,-
2786762,2786802,54,-
2787043,2787066,48,-
2791889,2791922,68,-
2795256,2795298,53,-
2798970,2799004,51,-
2800985,2801015,65,+
2801660,2801693,65,+
2803388,2803415,55,+
2803951,2803969,50,+
2805391,2805423,56,+
2805729,2805755,56,+
2806456,2806483,55,+
2808379,2808408,65,+
2812356,2812388,49,+
2812929,2812962,50,-
2814009,2814053,67,+
2814451,2814484,62,-
2815223,2815262,96,-
2815973,2816001,71,-
2820989,2821018,52,+
2822270,2822310,50,+
2825087,2825108,49,-
2828716,2828734,49,+
2829784,2829808,72,+
2833561,2833593,65,-
2834270,2834300,51,-
2840476,2840500,48,+
2847107,2847140,60,+
2848991,2849022,60,-
2851654,2851684,65,+
2852262,2852293,65,+
2852611,2852644,61,+
2852923,2852945,51,+
2853644,2853677,62,+
2854470,2854501,65,-
2854820,2854850,64,-
2855092,2855110,50,+
2855255,2855295,70,+
2856285,2856319,50,-
2856409,2856434,47,+
2856791,2856817,56,-
2857132,2857164,52,+
2857910,2857951,50,+
2858775,2858795,48,+
2860226,2860247,49,-
2860953,2860994,53,+
2862082,2862112,66,+
2862331,2862365,65,+
2862817,2862836,47,+
2864958,2864982,48,-
2867669,2867701,47,-
2867921,2867967,94,+
2872019,2872042,71,+
2872976,2873009,62,+
2873374,2873405,62,-
2873634,2873652,50,-
2873654,2873688,58,+
2873727,2873752,84,+
2874500,2874520,64,+
2875571,2875597,56,-
2876505,2876537,62,+
2877162,2877185,48,-
2877468,2877501,74,+
2877651,2877677,68,+
2878182,2878210,57,+
2879257,2879284,68,+
2882547,2882569,61,+
2883012,2883034,49,-
2883128,2883147,66,+
2885482,2885519,51,+
2886581,2886609,54,+
2887228,2887262,58,-
2887695,2887719,67,-
2887967,2887997,51,+
2888452,2888471,47,+
2888890,2888930,57,+
2890045,2890070,57,+
2890251,2890271,65,+
2890286,2890311,47,+
2890995,2891021,63,+
2891084,2891099,53,+
2891518,2891555,57,+
2892580,2892603,71,+
2893858,2893881,60,-
2893981,2894020,54,-
2894332,2894365,58,+
2895909,2895949,50,-
2896042,2896080,53,-
2898023,2898050,55,-
2898741,2898760,49,+
2899416,2899453,59,-
2900064,2900095,57,+
2900344,2900367,69,-
2900481,2900510,61,+
2901408,2901439,68,-
2902559,2902578,49,+
2902644,2902689,50,-
2904806,2904834,88,+
2905592,2905612,48,-
2906921,2906942,49,-
2907131,2907160,52,-
2908339,2908375,56,-
2911183,2911207,58,+
2911588,2911621,48,-
2912375,2912400,57,-
2913961,2913980,47,+
2915255,2915288,60,+
2915466,2915502,61,+
2916228,2916250,51,-
2917078,2917121,48,-
2921363,2921387,59,+
2922239,2922274,54,+
2923105,2923126,63,+
2923348,2923365,52,+
2923558,2923587,82,+
2924158,2924189,60,-
2924483,2924509,58,-
2927088,2927115,64,+
2928703,2928729,56,-
2930976,2931013,57,-
2931739,2931768,52,-
2932895,2932932,59,+
2933450,2933480,51,+
2933965,2933993,61,+
2935218,2935253,54,-
2936269,2936292,59,+
2938361,2938395,51,-
2938475,2938515,55,-
2939137,2939171,47,-
2940591,2940615,60,+
2940972,2941017,53,-
2941218,2941248,60,-
2942748,2942776,69,+
2943219,2943243,48,+
2944476,2944510,50,+
2945382,2945418,58,-
2947207,2947231,60,-
2947915,2947951,58,+
2948358,2948385,68,+
2948983,2949003,47,+
2949403,2949424,63,+
2950129,2950149,48,+
2950640,2950663,48,+
2950779,2950811,65,+
2952269,2952310,54,+
2953805,2953835,51,-
2957066,2957105,53,+
2958579,2958610,62,+
2958702,2958720,49,-
2959182,2959201,66,+
2962065,2962084,47,+
2962148,2962170,48,-
2964894,2964916,49,-
2966607,2966634,68,-
2967128,2967165,58,+
2967260,2967286,56,+
2967481,2967519,62,+
2968777,2968816,68,+
2970665,2970685,64,-
2971401,2971422,48,+
2972245,2972283,71,-
2972465,2972497,54,+
2975027,2975052,56,+
2975496,2975530,58,+
2975550,2975580,51,+
2975899,2975919,48,+
2976273,2976304,55,+
2976319,2976341,61,+
2976622,2976645,60,+
2976851,2976887,61,+
2977154,2977172,49,-
2977508,2977527,49,+
2977629,2977647,51,+
2977797,2977820,49,+
2977834,2977856,61,-
2977926,2977950,48,+
2980295,2980326,65,+
2980558,2980598,54,+
2981183,2981207,48,-
2981521,2981540,51,-
2982141,2982174,57,+
2982245,2982273,68,+
2983105,2983128,49,+
2985522,2985553,59,+
2987415,2987446,79,+
2987759,2987783,48,+
2987845,2987873,58,+
2988821,2988853,62,+
2989411,2989428,50,+
2989906,2989945,55,+
2991620,2991650,66,+
2991798,2991820,79,+
2993414,2993438,48,-
2994420,2994440,47,-
2994593,2994634,58,+
2997041,2997069,54,-
2998141,2998176,73,+
3002000,3002027,81,+
3002176,3002202,55,+
3002571,3002597,101,+
3002829,3002871,69,+
3003866,3003889,48,+
3004155,3004173,49,-
3004745,3004767,49,+
3005238,3005265,55,+
3007304,3007322,50,-
3008925,3008945,47,+
3010388,3010422,61,+
3011502,3011532,63,+
3011652,3011679,55,+
3013147,3013179,49,-
3013920,3013962,50,-
3015197,3015225,54,+
3015999,3016021,61,-
3016326,3016362,47,-
3016600,3016641,50,+
3017770,3017799,57,+
3018510,3018530,51,+
3018867,3018908,55,+
3018873,3018903,51,-
3019166,3019199,52,-
3023226,3023257,49,-
3023606,3023630,59,-
3024179,3024209,49,-
3026360,3026388,63,+
3028514,3028551,69,-
3029274,3029299,58,+
3032421,3032461,54,+
3033391,3033425,56,+
3035009,3035047,61,+
3035194,3035222,71,+
3035375,3035403,60,+
3035915,3035941,56,+
3037827,3037865,73,-
3045240,3045258,49,+
3047185,3047220,59,+
3048047,3048081,65,-
3048095,3048130,103,-
3051896,3051929,48,-
3053062,3053102,69,+
3053822,3053855,48,-
3054165,3054188,48,+
3056528,3056563,50,+
3059015,3059046,52,+
3060027,3060062,61,+
3060260,3060290,83,+
3061206,3061243,56,-
3061350,3061394,50,-
3061777,3061810,56,-
3062768,3062803,76,+
3062918,3062950,52,-
3063012,3063041,55,+
3064634,3064665,59,-
3065504,3065523,49,-
3066317,3066360,78,+
3067647,3067682,58,+
3069215,3069241,56,+
3072180,3072200,51,-
3074366,3074407,48,+
3074557,3074595,87,+
3074900,3074944,49,-
3075197,3075221,59,+
3076009,3076027,49,+
3077322,3077358,58,+
3077465,3077500,58,+
3077537,3077581,50,-
3077891,3077935,52,+
3078125,3078146,63,+
3078216,3078247,59,+
3078456,3078486,77,+
3078774,3078814,94,+
3080103,3080122,51,+
3082376,3082397,73,+
3082575,3082610,56,+
3083913,3083949,64,+
3084245,3084263,51,+
3084574,3084611,71,+
3084696,3084719,49,+
3085970,3085992,62,+
3087177,3087199,61,+
3087404,3087435,49,+
3088846,3088864,49,+
3089128,3089160,48,-
3089162,3089207,49,+
3089578,3089596,49,+
3090128,3090146,49,-
3090392,3090415,60,-
3090735,3090773,58,-
3091607,3091643,61,+
3091691,3091727,52,+
3092460,3092488,63,+
3094099,3094133,61,+
3096157,3096187,51,+
3096818,3096857,54,+
3097577,3097598,63,-
3097742,3097762,49,-
3099242,3099275,48,-
3100625,3100656,78,+
3100727,3100756,83,+
3100898,3100915,52,+
3101122,3101157,78,+
3101416,3101436,47,-
3101815,3101831,52,+
3102010,3102038,80,-
3104321,3104343,48,+
3104432,3104457,58,-
3104476,3104513,59,+
3104695,3104715,47,-
3106355,3106379,58,-
3106796,3106826,67,-
3107440,3107457,50,+
3107654,3107677,59,+
3107717,3107738,48,-
3109136,3109168,63,-
3109592,3109612,47,+
3110049,3110076,68,+
3110414,3110452,55,-
3112084,3112116,49,+
3113634,3113656,61,-
3115367,3115390,60,-
3115576,3115598,48,+
3116726,3116745,49,-
3117974,3117994,47,+
3121254,3121296,48,+
3123357,3123399,49,-
3123829,3123857,63,-
3125571,3125590,49,+
3126958,3126987,54,+
3127663,3127686,60,-
3128325,3128350,57,+
3129066,3129105,54,-
3129366,3129386,51,-
3129571,3129591,47,+
3129595,3129621,84,+
3131051,3131091,54,+
3131321,3131356,50,+
3131636,3131674,54,-
3135659,3135682,60,+
3138022,3138063,50,-
3140020,3140048,63,+
3140375,3140406,49,-
3141012,3141037,47,-
3141081,3141116,62,-
3142382,3142406,59,-
3142925,3142944,49,+
3147969,3147999,62,-
3149263,3149299,62,+
3149478,3149498,47,-
3149722,3149742,47,+
3150889,3150913,59,-
3153138,3153179,52,+
3153594,3153636,67,+
3154019,3154051,49,-
3154923,3154962,54,+
3158601,3158627,73,-
3158698,3158716,52,+
3159636,3159670,78,+
3159713,3159735,49,+
3162805,3162842,56,+
3163231,3163262,60,-
3166454,3166486,59,+
3167622,3167669,47,+
3168166,3168199,48,+
3169226,3169260,51,+
3170751,3170787,57,-
3171059,3171078,66,-
3172618,3172656,87,+
3172738,3172758,48,-
3173588,3173612,133,-
3173613,3173659,393,-
3177254,3177297,52,-
3177445,3177476,82,+
3181473,3181492,47,-
3181924,3181964,54,-
3182066,3182105,87,+
3182188,3182217,52,+
3182382,3182400,51,+
3182644,3182665,52,+
3183512,3183551,54,-
3183647,3183666,47,-
3185793,3185823,83,+
3196207,3196244,61,+
3196406,3196440,50,-
3214363,3214406,53,+
3215787,3215826,85,+
3216040,3216081,86,+
3217013,3217037,59,-
3217131,3217168,62,-
3217588,3217614,56,+
3218935,3218972,56,+
3219820,3219840,49,-
3222113,3222146,48,-
3222931,3222961,62,-
3223609,3223629,47,+
3223775,3223805,52,+
3223917,3223949,57,+
3224569,3224599,82,+
3225439,3225480,52,-
3226294,3226324,49,+
3230789,3230809,51,+
3230923,3230942,49,+
3235544,3235581,59,+
3239965,3239989,48,-
3240514,3240552,51,+
3240611,3240651,53,+
3240903,3240951,48,+
3241263,3241282,47,+
3242444,3242481,90,+
3243316,3243356,51,-
3243959,3243985,58,+
3244274,3244299,58,+
3244438,3244470,49,+
3244484,3244511,60,+
3244531,3244559,57,+
3247605,3247643,54,-
3251570,3251592,49,-
3252697,3252730,75,+
3253429,3253465,57,+
3256628,3256669,57,-
3257318,3257338,51,+
3257478,3257503,57,+
3257698,3257730,60,+
3258434,3258461,55,+
3261582,3261620,55,+
3262500,3262532,61,+
3262544,3262579,54,+
3262702,3262728,91,+
3263064,3263101,64,-
3263323,3263359,64,-
3264683,3264702,51,+
3264849,3264884,56,+
3265417,3265445,57,+
3267113,3267151,58,-
3271076,3271093,52,+
3273083,3273114,79,+
3273245,3273265,64,+
3274556,3274587,64,-
3276141,3276174,61,+
3278052,3278075,49,+
3278089,3278119,68,+
3279100,3279121,63,+
3280383,3280403,47,+
3281867,3281890,49,+
3281977,3282000,60,-
3282378,3282402,48,-
3283003,3283036,59,-
3283333,3283351,50,-
3283482,3283504,61,+
3284276,3284298,72,+
3284947,3284969,48,-
3285729,3285762,64,+
3286163,3286187,71,-
3286447,3286483,61,-
3287083,3287121,57,-
3287232,3287256,59,+
3288241,3288273,111,+
3291455,3291485,62,+
3291854,3291894,58,+
3292780,3292803,60,+
3293260,3293289,63,-
3293525,3293564,71,+
3294098,3294129,55,-
3294260,3294286,58,+
3297242,3297270,54,+
3297375,3297403,71,+
3298980,3298998,67,+
3300172,3300212,54,+
3300511,3300548,75,+
3300935,3300979,49,-
3301540,3301573,48,+
3301777,3301801,48,+
3302502,3302542,50,+
3304328,3304372,48,-
3306726,3306764,57,-
3307648,3307677,51,+
3308060,3308078,50,+
3309192,3309223,50,+
3309766,3309795,52,+
3310243,3310273,60,+
3310837,3310868,48,-
3311966,3311989,49,+
3312055,3312074,66,+
3313851,3313882,70,-
3314308,3314341,78,+
3320233,3320265,62,+
3321932,3321963,49,-
3322573,3322618,53,+
3324016,3324056,55,+
3324112,3324138,56,+
3324707,3324740,60,+
3325730,3325754,69,+
3326250,3326285,50,+
3328028,3328060,62,-
3328728,3328751,69,-
3328952,3328988,75,+
3333624,3333673,47,-
3334792,3334824,60,+
3334830,3334849,66,+
3334938,3334953,53,+
3335597,3335624,68,+
3335891,3335933,50,-
3336533,3336552,47,+
3337450,3337489,49,+
3338933,3338960,63,-
3339223,3339246,48,-
3339439,3339484,50,+
3340202,3340233,77,+
3343083,3343105,48,+
3343958,3343987,52,+
3344019,3344060,55,+
3346138,3346177,85,+
3347410,3347457,49,+
3348691,3348724,50,+
3348758,3348793,58,+
3348954,3348986,65,+
3349038,3349060,49,+
3349219,3349253,62,+
3349665,3349699,47,-
3353948,3353966,67,+
3358076,3358103,68,-
3358624,3358652,53,+
3358872,3358892,64,+
3360173,3360202,52,+
3360258,3360283,57,+
3365385,3365429,54,-
3366276,3366293,50,-
3368542,3368568,58,-
3369167,3369204,61,-
3370471,3370505,48,-
3371698,3371731,76,-
3373097,3373126,52,-
3374328,3374360,64,-
3374697,3374714,52,-
3375297,3375342,53,-
3375665,3375705,57,-
3376092,3376141,61,+
3377127,3377173,47,-
3377203,3377222,49,+
3377261,3377308,49,+
3378260,3378293,62,+
3378350,3378389,57,+
3378706,3378743,54,+
3380242,3380275,61,+
3380312,3380331,66,+
3380905,3380925,64,+
3381323,3381356,47,-
3381505,3381532,66,+
3382917,3382961,82,+
3383660,3383675,53,-
3383682,3383714,49,+
3384192,3384222,79,+
3384323,3384356,50,-
3384834,3384873,58,-
3385018,3385055,60,-
3385063,3385109,50,+
3385705,3385723,67,+
3386276,3386310,62,+
3389446,3389464,50,-
3392160,3392193,48,+
3392316,3392340,48,-
3396237,3396269,49,+
3396610,3396652,55,-
3398603,3398632,51,-
3399031,3399063,63,+
3399447,3399473,56,+
3399491,3399510,56,+
3400326,3400361,55,+
3400588,3400618,60,+
3402064,3402093,52,-
3402143,3402180,56,+
3402497,3402535,53,+
3402740,3402786,48,-
3403260,3403285,57,-
3403950,3403986,55,+
3404425,3404468,50,-
3404941,3404960,47,-
3405251,3405280,51,-
3405639,3405687,47,-
3407013,3407032,66,-
3407680,3407699,66,-
3407870,3407905,55,+
3408154,3408171,52,+
3408811,3408830,47,+
3409120,3409153,60,-
3409946,3409966,64,-
3412315,3412337,49,+
3412883,3412919,59,+
3416684,3416702,49,-
3417118,3417141,48,-
3417941,3417981,53,+
3420530,3420546,53,+
3420789,3420812,50,+
3421495,3421523,67,-
3422597,3422626,52,+
3423571,3423600,70,-
3424404,3424432,54,+
3425526,3425567,81,-
3425714,3425741,55,-
3425821,3425853,49,-
3427092,3427120,60,+
3427340,3427366,84,-
3427703,3427725,61,-
3428268,3428288,47,-
3428386,3428414,68,-
3428442,3428470,54,-
3428713,3428755,54,+
3430022,3430051,52,+
3430658,3430695,59,-
3431049,3431078,79,-
3434166,3434197,62,-
3434821,3434858,54,+
3435146,3435165,49,-
3435217,3435243,69,-
3436617,3436643,56,-
3437966,3438014,47,-
3438183,3438212,61,+
3438378,3438415,59,+
3438518,3438548,66,-
3438556,3438596,57,+
3438604,3438642,87,-
3439947,3439978,70,-
3441265,3441295,65,-
3442173,3442195,61,+
3442615,3442633,49,-
3445624,3445659,58,-
3446830,3446866,47,-
3449410,3449443,47,-
3449818,3449845,53,-
3451146,3451173,99,-
3451311,3451327,52,-
3453516,3453562,47,-
3454092,3454112,47,+
3454633,3454666,47,-
3454689,3454719,57,-
3455303,3455334,55,-
3456576,3456607,50,+
3456669,3456701,60,-
3457433,3457452,49,-
3460040,3460063,60,+
3460280,3460313,48,+
3461228,3461259,50,-
3461807,3461836,51,+
3462122,3462146,59,+
3464470,3464502,49,-
3466047,3466078,50,+
3467999,3468018,49,-
3468403,3468429,56,-
3471126,3471156,60,+
3472305,3472342,47,+
3473265,3473296,60,+
3473372,3473397,67,-
3476245,3476263,50,+
3486975,3487018,53,+
3489068,3489091,48,+
3489180,3489200,49,-
3491649,3491676,60,-
3497490,3497510,47,-
3499250,3499279,61,-
3499665,3499686,51,-
3502720,3502739,49,-
3503069,3503092,60,-
3503315,3503337,49,-
3503895,3503919,48,-
3504406,3504428,48,-
3504525,3504542,52,+
3510530,3510565,48,+
3513691,3513712,51,-
3515875,3515915,55,-
3516555,3516586,62,-
3516979,3517004,47,-
3517465,3517487,62,-
3521196,3521216,48,-
3522007,3522030,48,+
3522463,3522494,65,-
3524910,3524945,78,-
3526269,3526290,63,+
3526713,3526733,47,-
3527302,3527334,49,+
3529685,3529707,72,-
3530117,3530140,48,-
3530866,3530896,62,-
3531081,3531114,50,-
3533198,3533234,59,-
3537455,3537486,60,+
3537925,3537951,56,-
3538798,3538816,50,-
3539246,3539277,48,-
3540865,3540886,62,-
3541611,3541648,62,-
3542775,3542795,64,-
