start,end,score,strand
502,532,55,-
2905,2942,57,-
3313,3351,54,+
4402,4432,97,+
5347,5371,48,+
9026,9053,65,+
10803,10839,65,-
12104,12131,55,-
13320,13344,67,+
13870,13900,68,+
14423,14450,55,+
14481,14503,61,+
14869,14912,49,-
15287,15319,65,+
17753,17791,59,+
18132,18149,50,-
18499,18537,99,-
18919,18964,49,-
19400,19422,48,+
20733,20770,54,-
20854,20873,47,-
20988,21015,55,-
21546,21584,58,+
21615,21657,53,+
22895,22918,60,-
23175,23215,53,+
24881,24911,51,+
25974,25997,50,+
26737,26760,50,-
26833,26861,109,-
27269,27306,87,+
29019,29051,63,+
29216,29253,54,-
29363,29395,57,+
30573,30599,56,-
30780,30819,54,+
31065,31103,56,+
31750,31787,55,+
31830,31850,51,-
32124,32152,65,+
32348,32376,67,-
33345,33372,69,+
33830,33871,53,+
33993,34024,59,+
34909,34950,55,+
36270,36295,57,+
37015,37058,53,-
37220,37250,51,-
37732,37761,65,-
38371,38410,54,-
38971,38999,57,-
39307,39334,85,-
39395,39429,108,-
39538,39577,55,+
40558,40595,54,+
40949,40971,51,-
41472,41508,56,+
43520,43543,61,-
44812,44843,51,+
46393,46442,48,-
46710,46738,82,+
47558,47594,55,+
48548,48585,59,-
49106,49135,52,+
50758,50786,55,-
52526,52560,51,+
52731,52768,54,-
53264,53302,50,-
53432,53465,51,-
54020,54045,57,+
54155,54189,50,+
55286,55316,57,+
56709,56733,59,+
57358,57376,67,-
57860,57885,57,+
57886,57904,49,-
58530,58568,57,+
58963,58981,51,+
59393,59437,48,-
61187,61218,60,+
61941,61964,49,+
63855,63896,53,+
63970,64005,50,+
65228,65256,54,-
65349,65380,79,+
65427,65452,47,+
65562,65583,63,+
65711,65743,47,+
66214,66248,58,+
66588,66630,57,-
66809,66835,56,-
67671,67700,63,-
69001,69033,60,+
74182,74222,49,-
75598,75619,48,-
76774,76800,56,-
78067,78095,100,-
85412,85434,48,-
86245,86284,54,-
88378,88402,59,-
90200,90233,58,-
92003,92034,50,+
92276,92308,65,+
94529,94552,48,-
95414,95445,50,-
96032,96055,59,+
96246,96267,51,+
96466,96500,60,+
96691,96725,62,-
96932,96964,64,+
98195,98232,59,-
98829,98867,57,-
100025,100052,69,-
100122,100141,49,+
101510,101546,89,-
102122,102152,68,-
102181,102218,54,+
102766,102788,49,+
103680,103711,71,-
105036,105064,55,-
105311,105332,63,-
105743,105780,71,-
105882,105911,52,+
110540,110564,59,+
111925,111950,47,-
115366,115399,75,+
117383,117415,67,+
119751,119794,55,+
120532,120565,59,+
120906,120943,59,-
121238,121262,59,-
122369,122390,51,-
123053,123071,49,-
123299,123337,55,-
124474,124507,59,-
125459,125491,61,-
125741,125776,60,+
125975,125997,61,+
126111,126147,56,-
127711,127742,59,+
128234,128266,65,-
128632,128649,69,+
129636,129663,68,-
129801,129840,55,+
129933,129955,51,+
130231,130262,54,+
130476,130511,56,+
131452,131488,52,-
131971,132001,54,+
132956,132989,105,+
134256,134271,72,+
135249,135265,53,+
136289,136320,64,+
136595,136630,50,+
137884,137928,63,+
139975,140019,50,-
140055,140095,69,+
140581,140608,66,+
141187,141232,50,+
142443,142478,47,-
142714,142743,61,+
143622,143646,48,+
144516,144550,59,+
145329,145367,62,+
145995,146016,51,+
147157,147189,82,-
147547,147571,48,+
150518,150535,69,-
150823,150841,51,+
151324,151354,66,-
151871,151899,54,+
152875,152892,50,+
153222,153250,54,+
153436,153452,52,+
155841,155868,72,+
156038,156055,52,-
156115,156130,53,+
157561,157600,59,+
158617,158637,64,+
159255,159297,69,+
159382,159412,107,+
159673,159706,62,+
162326,162346,64,+
163384,163404,47,+
164781,164815,62,-
167874,167916,67,+
168391,168434,54,-
169746,169763,52,+
170031,170055,69,+
170227,170256,52,-
170327,170349,51,-
170558,170586,88,+
170662,170696,78,+
171117,171135,49,-
171346,171369,60,+
171451,171475,59,+
171811,171849,74,-
172152,172185,80,+
172199,172224,72,+
172411,172450,53,+
172531,172568,100,+
172858,172882,59,+
172889,172916,60,+
173044,173082,73,+
174159,174190,50,+
174767,174790,60,+
179710,179746,48,-
181051,181071,64,+
182657,182690,51,+
182936,182960,59,-
183710,183732,49,+
188660,188679,47,+
189190,189227,86,-
192452,192480,60,+
196211,196241,66,+
196331,196350,51,+
196366,196388,51,+
196657,196686,96,+
197470,197500,60,+
197968,198001,58,+
199218,199245,55,+
200511,200537,67,+
201352,201388,48,+
202783,202817,55,+
203146,203195,88,+
205946,205986,53,-
206164,206184,47,+
206331,206372,55,-
206538,206558,51,+
207539,207577,58,+
207614,207638,71,+
208183,208201,51,+
208293,208327,56,+
208349,208385,75,+
208955,208985,60,-
209201,209223,62,-
209998,210041,49,-
210627,210646,47,+
211036,211057,53,+
212024,212057,48,-
214713,214741,65,+
215073,215092,47,+
216010,216045,57,+
218046,218079,47,+
218376,218403,64,-
218589,218624,58,+
218946,218968,49,+
219097,219128,64,-
220359,220384,60,-
226776,226799,60,+
227376,227407,62,+
227670,227691,63,+
227809,227842,50,+
229636,229674,73,+
230774,230819,81,-
231875,231893,51,+
233220,233248,61,+
233287,233319,49,-
233476,233521,53,-
233639,233662,50,+
235837,235856,49,-
237709,237754,63,+
237952,237992,51,-
238507,238535,53,+
239031,239074,52,+
240014,240047,51,+
241418,241437,51,-
241775,241812,58,-
246237,246266,52,+
247203,247233,57,+
248322,248341,51,+
248482,248513,48,+
248683,248715,49,+
248964,248991,100,+
249168,249197,52,+
249592,249622,52,+
249981,250003,62,-
250119,250140,63,+
250367,250398,82,+
250445,250469,69,+
250514,250544,83,+
255279,255295,52,+
255797,255825,52,-
256250,256280,49,+
257283,257302,51,-
259600,259628,54,+
261792,261816,58,-
262046,262086,52,+
262106,262130,59,+
262289,262316,55,+
262518,262551,59,-
262693,262714,49,-
263209,263231,61,+
263401,263426,47,-
263591,263620,58,+
264707,264736,80,-
264852,264895,53,+
265335,265358,60,+
266180,266209,65,+
266269,266305,58,+
266382,266419,53,-
266576,266615,54,+
266738,266772,55,-
266786,266814,68,+
267473,267501,66,+
267724,267755,50,-
269274,269308,65,+
269426,269451,47,+
270235,270278,49,+
271201,271232,68,+
271909,271940,65,+
274054,274074,47,+
274121,274149,61,+
274319,274352,62,-
276086,276111,56,+
276174,276204,85,-
276376,276393,50,-
276541,276578,55,+
278555,278582,72,-
278795,278829,60,-
279406,279443,56,-
280272,280297,86,+
282968,282993,57,+
283457,283490,68,+
283482,283514,49,-
284018,284058,93,+
285038,285066,53,-
285406,285424,50,+
286010,286051,49,+
288067,288086,51,-
288394,288437,52,+
290894,290928,51,+
291039,291083,48,+
291866,291907,52,+
292191,292210,49,-
292312,292343,64,+
292644,292680,48,+
293643,293674,50,-
293796,293831,48,-
295291,295325,50,-
295329,295353,48,+
295961,295982,48,+
296520,296547,90,+
296992,297030,69,-
297789,297828,53,-
298023,298064,49,+
301851,301877,70,+
302484,302531,48,+
303166,303197,52,+
304295,304327,49,-
304742,304761,47,+
305696,305720,59,-
305847,305881,62,-
306184,306214,51,+
306360,306383,59,+
306536,306554,50,+
307023,307065,68,+
307387,307422,57,+
307845,307868,60,-
308251,308287,61,-
308428,308457,52,-
309424,309456,65,+
310193,310235,54,+
310439,310466,83,-
311849,311871,48,-
313442,313462,48,-
313563,313589,56,-
315820,315841,49,+
318004,318034,57,+
318902,318927,58,-
319363,319397,62,-
320196,320240,49,+
320353,320384,51,+
322498,322530,62,-
322729,322764,55,-
323883,323918,52,+
324633,324652,47,-
327172,327206,65,+
327432,327466,48,+
327964,328007,52,+
328397,328436,57,+
328685,328711,56,-
329089,329108,49,-
329978,330011,80,+
330403,330425,61,+
331872,331901,68,+
332433,332457,60,+
332674,332693,52,+
332951,332986,72,+
333088,333109,63,+
334191,334220,52,-
335967,335989,49,+
336256,336284,80,-
339817,339845,60,+
342294,342317,48,+
345670,345693,60,-
346222,346259,55,+
348329,348353,48,+
348489,348528,53,+
349433,349473,57,-
349511,349530,47,+
351118,351148,51,+
351244,351275,62,+
352050,352078,54,-
353115,353142,55,+
353873,353895,61,+
354447,354480,62,+
354699,354724,66,+
354998,355029,67,+
355743,355765,49,-
356680,356712,59,+
357017,357040,60,-
357373,357399,56,+
357960,358006,49,-
358758,358778,47,+
359690,359732,53,+
359737,359758,49,-
362164,362186,61,-
362193,362232,53,-
362547,362568,48,-
362656,362690,67,+
362787,362834,50,+
363093,363133,53,-
363517,363553,58,+
364207,364226,47,-
366396,366418,61,+
367146,367182,58,+
367551,367582,60,+
367658,367682,71,+
368008,368044,57,+
368024,368055,49,-
369757,369780,48,+
371492,371535,50,-
372157,372191,58,+
372205,372229,48,+
372410,372443,48,-
372445,372481,58,+
372941,372962,63,-
374763,374789,71,+
375093,375130,57,+
377469,377497,88,+
377865,377894,58,+
378946,378976,65,-
379492,379521,68,-
385359,385389,51,-
385854,385877,69,-
386304,386331,55,-
386398,386414,70,+
387493,387530,56,+
388796,388827,50,+
389440,389474,59,-
389860,389883,48,-
390021,390049,54,+
390531,390561,51,+
391586,391616,83,+
391971,392004,51,+
392160,392205,50,+
392398,392431,64,+
393412,393432,51,+
393755,393790,57,-
393859,393889,49,+
395917,395954,61,+
396072,396103,62,-
398937,398956,47,+
399936,399978,69,-
401480,401506,56,+
402643,402669,56,+
404238,404271,55,-
404764,404803,54,+
405200,405228,63,-
406121,406148,55,-
407443,407473,61,+
407480,407508,54,+
408157,408182,57,-
409081,409109,54,+
409670,409688,49,+
412663,412700,58,+
413293,413311,50,-
413381,413409,66,+
413492,413511,47,+
413735,413769,51,+
413799,413820,63,+
413968,414007,71,+
418338,418379,53,+
418476,418516,51,+
418791,418819,68,+
419663,419692,52,+
420389,420413,59,+
421326,421352,73,+
421398,421442,50,+
421941,421985,49,+
422615,422635,48,-
422960,422987,68,+
423071,423093,61,-
423411,423444,56,-
424086,424119,59,-
424190,424225,48,+
424662,424685,50,-
425739,425775,62,+
425875,425914,58,+
426600,426635,61,+
427638,427666,54,-
428805,428835,55,+
429004,429024,51,+
431926,431958,49,+
433818,433846,52,+
435342,435369,71,+
435995,436023,54,+
436508,436551,55,+
436621,436643,61,+
437957,437999,85,+
438517,438536,84,+
439378,439397,51,+
440073,440098,56,+
440766,440804,56,+
442160,442185,47,+
443184,443220,59,+
445053,445075,51,+
446980,447009,52,+
447782,447803,62,+
447987,448003,52,+
448299,448332,62,+
448782,448819,55,-
449086,449114,60,+
449983,450013,51,-
451701,451738,57,+
454325,454343,67,+
454972,455000,58,+
455066,455093,61,+
455626,455646,51,+
456185,456219,56,+
456762,456786,69,+
456932,456981,48,+
457400,457430,52,+
457789,457811,62,-
457927,457948,63,+
458175,458204,70,+
458217,458240,60,+
458267,458297,66,+
458952,458986,72,+
465351,465375,58,+
466301,466333,64,+
466702,466727,57,+
468207,468226,47,+
469034,469058,48,-
469157,469183,63,+
469428,469460,49,-
469519,469552,60,+
475886,475909,50,+
476042,476065,49,+
476140,476172,47,-
477150,477186,55,+
477782,477803,63,-
479114,479145,50,-
479224,479260,55,+
480430,480457,53,+
484531,484557,66,+
484798,484837,53,+
485551,485581,51,-
486352,486384,57,+
486573,486605,51,-
488211,488240,65,-
488246,488279,48,+
488459,488489,98,-
488691,488724,64,+
488957,488984,68,+
489254,489289,62,-
489367,489394,53,+
489399,489445,49,-
489490,489530,54,-
489753,489783,51,+
490036,490057,48,+
490605,490636,62,-
491324,491365,52,+
491692,491715,48,+
491785,491819,60,-
492317,492343,58,-
492605,492640,47,+
492677,492708,59,-
495972,496013,57,+
497095,497117,48,-
497255,497284,52,-
498531,498570,53,-
499458,499482,48,+
502911,502945,60,-
503673,503697,48,+
503710,503729,49,-
504248,504282,58,+
505791,505815,48,-
505862,505882,47,+
506081,506108,55,+
510088,510129,55,-
510131,510164,78,+
510190,510229,52,+
512503,512528,71,+
513001,513034,59,+
513058,513093,104,+
513666,513696,51,+
514365,514388,48,+
516382,516426,50,-
517360,517397,56,-
517832,517865,48,-
518538,518564,56,-
518587,518624,54,+
518891,518927,55,-
523839,523875,56,+
524859,524907,47,-
525056,525084,54,-
526026,526055,52,-
528384,528420,58,-
528408,528437,52,+
528733,528757,61,-
528863,528895,54,-
529051,529080,52,-
529122,529142,47,+
529387,529427,58,+
529673,529695,51,-
530649,530685,62,-
535021,535054,51,-
541558,541589,59,-
541901,541940,58,+
542012,542038,71,+
542563,542599,54,+
543761,543806,52,-
544386,544416,66,-
544478,544502,48,+
544919,544953,59,+
545029,545062,48,+
545758,545798,51,-
545922,545952,51,+
546410,546440,51,-
547942,547973,55,+
549188,549222,50,+
550719,550738,52,-
551777,551803,56,+
551823,551858,99,+
552014,552035,49,+
552919,552938,66,-
553135,553166,52,+
555425,555452,55,+
556750,556787,54,+
556793,556815,61,-
557080,557114,47,+
558525,558541,53,+
559509,559536,55,+
560478,560513,50,+
570293,570327,55,+
571686,571720,62,+
571778,571799,63,+
571884,571903,47,+
573764,573790,56,+
575485,575510,67,+
575587,575619,49,+
576188,576234,47,+
577097,577130,52,+
577973,578006,56,+
578174,578193,49,+
578446,578469,49,-
579237,579269,49,-
580998,581034,48,+
581105,581121,52,+
581331,581366,54,-
582013,582031,49,+
582258,582289,70,+
582457,582479,51,+
582665,582682,50,-
583198,583234,59,+
583423,583448,47,-
583853,583884,49,+
586185,586218,55,+
587514,587538,59,-
588423,588447,48,-
593094,593127,56,+
594054,594084,60,-
596217,596236,49,-
597651,597683,62,-
600352,600380,54,-
600491,600525,62,-
602379,602409,60,-
603385,603418,61,+
604392,604428,59,+
605323,605353,54,+
606175,606205,51,+
606593,606627,62,+
607934,607963,52,-
608191,608214,60,+
608397,608430,56,+
608770,608806,55,+
608980,609022,53,+
610384,610421,54,+
611007,611035,54,-
615915,615941,56,-
618256,618289,48,+
618592,618609,50,-
619451,619480,58,-
620994,621033,57,-
621599,621624,57,+
623171,623187,52,+
623829,623847,67,+
623948,623993,53,-
624259,624295,58,-
625645,625670,57,+
625950,625970,49,+
628098,628119,63,+
628147,628192,49,+
628424,628444,47,-
628559,628592,67,+
629253,629277,48,+
629438,629460,79,+
629746,629777,50,-
630161,630187,56,-
630420,630456,64,+
631251,631280,52,-
635814,635858,50,-
636758,636788,54,+
637561,637591,51,-
637871,637894,50,-
638062,638102,53,+
638450,638482,62,-
639055,639098,50,-
639317,639344,89,+
640513,640535,61,+
640906,640944,53,+
641258,641284,56,-
641791,641824,48,-
641891,641916,57,+
642430,642453,48,-
642624,642655,65,-
645115,645147,59,+
645138,645172,58,-
645858,645889,65,+
646514,646530,52,+
646644,646666,61,+
647050,647082,103,+
648661,648679,67,-
650002,650040,50,+
651036,651061,58,+
651495,651532,55,+
659326,659346,51,+
659488,659520,52,-
659565,659590,57,-
659649,659683,60,-
662910,662951,53,+
664182,664224,50,-
665136,665169,64,+
665834,665868,56,+
667170,667200,57,-
667839,667858,47,-
668140,668180,55,-
668517,668540,49,-
669021,669044,48,-
669475,669502,55,+
670287,670307,64,-
670919,670955,54,-
672185,672219,55,+
672946,672969,60,-
673665,673699,55,+
674768,674795,55,+
675110,675144,60,+
675941,675963,49,-
677493,677526,64,+
677729,677752,49,-
678454,678481,55,+
679009,679041,49,+
679498,679538,52,-
680428,680460,59,+
680495,680521,56,+
680591,680624,63,+
680660,680680,47,+
681073,681121,47,+
682026,682068,49,-
683961,683997,58,+
684352,684392,55,+
684528,684561,59,+
685089,685110,52,+
685391,685410,51,-
685941,685968,83,+
688672,688710,53,-
689671,689703,61,+
690287,690311,59,+
692094,692125,63,+
692190,692217,64,+
692720,692740,51,+
693011,693044,79,+
693134,693169,54,+
693352,693381,61,+
693825,693858,68,-
693942,693975,62,+
694337,694368,59,+
695164,695192,66,+
697362,697394,97,+
699014,699050,56,+
699144,699187,55,+
700082,700118,58,-
700827,700854,55,-
703279,703310,63,+
706730,706751,63,+
708265,708301,56,-
710332,710357,47,-
711104,711133,58,+
711571,711602,61,-
712927,712961,79,+
713267,713295,54,+
714751,714777,56,-
714890,714921,51,+
718903,718941,73,-
719230,719257,68,-
719646,719675,52,-
721743,721770,83,-
723258,723284,60,-
723754,723778,48,-
723825,723850,57,+
725488,725516,86,+
725803,725818,72,+
726456,726483,83,+
727658,727694,53,+
727780,727813,80,+
727902,727925,60,-
731731,731751,51,+
731859,731885,56,+
732382,732416,64,-
732438,732484,52,+
733703,733738,50,+
736411,736436,75,+
741846,741872,56,-
742780,742808,65,+
743295,743344,48,+
745304,745335,65,-
745482,745501,66,+
745520,745548,53,+
745906,745947,55,-
746283,746316,60,+
746408,746428,47,+
748053,748072,47,-
748245,748274,52,+
748545,748565,47,-
749253,749279,56,+
749653,749700,47,+
751695,751722,57,+
755602,755650,87,+
756136,756169,48,-
756700,756732,62,-
757407,757429,48,+
757655,757692,64,-
760203,760236,60,+
761437,761458,63,+
762980,763022,54,-
764096,764136,53,+
764294,764324,55,-
765446,765479,75,-
765599,765623,59,+
766399,766427,68,-
766962,767000,53,-
768685,768704,56,-
769027,769050,60,+
769837,769869,47,-
771935,771968,52,+
774205,774233,65,-
776339,776385,50,-
776769,776801,75,-
777108,777127,47,+
777494,777522,54,+
777567,777596,55,+
778671,778707,48,+
778979,778998,47,+
779490,779518,71,+
780334,780360,60,+
780784,780818,62,-
782027,782056,82,+
783230,783262,49,+
784820,784838,50,+
784918,784959,95,-
786502,786540,58,+
786722,786740,49,-
787484,787516,49,-
788446,788486,55,-
788930,788954,48,+
789249,789293,49,-
790014,790045,62,-
790115,790153,71,-
790752,790781,80,+
790923,790956,76,-
791897,791931,54,+
792419,792449,57,+
792830,792853,60,+
793861,793890,57,-
797411,797443,58,-
797913,797944,66,-
798514,798546,48,-
799914,799950,76,+
801856,801890,48,-
804364,804392,61,+
804571,804604,60,-
806839,806860,64,-
807328,807365,51,+
807419,807450,67,-
808075,808110,47,-
808455,808495,53,-
809530,809548,51,+
809895,809919,59,+
810016,810058,55,+
810855,810890,47,+
811073,811098,88,+
811382,811403,81,+
811495,811518,60,-
812609,812630,90,+
813243,813287,48,+
814360,814395,88,+
814991,815027,57,+
817089,817108,66,-
818226,818261,59,+
819322,819355,48,-
822389,822423,51,+
825394,825437,68,+
826127,826148,49,-
829071,829090,47,+
829854,829892,54,-
830044,830087,50,+
830630,830649,47,-
831910,831933,60,-
831938,831961,60,-
834419,834451,49,-
834804,834831,57,-
835143,835171,54,+
835414,835450,57,+
837225,837258,62,-
837831,837862,50,+
838462,838486,59,+
838690,838723,48,-
839103,839141,50,+
839944,839980,56,-
843695,843720,60,-
843797,843837,50,-
846428,846463,58,-
846913,846939,56,-
847864,847897,64,-
848739,848767,55,+
850007,850044,55,+
850072,850103,60,+
851883,851919,57,+
853549,853571,61,-
853958,853990,57,-
857617,857658,55,-
858666,858700,51,-
859536,859573,58,-
860525,860550,47,-
860798,860824,89,-
861001,861044,63,-
861220,861248,54,-
861433,861460,72,+
862734,862759,58,+
864051,864078,55,+
865236,865261,57,-
866717,866765,47,+
866997,867026,52,+
867159,867186,66,-
869207,869233,56,-
869451,869493,69,+
870285,870305,47,-
870824,870846,61,-
872775,872807,65,+
873259,873291,51,-
873720,873740,64,+
873867,873903,56,+
875039,875074,48,+
877858,877883,47,+
878033,878071,99,+
878329,878363,62,+
879128,879148,49,+
879518,879547,52,-
880451,880493,69,+
881057,881097,71,-
881314,881338,59,-
881454,881480,69,+
881874,881897,60,-
884057,884076,49,-
884316,884336,47,+
885463,885482,47,-
887340,887369,52,-
887703,887740,53,+
888131,888155,59,+
890174,890203,52,-
891024,891055,60,+
891200,891239,54,+
893275,893306,50,+
896402,896436,67,-
897295,897318,48,-
898145,898174,52,-
899420,899457,59,-
899742,899769,55,+
899797,899818,48,+
902957,902995,54,-
904418,904440,51,+
904548,904579,62,-
905075,905106,48,+
905485,905503,49,+
905733,905772,70,-
905807,905846,61,-
906319,906339,51,-
906431,906466,61,-
906538,906562,59,+
906679,906721,48,+
907055,907088,48,-
907156,907191,52,+
908129,908157,63,+
908397,908435,58,-
908668,908694,56,+
908757,908793,58,+
908980,909026,48,+
909377,909403,56,+
909938,909966,54,-
910482,910511,58,+
911267,911299,49,-
915342,915375,74,+
915763,915805,53,+
917328,917355,65,+
917562,917589,55,+
918006,918052,64,-
918893,918920,55,+
920469,920509,54,+
920567,920595,86,+
921399,921431,62,+
922138,922165,71,+
923347,923384,58,+
926418,926460,52,-
927185,927207,49,+
927518,927535,50,+
927568,927588,64,+
928080,928108,54,+
929619,929656,62,-
930229,930253,71,+
930767,930804,75,-
932275,932302,64,-
936908,936926,51,+
936982,937020,55,+
938017,938042,47,-
940946,940984,62,+
941193,941234,50,-
941710,941735,57,-
942024,942065,55,+
942103,942128,63,+
942309,942343,59,+
943203,943230,55,-
943451,943483,63,-
947125,947166,57,+
947629,947662,79,-
948861,948883,49,+
948975,949012,55,+
951088,951104,53,-
952013,952044,63,-
952705,952740,47,-
954376,954405,52,+
954830,954850,64,-
955791,955825,60,+
966298,966333,59,+
966376,966403,55,-
966468,966504,57,+
967787,967811,59,+
968186,968208,48,+
968409,968447,58,+
969561,969603,55,-
970688,970717,52,+
971252,971267,53,+
972555,972586,48,+
972608,972629,52,-
972750,972770,64,-
973913,973933,49,+
974611,974640,68,+
974768,974791,60,+
975407,975439,64,-
976082,976099,50,-
976753,976780,66,+
979785,979812,64,+
981445,981474,52,-
981557,981590,52,-
981822,981855,64,+
982609,982629,64,-
982915,982944,63,-
983490,983525,64,+
984014,984036,61,-
984749,984782,62,+
984803,984821,49,+
986929,986951,51,-
989175,989208,58,+
989897,989920,60,+
990431,990456,57,-
990986,991008,48,-
992466,992508,55,-
995393,995431,101,-
995591,995632,57,-
996207,996232,47,+
997229,997267,55,-
997323,997341,51,-
1000930,1000968,74,-
1001020,1001051,50,-
1001666,1001707,55,-
1002204,1002228,71,+
1002959,1002978,49,+
1006444,1006461,50,+
1008561,1008597,48,-
1009360,1009394,62,-
1010707,1010730,60,+
1012415,1012435,47,-
1012640,1012673,62,-
1015315,1015358,54,-
1015392,1015416,58,-
1015779,1015814,59,-
1016506,1016543,60,+
1016560,1016599,61,-
1017497,1017516,47,-
1018327,1018357,59,+
1018962,1019006,65,-
1019094,1019123,58,+
1020606,1020645,54,-
1021765,1021796,60,+
1022057,1022082,84,+
1022190,1022230,52,+
1022989,1023015,55,+
1023215,1023258,49,+
1023708,1023746,54,+
1024323,1024352,61,+
1024880,1024909,58,+
1025366,1025392,56,-
1025410,1025442,54,-
1025837,1025863,55,-
1026426,1026448,61,+
1026602,1026640,59,+
1027226,1027245,66,-
1027269,1027292,48,-
1027555,1027573,49,-
1027919,1027937,51,-
1028539,1028558,49,-
1029576,1029611,64,-
1030064,1030096,62,+
1030216,1030261,49,+
1030573,1030600,55,+
1030678,1030706,54,-
1031681,1031702,63,+
1031751,1031772,63,-
1035374,1035397,50,+
1036359,1036376,50,+
1036804,1036836,47,+
1037064,1037099,65,+
1037649,1037672,60,+
1038807,1038831,48,+
1039111,1039147,76,+
1039629,1039656,83,+
1040051,1040083,60,+
1040876,1040896,49,+
1041201,1041230,82,+
1041464,1041483,49,+
1050384,1050407,60,+
1050976,1050998,61,-
1051908,1051931,60,+
1052109,1052128,66,+
1053044,1053089,63,+
1054572,1054591,49,+
1054638,1054658,47,-
1054823,1054842,47,+
1055869,1055901,59,-
1056195,1056225,62,+
1057366,1057388,51,+
1057503,1057530,83,+
1058278,1058308,63,+
1060516,1060538,61,+
1060566,1060593,69,+
1065541,1065560,51,+
1065680,1065703,50,+
1067639,1067666,72,+
1067918,1067959,55,+
1068445,1068462,50,-
1068527,1068555,68,-
1069046,1069079,78,-
1069127,1069161,62,-
1069849,1069868,66,+
1071110,1071128,113,-
1077987,1078029,54,-
1078182,1078213,50,-
1078242,1078262,49,-
1079841,1079871,71,+
1080150,1080169,49,+
1080197,1080239,55,+
1084906,1084938,62,+
1085175,1085191,52,+
1085302,1085332,63,+
1085357,1085376,47,+
1087029,1087060,50,-
1090742,1090761,49,+
1091315,1091334,47,+
1093755,1093775,48,+
1093800,1093834,47,+
1094015,1094056,54,-
1099348,1099375,55,-
1099514,1099555,54,-
1100844,1100865,48,+
1101097,1101146,47,-
1102501,1102539,54,-
1104252,1104275,60,-
1104842,1104876,48,-
1105061,1105082,51,+
1105212,1105234,48,-
1105382,1105403,48,-
1105476,1105511,50,-
1106669,1106703,62,+
1106832,1106878,50,+
1106988,1107020,79,+
1107946,1107979,48,+
1108855,1108876,49,-
1109419,1109455,62,+
1109706,1109732,56,-
1109895,1109920,61,-
1110088,1110114,56,+
1110268,1110309,49,-
1110423,1110446,59,-
1110481,1110501,64,-
1110566,1110593,72,+
1110676,1110696,47,-
1110796,1110829,81,+
1111267,1111310,53,+
1111336,1111368,63,-
1111372,1111409,47,+
1111439,1111472,78,-
1111708,1111731,89,+
1112041,1112071,65,-
1112967,1112986,49,+
1113034,1113072,54,-
1113310,1113345,55,+
1114408,1114448,58,+
1115744,1115782,57,+
1116582,1116617,55,+
1117332,1117355,61,+
1117955,1117981,58,-
1118232,1118269,57,+
1118488,1118513,61,+
1118687,1118722,58,+
1119826,1119859,56,-
1121458,1121490,76,+
1124499,1124518,51,+
1125021,1125041,48,+
1125042,1125076,61,-
1125619,1125643,48,-
1125898,1125926,52,+
1126609,1126636,110,+
1126963,1126990,70,+
1127200,1127235,56,+
1129235,1129261,61,+
1129856,1129878,61,-
1129912,1129945,48,-
1130020,1130055,56,+
1130148,1130179,50,-
1132715,1132747,49,-
1133900,1133927,53,-
1134456,1134498,48,+
1134890,1134925,60,-
1134963,1134983,48,+
1135053,1135091,54,+
1135492,1135532,54,-
1136092,1136126,62,+
1136382,1136414,49,+
1136892,1136911,66,-
1137577,1137604,63,+
1137850,1137874,61,+
1138492,1138511,49,+
1138653,1138683,60,-
1138689,1138715,71,+
1138852,1138889,57,+
1142410,1142430,49,+
1143985,1144019,58,+
1144040,1144065,57,-
1146297,1146325,54,+
1146835,1146854,47,-
1147446,1147465,66,+
1147844,1147881,53,+
1149955,1149994,73,-
1150204,1150237,62,-
1150509,1150532,60,+
1150967,1151006,57,+
1151520,1151543,60,-
1151548,1151571,60,-
1151576,1151599,60,-
1152612,1152638,56,-
1156713,1156739,68,+
1157376,1157400,59,+
1157475,1157498,49,-
1158187,1158205,49,+
1159017,1159034,69,+
1159048,1159084,78,+
1161910,1161942,63,-
1162381,1162402,72,+
1163309,1163336,81,+
1163693,1163733,57,-
1164464,1164483,49,-
1164543,1164591,47,-
1169347,1169374,65,+
1169384,1169404,47,-
1169925,1169958,64,+
1170360,1170396,48,+
1170501,1170539,55,-
1171055,1171077,73,+
1173656,1173698,55,+
1178972,1178996,59,-
1181537,1181556,49,-
1182457,1182487,51,+
1183053,1183075,51,+
1184623,1184668,52,+
1184695,1184713,49,+
1185359,1185394,50,-
1188564,1188594,51,+
1189421,1189439,50,+
1189586,1189609,48,+
1190208,1190242,55,-
1193596,1193631,58,-
1193824,1193844,47,-
1195381,1195411,51,-
1195722,1195755,58,-
1195993,1196020,85,-
1197629,1197650,63,-
1198480,1198512,59,+
1199816,1199853,101,-
1200119,1200163,50,+
1200792,1200821,68,+
1201600,1201636,64,+
1201692,1201713,63,+
1201935,1201977,54,+
1202014,1202059,49,-
1202996,1203016,49,-
1203170,1203212,54,+
1206247,1206275,55,+
1206446,1206473,53,+
1206555,1206591,61,+
1208137,1208163,56,-
1208904,1208951,48,+
1209206,1209233,55,+
1209295,1209337,51,+
1210006,1210044,58,+
1210465,1210497,59,+
1211265,1211285,110,+
1211321,1211349,53,+
1212551,1212593,55,+
1212585,1212617,48,-
1212805,1212834,70,+
1213221,1213241,64,+
1213857,1213877,48,-
1213966,1213995,52,+
1218579,1218595,52,+
1218721,1218738,69,+
1218854,1218877,70,+
1218887,1218905,50,+
1219756,1219779,49,+
1221438,1221472,61,+
1222529,1222557,68,+
1222819,1222862,54,+
1224162,1224195,64,+
1225419,1225457,74,+
1225836,1225878,50,-
1226230,1226255,57,-
1226277,1226321,53,-
1226322,1226341,49,+
1227731,1227770,51,-
1229410,1229427,52,-
1229896,1229934,99,+
1230021,1230055,50,-
1230196,1230222,56,+
1230536,1230564,63,+
1230666,1230688,61,+
1231042,1231075,47,+
1231305,1231348,54,+
1231371,1231411,52,+
1231546,1231578,78,+
1231730,1231746,52,+
1231797,1231845,61,+
1233060,1233090,63,+
1234230,1234249,51,+
1236200,1236241,70,+
1238041,1238073,62,+
1239487,1239518,76,+
1239624,1239650,56,-
1241409,1241457,49,+
1241614,1241638,48,+
1243587,1243606,47,+
1243685,1243720,58,+
1245570,1245591,48,+
1245620,1245658,56,+
1245776,1245812,54,+
1246077,1246103,68,+
1246557,1246596,57,+
1247867,1247897,82,+
1251517,1251557,53,+
1251665,1251704,98,+
1251858,1251907,82,-
1251982,1252010,53,-
1252640,1252678,58,+
1252742,1252776,62,+
1252865,1252889,48,+
1253748,1253782,62,+
1254415,1254447,62,-
1254690,1254708,85,+
1257321,1257348,68,-
1257549,1257577,71,-
1260425,1260454,63,-
1261960,1261990,63,+
1262262,1262294,67,+
1262562,1262589,55,+
1263068,1263096,54,+
1263149,1263169,48,-
1263181,1263200,47,-
1263346,1263364,67,+
1264239,1264270,50,+
1264725,1264746,63,-
1265012,1265047,58,+
1265074,1265114,59,-
1265145,1265174,54,+
1265633,1265674,95,-
1266378,1266407,52,-
1266998,1267039,95,-
1268315,1268349,59,-
1268792,1268814,61,-
1269138,1269186,47,+
1269214,1269241,55,-
1269565,1269602,61,-
1269800,1269829,52,-
1272959,1272995,75,-
1273002,1273018,52,+
1273183,1273214,52,-
1273432,1273466,48,-
1273452,1273483,62,+
1273604,1273637,59,+
1273848,1273872,87,-
1275290,1275306,52,-
1275387,1275412,57,-
1275424,1275458,65,+
1275531,1275570,58,+
1275891,1275921,49,+
1276851,1276870,51,+
1277965,1278001,61,+
1278702,1278745,48,-
1278821,1278864,53,+
1279183,1279203,47,-
1281376,1281395,49,+
1281463,1281488,57,-
1281743,1281774,51,+
1283588,1283615,55,+
1287369,1287405,57,+
1287771,1287794,60,+
1289541,1289583,50,+
1289938,1289969,48,-
1290477,1290508,60,+
1290943,1290974,68,+
1291511,1291543,47,-
1292222,1292239,50,-
1292636,1292657,49,+
1292984,1293002,52,+
1293068,1293109,65,+
1293312,1293346,62,+
1293974,1293997,49,+
1296050,1296070,48,+
1296207,1296235,54,+
1296337,1296360,48,-
1296500,1296527,55,+
1296774,1296798,48,+
1297167,1297188,90,+
1299419,1299459,52,+
1300403,1300439,73,+
1300529,1300566,56,+
1304643,1304675,49,+
1305977,1306000,50,+
1308573,1308614,53,-
1309094,1309112,49,-
1309655,1309689,100,+
1311049,1311089,58,+
1311245,1311265,48,+
1313200,1313233,64,-
1315501,1315541,54,+
1318271,1318306,47,+
1318424,1318444,47,-
1319818,1319859,83,+
1320491,1320517,56,+
1320912,1320946,51,-
1323350,1323372,61,-
1323461,1323478,50,-
1323756,1323790,68,+
1323808,1323839,79,-
1324398,1324433,48,+
1324467,1324487,52,+
1324713,1324740,55,-
1325032,1325060,53,-
1325087,1325105,51,-
1325306,1325329,60,-
1326096,1326118,48,-
1326700,1326728,66,+
1326808,1326851,47,+
1330084,1330118,50,-
1330141,1330165,48,+
1330285,1330306,48,-
1331315,1331336,62,-
1332108,1332128,64,-
1332493,1332513,47,+
1332833,1332865,105,-
1332903,1332928,47,-
1332982,1333006,59,-
1333032,1333061,79,-
1333153,1333175,61,-
1333447,1333464,50,-
1333871,1333891,48,+
1334753,1334782,52,-
1338039,1338059,48,-
1338304,1338335,48,-
1339014,1339044,51,-
1339479,1339506,64,-
1339887,1339922,62,-
1340129,1340156,57,+
1340948,1340970,49,+
1341492,1341512,51,-
1343086,1343115,58,+
1343255,1343279,59,+
1343948,1343971,49,+
1344131,1344168,58,-
1345820,1345855,67,+
1346449,1346484,58,+
1347895,1347931,62,+
1350789,1350813,76,-
1351678,1351704,56,-
1351738,1351766,54,-
1352126,1352145,49,-
1352811,1352840,51,+
1357769,1357793,59,+
1357806,1357837,50,-
1358174,1358196,48,-
1358604,1358629,57,-
1358860,1358880,51,+
1359017,1359056,53,+
1360451,1360484,79,+
1361753,1361775,61,+
1367372,1367408,58,-
1368443,1368472,67,+
1369695,1369720,47,-
1370972,1371015,54,-
1371547,1371577,68,+
1372235,1372266,79,+
1372475,1372503,55,-
1372866,1372884,49,+
1373066,1373092,56,+
1373172,1373191,47,+
1373444,1373467,60,+
1373732,1373752,51,-
1376920,1376943,60,-
1377945,1377977,56,-
1378945,1378970,57,+
1379627,1379667,97,-
1380182,1380213,78,-
1380934,1380970,62,+
1381014,1381047,63,+
1383972,1383990,49,+
1384413,1384451,51,+
1385536,1385581,50,-
1386064,1386083,52,+
1388802,1388838,48,+
1388910,1388950,58,+
1389466,1389501,59,-
1389922,1389946,76,-
1390178,1390204,55,-
1390670,1390706,76,+
1391558,1391577,56,+
1392241,1392258,69,+
1393760,1393781,49,-
1393834,1393867,63,-
1393972,1394009,86,+
1394959,1394980,48,+
1396405,1396440,60,+
1396827,1396844,52,+
1397457,1397486,52,+
1397625,1397650,47,+
1397850,1397871,63,+
1398355,1398388,75,-
1401025,1401055,65,+
1401169,1401192,60,+
1401732,1401760,53,+
1402073,1402091,49,+
1405044,1405079,60,-
1406173,1406190,50,-
1406587,1406621,61,+
1407417,1407450,48,+
1407500,1407529,58,-
1411123,1411156,52,-
1414697,1414724,66,+
1415053,1415079,56,+
1415385,1415418,51,+
1415497,1415527,62,-
1416135,1416152,69,+
1416168,1416190,49,+
1416560,1416592,65,+
1418443,1418462,47,+
1418832,1418852,47,+
1419196,1419225,65,+
1421296,1421334,57,+
1421356,1421375,49,-
1421771,1421815,78,+
1421934,1421962,67,-
1422071,1422101,49,+
1422239,1422259,47,+
1423107,1423126,47,+
1423125,1423156,60,-
1423532,1423571,57,-
1423605,1423628,60,-
1424053,1424081,55,-
1424721,1424757,59,-
1427690,1427709,49,-
1428088,1428108,52,+
1428237,1428267,65,+
1428589,1428631,55,+
1428743,1428781,55,+
1428919,1428956,59,+
1429514,1429532,49,-
1430092,1430126,64,-
1430147,1430177,83,+
1430378,1430423,93,-
1430559,1430582,78,+
1430786,1430815,69,-
1430973,1431009,57,+
1431195,1431238,52,-
1433462,1433485,87,+
1433586,1433609,60,-
1433930,1433967,59,-
1435063,1435092,68,+
1435228,1435245,52,+
1435411,1435438,55,+
1436077,1436098,48,-
1436549,1436581,49,-
1438778,1438806,54,-
1439973,1439993,48,+
1441366,1441391,86,+
1442672,1442701,52,+
1442855,1442888,48,+
1443822,1443856,68,+
1445170,1445196,56,-
1446689,1446716,55,+
1447650,1447678,68,-
1448144,1448175,65,+
1448937,1448969,49,+
1449778,1449795,50,-
1449865,1449903,58,+
1450627,1450660,51,+
1454456,1454500,49,+
1456137,1456169,47,+
1456555,1456594,58,+
1457442,1457461,49,+
1457515,1457556,70,+
1459268,1459291,48,-
1461590,1461623,48,+
1461863,1461892,52,+
1462074,1462095,63,+
1462441,1462486,52,+
1463382,1463408,56,-
1464403,1464429,61,+
1464716,1464744,65,+
1465088,1465105,52,-
1468002,1468023,48,-
1470688,1470717,65,+
1470774,1470800,56,+
1471392,1471424,49,-
1471793,1471823,51,-
1474156,1474192,64,-
1474923,1474949,61,-
1477410,1477428,52,+
1478542,1478560,49,-
1480494,1480527,50,-
1480649,1480685,62,+
1481673,1481692,66,+
1481727,1481759,62,+
1482363,1482399,58,+
1482739,1482759,48,+
1483002,1483043,55,-
1489707,1489730,60,+
1491771,1491790,49,+
1492301,1492323,48,+
1495378,1495396,49,+
1495552,1495592,71,+
1496647,1496666,47,+
1496924,1496947,70,-
1497673,1497712,58,-
1498231,1498255,48,+
1498497,1498533,74,+
1499169,1499193,72,+
1499217,1499253,58,+
1500292,1500327,56,-
1500464,1500502,53,+
1500715,1500745,51,+
1501111,1501149,57,+
1501750,1501776,60,+
1502810,1502830,64,+
1503329,1503347,67,+
1504204,1504238,62,+
1504403,1504423,64,+
1505101,1505136,62,-
1505155,1505197,53,-
1506339,1506374,50,+
1507067,1507087,47,-
1507106,1507126,64,-
1507643,1507666,60,-
1508467,1508498,65,+
1508653,1508676,60,+
1509313,1509334,63,+
1510454,1510474,64,-
1510597,1510631,58,-
1511886,1511908,48,-
1512279,1512308,67,+
1512359,1512379,47,+
1513088,1513107,47,+
1513253,1513271,49,+
1513518,1513554,59,+
1513809,1513828,52,+
1514207,1514234,55,+
1514657,1514686,52,+
1515011,1515040,52,-
1516537,1516574,50,+
1516898,1516921,48,-
1516979,1517011,49,+
1517660,1517689,58,+
1519597,1519627,68,+
1519946,1519976,63,-
1520720,1520756,59,-
1520812,1520836,48,-
1521031,1521051,49,+
1521366,1521407,58,+
1522093,1522123,79,+
1522136,1522155,49,+
1522585,1522603,50,+
1522614,1522647,59,-
1522688,1522708,47,+
1523992,1524021,52,+
1524642,1524682,56,+
1525528,1525561,52,+
1526923,1526950,64,+
1527441,1527460,49,+
1527500,1527532,63,-
1527782,1527816,51,+
1529727,1529757,51,+
1530225,1530245,49,+
1531344,1531381,51,+
1531927,1531960,56,-
1532240,1532261,52,-
1534482,1534507,56,+
1535307,1535352,53,+
1535947,1535973,83,+
1536181,1536212,50,-
1539085,1539120,54,+
1539221,1539249,61,+
1540984,1541015,55,+
1541967,1541989,48,+
1542391,1542425,56,+
1542441,1542472,48,+
1544172,1544192,47,-
1544494,1544531,55,+
1544638,1544660,79,+
1544719,1544741,61,+
1545382,1545405,60,+
1546025,1546056,54,+
1546104,1546128,67,+
1546792,1546831,61,+
1547035,1547058,49,+
1547247,1547274,66,+
1548063,1548103,53,+
1548132,1548161,63,+
1548551,1548584,59,-
1550440,1550473,64,+
1550628,1550652,59,+
1551080,1551106,58,-
1551835,1551856,63,-
1556240,1556259,47,+
1557113,1557135,61,+
1557893,1557928,57,+
1558173,1558200,83,+
1558348,1558389,53,+
1558559,1558579,64,+
1559365,1559389,69,+
1559932,1559968,47,+
1560333,1560371,58,-
1560878,1560897,47,+
1560961,1560986,57,+
1561805,1561836,59,+
1561856,1561885,52,-
1564720,1564742,61,-
1564803,1564837,56,+
1565319,1565340,48,+
1565888,1565907,49,+
1566561,1566590,52,-
1567811,1567834,61,+
1569072,1569110,55,+
1569515,1569545,66,+
1569654,1569690,59,+
1570337,1570370,63,+
1570717,1570748,63,+
1571079,1571100,48,+
1571351,1571374,60,+
1571906,1571938,82,+
1572666,1572691,67,+
1574556,1574596,52,+
1574924,1574961,57,+
1575621,1575654,47,+
1581171,1581191,47,+
1581944,1581972,52,+
1582207,1582226,49,-
1586154,1586186,62,-
1587652,1587673,48,+
1587935,1587972,86,+
1588070,1588105,94,+
1588905,1588924,49,-
1589267,1589301,59,-
1589367,1589397,52,-
1594013,1594058,49,-
1594091,1594124,62,+
1597227,1597259,51,+
1597450,1597487,58,+
1598678,1598694,53,+
1599071,1599094,48,+
1599329,1599361,49,+
1599648,1599683,58,-
1599797,1599839,49,-
1600459,1600501,51,-
1601656,1601682,68,+
1601784,1601819,57,-
1602282,1602312,51,+
1602741,1602773,76,+
1602809,1602847,57,-
1602918,1602953,62,+
1603116,1603140,48,+
1603773,1603807,55,+
1604481,1604511,57,-
1604711,1604745,58,-
1604985,1605003,49,-
1605409,1605439,51,-
1605560,1605584,59,+
1605731,1605764,63,+
1605773,1605800,55,+
1606323,1606368,47,-
1608250,1608285,47,-
1609082,1609118,76,+
1609403,1609423,64,-
1612750,1612768,49,+
1614029,1614048,47,+
1614631,1614659,54,-
1615704,1615730,61,-
1616402,1616420,51,+
1616864,1616889,47,-
1618040,1618067,55,+
1618252,1618281,52,+
1619011,1619054,53,+
1620179,1620205,101,+
1620904,1620945,70,+
1621809,1621836,55,+
1622507,1622540,80,+
1622600,1622617,50,+
1624166,1624201,61,+
1624767,1624802,59,+
1625112,1625143,59,+
1625321,1625347,56,+
1625878,1625918,54,+
1627219,1627248,52,+
1628675,1628697,61,-
1628790,1628815,60,+
1628919,1628957,87,+
1628981,1629010,97,+
1630028,1630046,50,+
1630056,1630091,99,+
1634525,1634550,57,+
1634761,1634797,58,+
1634819,1634849,54,-
1635302,1635317,53,+
1635844,1635878,56,-
1637005,1637025,47,-
1637040,1637064,48,+
1637155,1637183,54,+
1637994,1638015,48,+
1638783,1638822,57,+
1639948,1639983,78,+
1641134,1641175,53,-
1643850,1643896,52,+
1643867,1643913,47,-
1645404,1645439,59,+
1645691,1645718,55,+
1647984,1648025,52,-
1649101,1649128,55,+
1649563,1649595,60,+
1649663,1649696,58,+
1650917,1650946,65,+
1652008,1652049,49,+
1652591,1652616,47,+
1653087,1653105,50,-
1653326,1653348,79,+
1653443,1653479,62,-
1654330,1654352,48,-
1655085,1655127,57,-
1655275,1655297,48,+
1655454,1655483,52,+
1656320,1656345,47,+
1656452,1656472,49,+
1657230,1657259,52,-
1658296,1658325,68,+
1658676,1658720,53,+
1659508,1659539,67,+
1661311,1661342,50,+
1661665,1661700,62,+
1663647,1663683,64,+
1664115,1664147,48,-
1664154,1664171,50,+
1664581,1664614,62,-
1666879,1666909,51,-
1667319,1667351,48,+
1668830,1668865,58,+
1669230,1669262,60,-
1670619,1670652,56,-
1670853,1670884,48,+
1671347,1671378,62,+
1673412,1673436,59,-
1673823,1673847,59,+
1674325,1674368,52,+
1675440,1675457,50,+
1675741,1675773,63,+
1676031,1676051,64,+
1678707,1678736,65,-
1679748,1679787,55,+
1680551,1680576,58,+
1680736,1680764,58,+
1684928,1684966,58,-
1685187,1685223,62,-
1685370,1685409,55,-
1686169,1686207,57,+
1686470,1686499,52,+
1687687,1687709,48,+
1687828,1687859,63,+
1688629,1688654,47,-
1688801,1688831,49,+
1691601,1691636,59,+
1692314,1692338,48,+
1694975,1694997,48,+
1695498,1695532,62,+
1695842,1695879,58,+
1696770,1696801,57,+
1698868,1698917,48,-
1699678,1699714,61,-
1701005,1701032,57,+
1701991,1702013,61,-
1702728,1702768,54,+
1702996,1703033,59,+
1703408,1703443,48,+
1703788,1703822,61,+
1703836,1703870,47,+
1704642,1704676,62,+
1705388,1705419,67,+
1706790,1706816,56,-
1708206,1708241,59,-
1709181,1709207,56,-
1709887,1709915,54,+
1711595,1711627,62,+
1712476,1712499,60,+
1713102,1713134,62,+
1715988,1716021,57,-
1717137,1717177,55,-
1719110,1719135,47,-
1719222,1719244,48,+
1720260,1720300,57,-
1720738,1720771,48,-
1721366,1721392,60,+
1721421,1721458,54,-
1721538,1721572,47,+
1722689,1722723,59,+
1723136,1723172,59,+
1723470,1723493,48,+
1723700,1723733,58,+
1723967,1723995,70,+
1724001,1724030,52,+
1725423,1725451,53,+
1728488,1728524,55,+
1728607,1728635,54,+
1728916,1728949,62,-
1729326,1729349,50,+
1733453,1733474,63,+
1733630,1733648,52,+
1733816,1733850,79,+
1737600,1737634,47,-
1738395,1738422,66,+
1740911,1740951,71,-
1741498,1741522,59,+
1741540,1741571,65,+
1742089,1742110,49,+
1742249,1742279,68,+
1742497,1742516,51,+
1743072,1743108,61,-
1745081,1745111,55,-
1746220,1746243,48,+
1747570,1747589,49,-
1751281,1751307,58,-
1768511,1768548,54,-
1773678,1773697,47,-
1773952,1773986,55,+
1774089,1774109,48,+
1774193,1774211,67,+
1774280,1774319,59,+
1774600,1774640,71,+
1775484,1775515,50,+
1775651,1775679,55,+
1776232,1776267,61,+
1776896,1776928,79,+
1778874,1778905,50,+
1779041,1779069,55,+
1779622,1779657,61,+
1780869,1780900,50,-
1782537,1782583,80,+
1782613,1782636,48,+
1782809,1782825,70,-
1783145,1783186,49,-
1784329,1784368,58,+
1784443,1784479,48,-
1785228,1785257,52,-
1785808,1785841,63,+
1785988,1786032,47,+
1786066,1786101,56,+
1787389,1787414,47,+
1788514,1788543,58,+
1788623,1788651,65,+
1788786,1788817,60,+
1789083,1789110,83,+
1789705,1789724,47,-
1790070,1790091,62,+
1790498,1790532,61,+
1790621,1790642,48,-
1791150,1791178,53,+
1794049,1794083,105,+
1794208,1794238,67,+
1794619,1794644,66,+
1795513,1795535,91,+
1796444,1796475,50,-
1796677,1796710,57,+
1797986,1798019,50,-
1799626,1799642,52,-
1802948,1802981,75,+
1803572,1803609,53,+
1806420,1806459,51,+
1806960,1806990,68,-
1807563,1807594,49,+
1807674,1807710,61,+
1808054,1808078,104,-
1808170,1808201,62,+
1808887,1808920,60,-
1809793,1809821,54,+
1810125,1810145,47,-
1810416,1810452,59,+
1810590,1810624,61,+
1811217,1811246,52,+
1811322,1811351,52,+
1811618,1811641,69,+
1811689,1811720,84,+
1811973,1812000,55,+
1812282,1812319,59,+
1814813,1814849,56,+
1815162,1815192,51,-
1815232,1815251,49,+
1815331,1815376,48,-
1816275,1816309,59,+
1816319,1816354,58,-
1816711,1816737,91,+
1816847,1816873,61,+
1816947,1816973,56,+
1817442,1817470,55,+
1817484,1817510,69,+
1820169,1820195,56,-
1820638,1820658,51,+
1820699,1820719,49,+
1820834,1820856,61,+
1821066,1821098,58,+
1822738,1822764,56,-
1823200,1823235,59,-
1824090,1824126,89,-
1824483,1824517,51,-
1826733,1826764,62,+
1827234,1827270,61,+
1827334,1827366,59,-
1828020,1828048,54,+
1829965,1829988,71,+
1831258,1831285,55,+
1832655,1832689,59,+
1832844,1832875,60,+
1833105,1833126,49,+
1833156,1833195,99,+
1834855,1834881,72,+
1835692,1835725,51,+
1837130,1837165,60,+
1838111,1838138,68,-
1838202,1838228,55,+
1838984,1839008,59,+
1839047,1839083,54,-
1839407,1839442,62,-
1839840,1839880,55,-
1840008,1840034,71,+
1840101,1840123,61,+
1840211,1840247,55,-
1841018,1841039,48,-
1841183,1841214,84,+
1841513,1841536,48,+
1841595,1841621,56,-
1842714,1842749,48,-
1844460,1844497,54,+
1844873,1844891,50,-
1845011,1845048,59,+
1846819,1846851,51,-
1846923,1846961,50,+
1847118,1847142,48,+
1847759,1847804,52,+
1847870,1847903,62,+
1847928,1847963,59,+
1849400,1849442,53,+
1850610,1850643,97,-
1851668,1851687,51,+
1852666,1852688,62,+
1852736,1852757,63,+
1853370,1853390,47,+
1853887,1853930,52,+
1854095,1854118,60,+
1854263,1854280,50,+
1854332,1854363,60,+
1854613,1854659,50,-
1854660,1854701,54,+
1854914,1854936,48,+
1855710,1855747,62,+
1855821,1855848,81,+
1857066,1857090,48,+
1857120,1857160,58,-
1857848,1857876,112,+
1859260,1859292,60,+
1860950,1860970,47,+
1862194,1862219,84,+
1863071,1863102,50,-
1863684,1863717,52,+
1863902,1863921,49,-
1863968,1863997,98,+
1864953,1864971,67,+
1865018,1865050,52,+
1865229,1865269,71,+
1865981,1866010,80,+
1868152,1868173,73,+
1869687,1869728,49,+
1870098,1870134,56,+
1870224,1870263,54,+
1870428,1870445,50,+
1871825,1871869,48,-
1871979,1872011,49,+
1872814,1872839,47,-
1873394,1873426,67,-
1875676,1875698,97,+
1876585,1876615,49,+
1877148,1877178,52,+
1877489,1877521,47,+
1877835,1877855,51,+
1879524,1879552,66,+
1879614,1879648,55,-
1881457,1881482,71,+
1882349,1882380,60,+
1882444,1882467,60,+
1883006,1883032,56,+
1883720,1883761,57,+
1884533,1884558,75,+
1885193,1885226,68,+
1885901,1885944,54,+
1886377,1886416,55,+
1886521,1886564,52,+
1887044,1887068,59,+
1887494,1887511,50,+
1887831,1887853,61,-
1890064,1890089,57,+
1890345,1890378,47,+
1890836,1890871,71,-
1891091,1891116,69,-
1891165,1891202,58,-
1893123,1893147,48,+
1893743,1893782,57,+
1895667,1895706,55,+
1897648,1897691,53,+
1901121,1901157,55,+
1902155,1902179,48,+
1902192,1902223,67,+
1904576,1904598,48,+
1904767,1904799,54,-
1906552,1906582,66,-
1907324,1907346,49,+
1907627,1907655,66,+
1908099,1908125,73,+
1910423,1910460,56,+
1911588,1911617,70,+
1911773,1911794,49,+
1911878,1911916,59,+
1913298,1913316,49,-
1914171,1914203,51,-
1918577,1918621,54,-
1919375,1919417,54,+
1921752,1921778,58,-
1922960,1922990,52,-
1923517,1923553,47,-
1923661,1923698,47,-
1924897,1924931,62,-
1925210,1925252,52,-
1925362,1925404,57,-
1926288,1926312,64,-
1926497,1926526,60,+
1926549,1926592,52,+
1926643,1926662,47,-
1927067,1927091,58,-
1927133,1927166,65,-
1927470,1927510,53,-
1927893,1927938,49,-
1928417,1928451,55,+
1928511,1928544,58,-
1928701,1928732,67,-
1929062,1929083,48,+
1929356,1929392,58,-
1929417,1929452,47,+
1930059,1930098,59,+
1930890,1930926,58,-
1931033,1931068,50,+
1931367,1931399,70,-
1932873,1932906,64,-
1933409,1933430,48,+
1933750,1933785,58,-
1933944,1933984,66,-
1935398,1935428,51,+
1935873,1935905,49,+
1937898,1937941,48,-
1938163,1938189,56,-
1938730,1938748,49,-
1938970,1939010,53,-
1939489,1939533,47,-
1939498,1939538,97,+
1940102,1940131,52,+
1940357,1940380,60,+
1941028,1941053,47,-
1941235,1941259,59,+
1941266,1941295,54,-
1942007,1942031,59,-
1943731,1943767,74,-
1944866,1944893,69,-
1945362,1945404,69,-
1949367,1949399,49,+
1950561,1950592,62,-
1952220,1952259,55,+
1952499,1952528,52,+
1953203,1953243,49,-
1953886,1953903,69,-
1953979,1954008,52,-
1954738,1954779,51,-
1955317,1955335,49,-
1955557,1955596,57,-
1955803,1955823,52,+
1957052,1957092,54,-
1957383,1957402,47,-
1957703,1957722,49,+
1958075,1958111,88,-
1959052,1959069,50,-
1959795,1959834,59,+
1959979,1960026,47,-
1960721,1960753,59,-
1961149,1961168,47,+
1963306,1963347,58,+
1964083,1964105,48,-
1964934,1964966,63,-
1965270,1965300,83,-
1967102,1967135,47,-
1967386,1967425,55,+
1967604,1967639,58,-
1968381,1968401,64,-
1968995,1969026,48,+
1969699,1969724,56,-
1969887,1969909,61,-
1970823,1970852,80,+
1972162,1972188,85,-
1972790,1972816,69,+
1973970,1974008,55,+
1974430,1974469,54,-
1975477,1975507,68,+
1975667,1975707,55,-
1976090,1976118,54,-
1976499,1976529,51,-
1977148,1977185,75,-
1977686,1977707,62,-
1977884,1977907,60,+
1978309,1978336,55,+
1978557,1978583,69,-
1979797,1979840,68,-
1980809,1980858,47,+
1981335,1981353,52,+
1981691,1981731,57,+
1981902,1981944,54,+
1982491,1982524,52,-
1982858,1982895,58,-
1982910,1982950,66,-
1983393,1983418,60,-
1983457,1983485,53,-
1983783,1983810,64,+
1984121,1984167,52,-
1986400,1986438,55,-
1987831,1987870,55,-
1987929,1987947,50,-
1988557,1988582,68,-
1989773,1989798,71,-
1989818,1989849,52,+
1990333,1990380,50,-
1991493,1991513,48,-
1991537,1991567,51,+
1991755,1991774,49,+
1992316,1992335,49,-
1992553,1992586,48,-
1993184,1993218,60,-
1993626,1993652,56,-
1995063,1995084,48,+
1996216,1996258,52,+
1996924,1996943,66,-
1999732,1999762,54,-
2000336,2000369,50,+
2001086,2001106,54,-
2003999,2004033,75,-
2004545,2004593,48,-
2005676,2005697,48,+
2005817,2005844,55,-
2005951,2005986,59,-
2007397,2007421,59,+
2009746,2009778,65,-
2011424,2011452,58,+
2013028,2013070,53,-
2013112,2013136,59,-
2013283,2013301,50,-
2013617,2013640,49,-
2013686,2013712,56,-
2014977,2015016,53,-
2015183,2015211,64,+
2015274,2015302,68,-
2016317,2016351,102,+
2016636,2016672,55,-
2017443,2017477,59,-
2018491,2018515,67,-
2019561,2019591,64,-
2021007,2021041,50,-
2022575,2022615,54,-
2022690,2022723,59,-
2024138,2024174,56,-
2025134,2025168,55,+
2025218,2025238,51,-
2026497,2026522,57,-
2026892,2026931,73,+
2027232,2027262,49,-
2028049,2028066,50,-
2029350,2029383,51,-
2029504,2029523,47,-
2029759,2029805,64,+
2030821,2030857,56,+
2031367,2031387,82,-
2031666,2031695,51,-
2032452,2032493,54,-
2032778,2032818,58,+
2033837,2033861,59,-
2033880,2033912,63,+
2034100,2034117,69,-
2034135,2034162,55,-
2034478,2034511,48,+
2034664,2034686,51,-
2035614,2035649,62,-
2035725,2035754,63,-
2036571,2036604,64,-
2038730,2038764,47,-
2039883,2039911,71,-
2040545,2040578,47,-
2041341,2041361,92,-
2042982,2043004,49,+
2043079,2043104,56,-
2043368,2043395,58,+
2043645,2043670,67,-
2044253,2044272,47,+
2046822,2046861,54,+
2046882,2046919,54,-
2047016,2047041,104,-
2047092,2047115,50,-
2047605,2047647,55,+
2048359,2048395,56,-
2048434,2048470,58,-
2049070,2049100,51,-
2049995,2050019,48,-
2051715,2051759,54,-
2051927,2051950,48,-
2052759,2052778,49,-
2052891,2052924,61,-
2054401,2054439,54,+
2054909,2054951,50,-
2056091,2056125,47,-
2056183,2056219,51,-
2059893,2059917,59,-
2060551,2060599,87,-
2061222,2061252,80,-
2061905,2061934,52,+
2061926,2061958,68,-
2062256,2062284,52,-
2062565,2062607,52,-
2064725,2064757,49,+
2067144,2067173,52,-
2067535,2067557,51,-
2067951,2067976,57,-
2068156,2068199,53,-
2068778,2068826,48,-
2068859,2068888,63,-
2069592,2069627,48,-
2070046,2070071,67,-
2070244,2070262,67,-
2070307,2070336,63,-
2070416,2070458,55,-
2070489,2070527,59,-
2070568,2070597,63,-
2070786,2070806,47,-
2071138,2071173,75,-
2071175,2071205,49,+
2072465,2072485,47,-
2074195,2074227,65,-
2074546,2074578,48,+
2076617,2076641,87,+
2077799,2077819,47,+
2078013,2078036,70,-
2078240,2078266,56,-
2078293,2078320,55,-
2078345,2078365,49,-
2078953,2078974,63,+
2079616,2079647,49,+
2079936,2079957,48,-
2080047,2080068,51,+
2080326,2080358,61,-
2080732,2080760,53,-
2080817,2080847,60,-
2080974,2080992,67,-
2084282,2084321,54,+
2084995,2085029,50,-
2085668,2085687,49,-
2086621,2086644,60,+
2086799,2086843,52,-
2086901,2086941,54,-
2089877,2089897,47,+
2089911,2089951,53,-
2091553,2091584,63,+
2091672,2091702,61,+
2092212,2092234,51,-
2092826,2092857,64,-
2093645,2093661,52,-
2095452,2095484,49,+
2096247,2096278,49,-
2096437,2096482,49,+
2096979,2097002,49,+
2097705,2097726,63,-
2098109,2098128,66,+
2098827,2098856,63,-
2099122,2099141,51,-
2099428,2099460,75,+
2099986,2100032,64,-
2100066,2100093,61,+
2100291,2100319,54,-
2102206,2102232,67,-
2104717,2104745,63,-
2108012,2108054,50,-
2109225,2109253,52,+
2109441,2109467,56,-
2109526,2109543,50,+
2110156,2110193,47,-
2110678,2110710,82,+
2112068,2112097,51,+
2112156,2112199,55,-
2113201,2113240,54,-
2113405,2113439,60,+
2113941,2113973,49,+
2114861,2114905,48,-
2117890,2117920,60,+
2118104,2118133,58,-
2119003,2119027,59,+
2120363,2120381,67,+
2121136,2121168,49,+
2123884,2123916,49,-
2123959,2123991,62,+
2125083,2125120,55,-
2125385,2125403,51,-
2125837,2125854,50,-
2128305,2128325,48,-
2128493,2128524,49,-
2128918,2128954,58,-
2129295,2129319,59,-
2130659,2130694,61,-
2132381,2132408,67,-
2132919,2132937,49,-
2133668,2133698,60,-
2137435,2137458,60,-
2140128,2140175,50,+
2142630,2142665,59,+
2142968,2142998,59,+
2144608,2144648,52,+
2147291,2147323,49,-
2149914,2149946,76,-
2149989,2150017,54,+
2150535,2150578,54,-
2150678,2150702,48,-
2151283,2151314,50,+
2151621,2151643,51,-
2152176,2152198,49,-
2152392,2152422,51,-
2153065,2153085,47,+
2154100,2154118,49,-
2155416,2155434,67,-
2155587,2155605,52,-
2156144,2156176,63,-
2156596,2156614,50,-
2157871,2157896,57,+
2159002,2159022,48,-
2159150,2159187,58,+
2161397,2161414,50,+
2161760,2161791,54,-
2162093,2162123,51,+
2162870,2162913,50,+
2164743,2164773,51,+
2165200,2165223,59,+
2165248,2165277,69,-
2165630,2165652,62,+
2166368,2166402,50,-
2166741,2166778,57,-
2168113,2168158,53,-
2168291,2168314,49,-
2171392,2171437,52,-
2171745,2171762,52,-
2173364,2173407,49,+
2174753,2174787,64,+
2174881,2174910,82,-
2175759,2175791,49,-
2176469,2176507,73,-
2178629,2178645,70,-
2180084,2180120,89,-
2181722,2181745,60,-
2181750,2181790,70,+
2182959,2182979,48,-
2183166,2183200,79,-
2183223,2183252,55,+
2185048,2185067,49,+
2186211,2186249,90,-
2186850,2186872,61,-
2186935,2186974,57,-
2188902,2188922,64,-
2189406,2189440,61,-
2189759,2189792,75,-
2189815,2189842,71,-
2190050,2190087,55,-
2190821,2190842,48,-
2191554,2191571,52,-
2191848,2191879,60,-
2191913,2191953,56,+
2192966,2193012,66,-
2194527,2194567,52,-
2197465,2197497,49,+
2198288,2198315,68,-
2198761,2198781,47,-
2200042,2200076,50,-
2200373,2200405,51,+
2200512,2200538,64,-
2200654,2200692,59,-
2203350,2203382,61,-
2203507,2203527,48,-
2203585,2203621,61,+
2205788,2205807,47,-
2206653,2206683,68,+
2207130,2207161,62,-
2207457,2207487,49,-
2207806,2207825,66,-
2208429,2208461,50,-
2210732,2210768,55,+
2210949,2210993,54,+
2211345,2211384,58,+
2212685,2212707,61,+
2212828,2212848,51,+
2212931,2212952,48,-
2213221,2213248,71,-
2214504,2214535,66,+
2214903,2214938,48,-
2215758,2215775,50,-
2215940,2215977,62,-
2216253,2216274,48,-
2216405,2216432,71,+
2217307,2217334,68,-
2218622,2218648,56,-
2220048,2220067,47,+
2220331,2220365,64,-
2221180,2221204,59,+
2221815,2221850,61,+
2222232,2222258,71,-
2222653,2222668,53,+
2223119,2223139,49,-
2223426,2223459,64,+
2223506,2223544,55,+
2224475,2224502,57,-
2224562,2224598,59,-
2225040,2225059,47,+
2225339,2225370,51,-
2225825,2225854,52,-
2229442,2229464,61,-
2229483,2229506,60,-
2229511,2229534,60,-
2231774,2231797,60,-
2231802,2231825,60,-
2232162,2232188,56,+
2232363,2232386,61,-
2233037,2233063,56,-
2234313,2234354,54,+
2235036,2235053,50,-
2236137,2236159,61,-
2236419,2236452,52,-
2236783,2236823,50,+
2237121,2237142,63,-
2237795,2237819,71,-
2237971,2237997,68,-
2238650,2238670,47,-
2239285,2239312,68,-
2239832,2239873,54,-
2241105,2241132,85,-
2241423,2241450,55,+
2242377,2242410,62,-
2246032,2246051,47,-
2247936,2247979,52,+
2247989,2248019,65,-
2249086,2249111,66,+
2249342,2249382,54,-
2249567,2249586,47,-
2251281,2251310,71,-
2252743,2252760,50,-
2254698,2254716,50,-
2254789,2254832,52,-
2254858,2254896,61,-
2254957,2254983,56,-
2255124,2255156,76,-
2256049,2256081,54,-
2258985,2259020,94,-
2263122,2263149,68,-
2264793,2264818,57,+
2265314,2265348,61,-
2267276,2267307,52,-
2279466,2279488,61,+
2281892,2281916,48,-
2282029,2282067,59,-
2282545,2282583,57,-
2283022,2283043,48,-
2286048,2286077,63,-
2286482,2286509,81,-
2286613,2286646,56,-
2287527,2287576,61,+
2298524,2298558,64,-
2298636,2298665,52,+
2298761,2298789,65,-
2301315,2301347,70,-
2301742,2301765,48,-
2302066,2302087,48,-
2302394,2302427,47,-
2302706,2302728,73,-
2302786,2302810,60,+
2303174,2303209,55,+
2303884,2303920,75,-
2304018,2304036,67,+
2304360,2304379,49,+
2305552,2305589,57,-
2305760,2305788,65,-
2306560,2306588,52,-
2308124,2308153,101,+
2308432,2308474,49,+
2308797,2308815,49,-
2312208,2312255,48,+
2313958,2313998,55,+
2314375,2314414,59,+
2315115,2315150,55,-
2315212,2315246,58,-
2315678,2315700,61,-
2315975,2316004,55,-
2316312,2316341,52,-
2318234,2318262,61,-
2318471,2318491,47,-
2318715,2318737,48,+
2320579,2320617,73,+
2321535,2321556,62,-
2322159,2322186,61,-
2322848,2322882,58,-
2323104,2323133,68,-
2325045,2325069,59,+
2328372,2328395,48,+
2329153,2329196,53,+
2329555,2329581,56,-
2329653,2329681,71,-
2329929,2329965,74,-
2330612,2330655,52,-
2330986,2331030,52,-
2331145,2331170,47,+
2331516,2331553,70,+
2332244,2332269,69,-
2332539,2332563,59,+
2332701,2332730,79,-
2333323,2333356,64,-
2334088,2334120,49,+
2334565,2334596,54,-
2335166,2335207,57,-
2336709,2336736,53,-
2337609,2337627,50,+
2338799,2338835,55,-
2339201,2339225,59,+
2339268,2339314,47,+
2339749,2339791,50,+
2341129,2341159,51,-
2341232,2341255,63,-
2342157,2342190,76,-
2342323,2342348,58,-
2342705,2342733,52,-
2342884,2342921,88,-
2343748,2343774,55,+
2343988,2344010,70,-
2344618,2344656,58,-
2345673,2345715,53,-
2349069,2349098,52,-
2349843,2349884,51,-
2350583,2350610,65,+
2351748,2351779,52,-
2352895,2352919,59,-
2353118,2353156,62,-
2353581,2353613,47,-
2353755,2353787,63,+
2353950,2353969,49,-
2354223,2354262,55,-
2354908,2354955,47,-
2356073,2356107,60,-
2356583,2356607,59,-
2356620,2356644,48,-
2356659,2356679,51,+
2356921,2356958,57,-
2357036,2357083,48,-
2357175,2357223,49,-
2357279,2357305,56,-
2357642,2357671,52,-
2357870,2357893,60,-
2358093,2358135,54,-
2358225,2358257,59,-
2358973,2358992,49,+
2359291,2359310,84,-
2360043,2360062,47,-
2360122,2360139,50,-
2360322,2360347,68,-
2360578,2360608,68,-
2361607,2361625,67,+
2361884,2361919,62,-
2362366,2362394,71,-
2363482,2363518,58,+
2363566,2363606,53,+
2364162,2364187,57,-
2364910,2364940,85,-
2365013,2365043,51,+
2366513,2366553,53,+
2366634,2366658,60,+
2367646,2367693,92,-
2367707,2367725,67,+
2367940,2367974,62,-
2368074,2368097,50,-
2368138,2368168,51,+
2370012,2370042,66,-
2370136,2370160,48,+
2370813,2370858,52,+
2371220,2371251,52,-
2372886,2372919,47,-
2375369,2375416,48,-
2375508,2375539,65,-
2376799,2376823,69,-
2377322,2377346,58,-
2377617,2377654,54,-
2377984,2378017,59,-
2378226,2378250,59,-
2379443,2379474,65,+
2379514,2379544,68,+
2380045,2380081,58,+
2380179,2380209,83,-
2381538,2381567,55,-
2382584,2382612,65,-
2384129,2384158,52,-
2387515,2387549,62,-
2388134,2388167,63,+
2388366,2388385,49,-
2389628,2389663,59,-
2389951,2389996,62,+
2390613,2390631,50,-
2391832,2391858,55,-
2393274,2393313,58,-
2393357,2393377,64,-
2393548,2393583,58,+
2394505,2394532,88,+
2395069,2395096,57,+
2396386,2396417,67,+
2396544,2396567,60,+
2396673,2396697,59,-
2397946,2397990,52,-
2398675,2398710,74,-
2399125,2399143,50,+
2399654,2399698,93,-
2400566,2400582,53,-
2400589,2400631,49,+
2401957,2401985,54,-
2402503,2402527,48,-
2404042,2404070,61,-
2404544,2404569,58,-
2405191,2405222,65,-
2405929,2405958,70,-
2406729,2406767,59,+
2406919,2406940,49,-
2409147,2409181,56,+
2410138,2410167,52,+
2411783,2411821,58,+
2412072,2412101,51,+
2412160,2412187,68,+
2412247,2412285,56,+
2412423,2412462,55,+
2413807,2413842,64,-
2413964,2414008,47,-
2415069,2415103,65,+
2419545,2419578,58,-
2420971,2421012,55,-
2421356,2421389,64,-
2421922,2421957,62,-
2422194,2422237,49,+
2422495,2422517,61,-
2423032,2423050,51,+
2423062,2423081,49,-
2423111,2423149,59,-
2423524,2423544,47,-
2424501,2424525,48,-
2425148,2425174,56,+
2425655,2425691,88,+
2425707,2425752,50,+
2428095,2428120,57,-
2428568,2428594,56,+
2429694,2429733,70,-
2429806,2429838,64,-
2430419,2430441,49,-
2431586,2431624,53,+
2431992,2432021,63,-
2432958,2432982,59,-
2434202,2434225,60,+
2434326,2434366,53,-
2434485,2434534,48,-
2434712,2434741,52,+
2436833,2436854,49,-
2437565,2437592,55,-
2439569,2439591,61,+
2439675,2439709,61,-
2442147,2442177,54,-
2442286,2442307,49,+
2443738,2443758,64,-
2444779,2444823,50,-
2445533,2445567,62,+
2445609,2445636,55,+
2445731,2445767,47,-
2445991,2446032,57,-
2446094,2446141,47,-
2449619,2449654,74,-
2453167,2453213,47,+
2455157,2455194,64,+
2456942,2456978,47,+
2460182,2460211,52,+
2461013,2461041,54,+
2461204,2461224,47,-
2461954,2461991,58,-
2463937,2463961,61,+
2465672,2465704,60,-
2465975,2466007,65,-
2467224,2467247,60,-
2472399,2472438,57,+
2473053,2473084,51,-
2475361,2475390,52,+
2475896,2475924,54,-
2477381,2477406,57,-
2478206,2478237,67,-
2478957,2478984,55,-
2480715,2480758,49,-
2484980,2485004,59,+
2493017,2493044,55,+
2493377,2493414,57,-
2493685,2493710,57,+
2497467,2497503,55,+
2500291,2500322,50,+
2505951,2505981,51,+
2506371,2506391,48,+
2511646,2511682,61,-
2521641,2521680,54,-
2536103,2536135,49,+
2551748,2551772,87,+
2552045,2552089,52,+
2552443,2552475,47,+
2553215,2553236,63,+
2553662,2553691,57,-
2554835,2554873,74,-
2555890,2555922,49,-
2556993,2557012,49,-
2557707,2557746,61,-
2560455,2560483,60,+
2560894,2560913,49,+
2560949,2560980,65,-
2563167,2563204,61,-
2564386,2564422,55,-
2564591,2564628,53,-
2565277,2565310,58,-
2566168,2566187,49,-
2566301,2566349,49,+
2566710,2566737,55,-
2567129,2567164,54,-
2567144,2567182,51,+
2567372,2567401,65,-
2568263,2568303,70,-
2568336,2568368,63,-
2569082,2569113,65,-
2569148,2569166,49,-
2569209,2569231,61,-
2569308,2569332,59,+
2569405,2569444,59,+
2571154,2571187,56,-
2576535,2576557,61,-
2576763,2576785,48,-
2577266,2577294,52,+
2578240,2578273,95,+
2579750,2579783,48,+
2580232,2580269,56,-
2580817,2580843,56,+
2582098,2582142,54,+
2582572,2582612,53,+
2583037,2583076,53,+
2583107,2583136,52,+
2583148,2583194,50,-
2583422,2583464,53,+
2584685,2584719,74,-
2585083,2585118,67,+
2585985,2586015,49,-
2586196,2586231,64,-
2586570,2586609,101,-
2586637,2586661,48,+
2586802,2586829,55,+
2588463,2588496,47,+
2591451,2591471,47,-
2594659,2594683,59,-
2595290,2595313,60,-
2595321,2595338,50,-
2596030,2596055,60,-
2596186,2596216,49,-
2596995,2597033,58,-
2597717,2597743,56,-
2598516,2598535,51,-
2602416,2602442,56,+
2604917,2604948,50,+
2604996,2605028,60,-
2605464,2605494,66,-
2607409,2607434,69,-
2607490,2607511,63,+
2608327,2608349,48,-
2608462,2608481,49,-
2608640,2608677,58,+
2608873,2608898,57,-
2609408,2609440,62,-
2609797,2609841,52,-
2609890,2609915,57,-
2610273,2610294,48,+
2610867,2610910,55,-
2612356,2612391,78,-
2613792,2613830,98,-
2614573,2614609,58,+
2615155,2615183,71,-
2615243,2615259,52,+
2615792,2615811,47,-
2616334,2616358,48,-
2616572,2616602,62,+
2617150,2617184,59,+
2617394,2617424,51,-
2617844,2617863,49,-
2617961,2617984,60,-
2619730,2619761,50,-
2620365,2620403,57,-
2620427,2620447,64,+
2622582,2622625,49,+
2624947,2624965,49,-
2625695,2625737,51,-
2626069,2626101,65,+
2627055,2627088,48,+
2628434,2628481,47,-
2629708,2629732,48,-
2630009,2630031,49,-
2631015,2631046,62,+
2631181,2631199,50,+
2631306,2631329,50,-
2631621,2631644,60,-
2635025,2635049,59,-
2644537,2644570,47,+
2645933,2645968,48,-
2647474,2647493,47,+
2647501,2647521,47,+
2650160,2650205,52,-
2652209,2652242,56,+
2652232,2652263,50,-
2653228,2653261,62,-
2653657,2653681,59,-
2653763,2653804,51,-
2654320,2654344,59,-
2654358,2654394,59,-
2654710,2654726,70,-
2656525,2656557,64,-
2656775,2656804,52,-
2658763,2658793,54,+
2661944,2661975,62,-
2665406,2665426,47,+
2665522,2665565,49,-
2666221,2666261,53,-
2667936,2667963,58,-
2668051,2668071,64,-
2668345,2668376,50,-
2668698,2668744,47,-
2669167,2669190,60,+
2669421,2669446,47,-
2669510,2669549,68,-
2670397,2670435,56,+
2670560,2670592,47,-
2670857,2670883,70,+
2671791,2671815,48,+
2673582,2673624,50,+
2673966,2673994,54,+
2674006,2674048,68,+
2674591,2674631,51,-
2675262,2675278,52,-
2675992,2676018,68,+
2677165,2677204,55,-
2677886,2677907,49,-
2678651,2678688,61,+
2679672,2679703,50,-
2681003,2681031,68,-
2681519,2681563,52,-
2681747,2681788,54,+
2683726,2683748,48,+
2684015,2684045,64,+
2684731,2684759,71,-
2685033,2685067,56,+
2685343,2685362,49,+
2685657,2685689,51,+
2685993,2686022,52,+
2687415,2687464,104,-
2688819,2688846,89,-
2692995,2693041,48,-
2693674,2693707,50,-
2693902,2693928,69,+
2693953,2693981,54,+
2694020,2694037,50,+
2695800,2695833,48,+
2696067,2696109,49,+
2696287,2696317,54,-
2697920,2697956,48,+
2698063,2698084,48,+
2698401,2698423,89,-
2698882,2698925,49,-
2700372,2700405,62,-
2700766,2700796,51,-
2701732,2701775,68,-
2703282,2703325,49,-
2704490,2704518,61,-
2704579,2704599,47,-
2705515,2705543,69,-
2706033,2706062,52,-
2706117,2706149,49,-
2707878,2707898,47,-
2710393,2710418,47,+
2710905,2710937,49,+
2711578,2711599,49,-
2716698,2716726,65,-
2718849,2718879,79,+
2720086,2720110,48,-
2720567,2720604,56,-
2721509,2721542,78,+
2721892,2721920,69,-
2722942,2722969,70,+
2724640,2724666,70,+
2725507,2725548,58,-
2728713,2728746,70,-
2729983,2730014,50,-
2730110,2730139,65,-
2731513,2731550,64,-
2735209,2735243,51,-
2737782,2737813,50,-
2737909,2737938,65,-
2739441,2739476,59,-
2740068,2740100,60,-
2740962,2741005,64,-
2741241,2741259,51,-
2742057,2742077,49,+
2742787,2742806,47,-
2742970,2743004,65,-
2743784,2743817,52,+
2744142,2744162,49,-
2744799,2744820,63,-
2744888,2744925,58,-
2745004,2745037,48,-
2745349,2745379,66,-
2746380,2746414,56,-
2747318,2747360,68,-
2748761,2748790,65,-
2749170,2749188,49,-
2753356,2753384,85,-
2754223,2754256,67,+
2754662,2754700,54,-
2754821,2754856,48,-
2756967,2756993,58,-
2759465,2759493,71,-
2759606,2759636,63,-
2762389,2762417,58,+
2767224,2767249,67,-
2769471,2769507,57,+
2770410,2770445,55,+
2770695,2770742,83,-
2770772,2770794,49,+
2771871,2771913,69,+
2773864,2773888,59,-
2774281,2774312,48,-
2774425,2774445,48,+
2774975,2775015,51,-
2775362,2775401,58,-
2775534,2775566,51,+
2777671,2777690,49,+
2777700,2777719,49,-
2777859,2777896,58,-
2778320,2778347,55,+
2778756,2778780,59,+
2778817,2778841,86,-
2779019,2779055,58,-
2780515,2780541,60,-
2780715,2780746,51,-
2780934,2780954,64,-
2781234,2781265,50,+
2785813,2785847,51,-
2786128,2786147,49,-
2787532,2787558,58,-
2787964,2788010,80,+
2788666,2788700,50,-
2788812,2788847,61,+
2788884,2788916,60,+
2789055,2789078,60,-
2791598,2791629,59,-
2792536,2792577,51,+
2794264,2794301,75,+
2794382,2794422,55,-
2794507,2794541,60,-
2795039,2795062,60,+
2796460,2796491,59,+
2796498,2796522,59,+
2797069,2797095,68,-
2797502,2797530,71,-
2797772,2797805,62,+
2798558,2798587,86,-
2798714,2798730,52,-
2799645,2799681,59,-
2800070,2800094,104,-
2800449,2800469,51,-
2800599,2800619,47,-
2802059,2802088,52,+
2802900,2802929,71,+
2803148,2803166,67,+
2803212,2803237,71,+
2803916,2803953,55,-
2804012,2804045,65,-
2804536,2804581,50,-
2804729,2804767,55,-
2808158,2808180,51,-
2809249,2809281,49,-
2811400,2811420,52,-
2812120,2812153,55,-
2812484,2812503,51,+
2812777,2812809,62,-
2813400,2813438,86,-
2813713,2813758,49,-
2814775,2814813,61,-
2818600,2818633,55,-
2818673,2818697,59,-
2818739,2818768,54,-
2821072,2821102,52,-
2822609,2822635,68,+
2823782,2823811,55,-
2824411,2824446,55,-
2824822,2824854,54,+
2827194,2827222,54,+
2828245,2828277,48,+
2832361,2832405,52,+
2832550,2832590,58,-
2833161,2833194,64,-
2834014,2834046,62,-
2834774,2834793,66,-
2834854,2834892,59,+
2835612,2835639,58,+
2836066,2836084,49,-
2837727,2837751,59,-
2838373,2838400,68,-
2839329,2839349,47,+
2839637,2839664,65,-
2839786,2839814,63,-
2840960,2840994,48,-
2842307,2842330,87,+
2843886,2843916,59,-
2843931,2843954,60,-
2843970,2844001,60,-
2844162,2844194,63,-
2845825,2845848,60,-
2846676,2846719,55,-
2847444,2847476,62,-
2847894,2847919,57,-
2848507,2848527,47,-
2848844,2848875,62,-
2849263,2849297,62,-
2849480,2849514,65,-
2849836,2849858,48,-
2850741,2850774,108,-
2851552,2851587,61,-
2852621,2852647,69,-
2852701,2852729,60,-
2858406,2858435,58,-
2858537,2858558,64,-
2858625,2858654,70,-
2858881,2858902,63,-
2859018,2859040,62,+
2859399,2859429,52,-
2859824,2859853,52,-
2860030,2860057,100,-
2860409,2860448,54,-
2860996,2861034,54,-
2861085,2861102,69,-
2861753,2861783,57,-
2862509,2862548,58,-
2868600,2868618,67,-
2868867,2868906,57,-
2870302,2870333,55,-
2870615,2870638,49,-
2872588,2872631,53,+
2872806,2872837,68,-
2875058,2875094,61,-
2876837,2876867,60,+
2876941,2876968,55,+
2877274,2877297,48,-
2878545,2878565,48,-
2880352,2880389,88,-
2880620,2880660,99,-
2880749,2880776,55,+
2881104,2881144,55,-
2881312,2881351,53,-
2881371,2881391,47,-
2883564,2883589,57,-
2884108,2884132,48,-
2884194,2884216,51,-
2884844,2884866,62,-
2886424,2886454,57,-
2890947,2890982,50,+
2891529,2891547,67,+
2891675,2891712,51,+
2891728,2891756,68,+
2892307,2892327,47,-
2893719,2893755,61,-
2894632,2894661,52,-
2894721,2894762,58,-
2894767,2894798,64,-
2894979,2895022,54,-
2895526,2895548,61,-
2895795,2895836,53,-
2895881,2895900,66,+
2896515,2896548,80,-
2896769,2896808,50,-
2897187,2897226,58,-
2897441,2897473,48,-
2897673,2897713,52,+
2898018,2898040,61,-
2898506,2898525,47,-
2898648,2898680,67,-
2900622,2900649,55,-
2901463,2901504,54,-
2902243,2902280,58,-
2902760,2902799,57,-
2905747,2905770,60,+
2905982,2906015,48,-
2906109,2906127,52,-
2906173,2906208,64,-
2908227,2908246,47,+
2909491,2909519,54,-
2910306,2910349,80,-
2910688,2910717,63,-
2912659,2912683,48,+
2913939,2913967,60,+
2914941,2914979,58,+
2915254,2915289,62,+
2917741,2917784,47,+
2918513,2918538,60,-
2918663,2918695,54,+
2919528,2919550,51,+
2921252,2921272,48,-
2922805,2922841,54,-
2922906,2922941,56,+
2924294,2924333,54,-
2924614,2924635,48,+
2925046,2925091,48,+
2926742,2926766,48,+
2927893,2927916,50,+
2928905,2928940,59,+
2928988,2929013,47,+
2929021,2929048,57,-
2931960,2931992,49,+
2934821,2934839,49,-
2935081,2935099,67,+
2935104,2935129,57,-
2935405,2935432,72,+
2936892,2936909,50,+
2937840,2937870,51,-
2937879,2937906,55,-
2938471,2938490,66,-
2938765,2938800,52,-
2939126,2939168,52,-
2939574,2939612,54,-
2940349,2940396,49,-
2942431,2942462,50,+
2944858,2944892,58,+
2946753,2946773,47,+
2947091,2947132,69,-
2947962,2947986,48,-
2948359,2948375,70,-
2949833,2949866,65,-
2950055,2950088,48,-
2950112,2950155,48,-
2952351,2952368,50,+
2952627,2952664,58,+
2952784,2952833,48,+
2953256,2953287,51,+
2955202,2955231,52,+
2956221,2956256,57,+
2961467,2961491,48,+
2961499,2961518,66,-
2962156,2962185,52,-
2963019,2963054,47,+
2964716,2964747,63,-
2965143,2965174,62,+
2965294,2965331,47,-
2967834,2967854,64,+
2968102,2968131,52,+
2968626,2968663,53,-
2969329,2969368,54,-
2970051,2970082,65,+
2970223,2970255,50,-
2970909,2970928,66,-
2971793,2971815,48,+
2971906,2971933,68,-
2972509,2972531,61,+
2974192,2974218,55,-
2974821,2974839,50,-
2975025,2975060,107,-
2975440,2975474,59,-
2976229,2976257,54,-
2977139,2977171,49,+
2977142,2977181,50,-
2978849,2978891,50,+
2979039,2979067,68,-
2979325,2979355,51,+
2981195,2981217,61,+
2982203,2982236,48,+
2983993,2984017,87,-
2985782,2985803,64,-
2986295,2986328,50,+
2986630,2986664,59,+
2986695,2986738,52,-
2986757,2986785,66,-
2987920,2987954,60,-
2988251,2988267,70,+
2988469,2988489,49,+
2989241,2989270,52,-
2991407,2991435,70,+
2992300,2992319,65,-
2994332,2994355,60,-
2994987,2995024,54,+
2995632,2995670,51,+
2995712,2995757,53,-
2996883,2996911,55,+
2997319,2997343,69,+
2997338,2997379,53,-
3000874,3000895,63,+
3001471,3001502,80,-
3002688,3002730,57,+
3003569,3003602,60,-
3005227,3005250,48,+
3005968,3006006,62,-
3006072,3006096,86,-
3006366,3006398,65,+
3006484,3006505,48,-
3007260,3007299,50,+
3007608,3007629,63,+
3007736,3007776,50,-
3008016,3008058,48,+
3008520,3008555,65,+
3008946,3008969,59,+
3009343,3009388,49,+
3012058,3012095,58,-
3012515,3012546,62,+
3012836,3012875,73,-
3014249,3014279,57,+
3014744,3014780,48,-
3017199,3017242,53,-
3017996,3018039,54,+
3018623,3018647,59,-
3018874,3018912,57,-
3019015,3019051,56,-
3019363,3019393,51,-
3019412,3019430,49,+
3022129,3022149,47,+
3022530,3022577,48,+
3023171,3023203,54,-
3023246,3023279,48,-
3024444,3024467,61,+
3025233,3025257,71,+
3026553,3026573,48,-
3027314,3027329,53,+
3027462,3027496,92,+
3028148,3028174,56,+
3028199,3028229,79,-
3028324,3028349,47,-
3028528,3028558,65,+
3028710,3028752,54,+
3031050,3031087,69,-
3032180,3032220,58,+
3032651,3032669,51,-
3033019,3033048,68,-
3033081,3033119,59,-
3033653,3033687,76,-
3034200,3034228,83,-
3035437,3035465,68,-
3035499,3035534,59,-
3035577,3035597,47,+
3035828,3035868,50,+
3035955,3035978,50,-
3037825,3037845,48,+
3040884,3040924,50,-
3043569,3043595,56,+
3043629,3043655,56,+
3043827,3043842,53,+
3044801,3044833,60,-
3047040,3047061,49,+
3048477,3048514,55,+
3049853,3049878,57,+
3051158,3051198,49,-
3051308,3051344,57,-
3051858,3051881,60,-
3051886,3051909,60,-
3051914,3051937,60,-
3052891,3052911,47,+
3053071,3053094,60,-
3053136,3053167,49,+
3053445,3053479,58,+
3056520,3056556,52,+
3057260,3057283,69,+
3057345,3057381,53,+
3057382,3057418,58,-
3058119,3058143,59,+
3059406,3059425,51,-
3060580,3060613,64,-
3060667,3060688,49,+
3060945,3060974,54,+
3063210,3063248,61,+
3063535,3063554,47,-
3065098,3065131,47,+
3065479,3065511,49,+
3065537,3065573,54,-
3065952,3065986,60,-
3067028,3067059,50,-
3067368,3067400,59,-
3068065,3068094,52,-
3069267,3069290,48,+
3069319,3069344,56,+
3069930,3069973,50,-
3070003,3070035,58,-
3070191,3070225,51,-
3070705,3070745,57,-
3070782,3070813,62,-
3072214,3072235,49,-
3072357,3072389,59,-
3072454,3072500,52,-
3073279,3073298,49,-
3073693,3073726,80,-
3073882,3073915,55,-
3075205,3075228,63,-
3075711,3075749,53,-
3075833,3075853,47,-
3076249,3076279,51,+
3076319,3076352,50,+
3076636,3076665,52,-
3076756,3076797,53,-
3077445,3077465,64,-
3077973,3077995,48,-
3078698,3078743,90,-
3079025,3079048,49,-
3082842,3082871,60,+
3083924,3083948,48,-
3086082,3086107,47,-
3086384,3086405,63,-
3087679,3087706,55,-
3087784,3087801,50,-
3088114,3088145,50,-
3089177,3089216,59,-
3090532,3090571,66,-
3091928,3091948,49,-
3092159,3092200,50,-
3092646,3092666,48,-
3092705,3092741,58,-
3092848,3092874,56,-
3092930,3092952,48,-
3093248,3093269,51,-
3093281,3093323,50,-
3093420,3093449,52,-
3093536,3093564,63,-
3094949,3094991,50,+
3096348,3096384,51,-
3096665,3096692,72,+
3096739,3096766,55,+
3096839,3096862,91,+
3097545,3097575,77,-
3100000,3100036,58,-
3100560,3100576,52,+
3100726,3100764,55,-
3101373,3101402,52,-
3102270,3102314,52,-
3102547,3102571,59,-
3103069,3103094,57,-
3103567,3103608,53,+
3103671,3103700,68,-
3104377,3104393,70,-
3104464,3104504,50,-
3104679,3104724,93,+
3105232,3105255,49,+
3105312,3105347,55,-
3105480,3105508,61,-
3105707,3105732,56,-
3106767,3106791,59,+
3107819,3107838,49,+
3109148,3109166,49,+
3109259,3109294,48,-
3110062,3110103,53,-
3110745,3110790,62,+
3111377,3111398,48,+
3112059,3112079,49,+
3112237,3112256,66,-
3113546,3113580,67,-
3118233,3118276,52,-
3119493,3119514,53,+
3121100,3121129,52,+
3122905,3122934,51,-
3123909,3123927,49,-
3126138,3126169,48,+
3126952,3126981,66,+
3128150,3128186,59,+
3129992,3130035,50,-
3130271,3130311,57,-
3130327,3130355,68,-
3131243,3131266,48,-
3131795,3131825,67,-
3133488,3133521,64,+
3133632,3133659,69,+
3134592,3134626,50,+
3135772,3135803,67,+
3135990,3136027,59,+
3136014,3136059,48,-
3137757,3137780,60,-
3138257,3138289,47,+
3140590,3140613,48,-
3142115,3142137,49,-
3146320,3146342,61,-
3147301,3147325,59,-
3148775,3148797,61,-
3148997,3149039,52,+
3149076,3149109,50,-
3149386,3149422,58,+
3150648,3150674,64,-
3152119,3152146,66,-
3152188,3152219,62,-
3152781,3152801,51,-
3153343,3153363,47,+
3154256,3154295,58,-
3154826,3154848,61,-
3155386,3155423,53,-
3156185,3156223,50,-
3157028,3157064,73,-
3157621,3157650,63,+
3158686,3158720,64,-
3159827,3159847,48,-
3163648,3163685,59,+
3164281,3164311,60,-
3165926,3165955,62,-
3166312,3166343,59,-
3166583,3166627,53,-
3168059,3168096,88,-
3168264,3168287,87,+
3168777,3168807,68,-
3168931,3168971,57,-
3169496,3169518,61,+
3170924,3170954,62,-
3174153,3174183,59,+
3175717,3175741,48,+
3176014,3176044,62,+
3176045,3176080,55,-
3176318,3176355,61,-
3176417,3176439,61,-
3177326,3177345,47,-
3177660,3177681,51,-
3177714,3177746,49,-
3177966,3177989,49,-
3178775,3178804,62,-
3178861,3178886,57,+
3179647,3179667,64,+
3179711,3179736,57,-
3181139,3181174,59,+
3181178,3181208,68,-
3181297,3181321,48,-
3181753,3181774,52,+
3184129,3184164,47,+
3184551,3184581,52,-
3184655,3184684,52,+
3185036,3185059,48,+
3185169,3185190,48,+
3185450,3185489,53,+
3185621,3185646,67,-
3189780,3189810,68,-
3190532,3190551,47,-
3190889,3190924,47,+
3192646,3192675,68,-
3193803,3193835,49,+
3196099,3196130,60,-
3196154,3196177,64,-
3199048,3199083,54,+
3199791,3199822,48,-
3199871,3199909,90,-
3200197,3200221,48,-
3202292,3202316,48,+
3202954,3202986,62,+
3203060,3203084,59,+
3204833,3204861,54,-
3205438,3205476,58,-
3207464,3207482,67,-
3207976,3207998,48,+
3208980,3209008,80,-
3213123,3213143,49,-
3213766,3213809,55,-
3214003,3214037,60,-
3214743,3214787,49,+
3216013,3216042,52,-
3217502,3217539,59,-
3217654,3217687,58,+
3217706,3217725,47,-
3220319,3220355,59,+
3220456,3220481,57,+
3221667,3221692,56,+
3221873,3221912,51,-
3222668,3222693,57,+
3222821,3222841,64,+
3223171,3223201,82,+
3223335,3223371,64,+
3223452,3223491,51,-
3223694,3223743,47,-
3225244,3225274,59,+
3225546,3225585,69,-
3226437,3226468,55,-
3226737,3226777,55,-
3227345,3227386,57,+
3231626,3231646,64,-
3232787,3232811,48,-
3233306,3233341,56,+
3233706,3233728,51,+
3233903,3233923,49,-
3234023,3234043,64,-
3235254,3235275,81,-
3235654,3235678,59,-
3235688,3235732,48,-
3237709,3237739,60,+
3238528,3238555,55,+
3239026,3239059,56,-
3239284,3239313,65,-
3239686,3239711,47,+
3241803,3241837,51,+
3241831,3241869,55,-
3242120,3242150,62,-
3243043,3243070,55,+
3243918,3243944,56,-
3244664,3244686,51,-
3245061,3245096,62,+
3245259,3245297,58,-
3245608,3245645,51,-
3245727,3245756,80,-
3245840,3245882,94,-
3246764,3246796,49,+
3247090,3247118,54,-
3247140,3247160,54,-
3248213,3248250,54,-
3248508,3248525,50,-
3248881,3248900,51,+
3248955,3248995,70,+
3249259,3249293,55,-
3249569,3249615,52,+
3249941,3249983,50,-
3250727,3250747,49,+
3250874,3250894,64,-
3251215,3251234,66,+
3252026,3252064,74,-
3252580,3252600,47,+
3253589,3253618,52,-
3253846,3253890,53,-
3254292,3254316,59,-
3255787,3255806,49,-
3255818,3255849,67,-
3256733,3256767,56,-
3256848,3256868,47,+
3257370,3257400,63,-
3257578,3257610,62,+
3258307,3258341,58,+
3258800,3258821,63,-
3259629,3259669,87,+
3259747,3259779,80,+
3259814,3259832,67,-
3260364,3260405,55,-
3262208,3262236,54,-
3262605,3262641,54,-
3264051,3264094,50,-
3266737,3266778,51,+
3267199,3267232,47,-
3267395,3267413,49,-
3268426,3268442,52,-
3268717,3268755,74,-
3268822,3268846,86,-
3269526,3269549,89,-
3269669,3269708,57,-
3269728,3269764,47,-
3270017,3270048,65,-
3270324,3270363,71,-
3271046,3271077,50,+
3271247,3271282,56,-
3271293,3271325,78,-
3271556,3271588,57,-
3271598,3271625,68,-
3271629,3271649,64,+
3272727,3272762,57,-
3272808,3272840,49,+
3272827,3272858,65,-
3273846,3273886,54,-
3274168,3274198,101,-
3275154,3275184,51,-
3275506,3275547,69,+
3275676,3275713,76,-
3276892,3276924,58,-
3276948,3276977,82,-
3277179,3277209,51,-
3277399,3277436,54,+
3278814,3278856,68,+
3279161,3279199,59,-
3279811,3279833,70,-
3280042,3280078,55,-
3280535,3280571,57,+
3280619,3280659,58,-
3281226,3281244,49,-
3282026,3282045,47,+
3283561,3283586,68,+
3284580,3284599,47,-
3285729,3285757,54,-
3286161,3286201,57,-
3286680,3286720,52,-
3288622,3288653,60,+
3290916,3290945,55,+
3291145,3291180,64,-
3292382,3292411,52,-
3292470,3292508,58,+
3294507,3294531,59,-
3295182,3295222,50,+
3295293,3295326,52,+
3295721,3295737,53,-
3296582,3296618,54,+
3296877,3296901,71,-
3297665,3297697,56,+
3298229,3298264,56,+
3300093,3300117,67,+
3302326,3302356,51,+
3303191,3303216,75,-
3304081,3304108,57,-
3304187,3304212,60,-
3304324,3304346,61,+
3304854,3304877,61,-
3306905,3306938,64,-
3307077,3307105,67,+
3308589,3308627,54,+
3308685,3308705,51,-
3308958,3309004,48,+
3309767,3309796,52,+
3309931,3309962,54,-
3310020,3310049,52,-
3310259,3310282,50,-
3311492,3311508,52,+
3311850,3311871,52,-
3311878,3311908,77,-
3312017,3312054,56,-
3312909,3312947,61,-
3313053,3313093,58,-
3313188,3313217,52,+
3313809,3313836,86,-
3314119,3314139,64,+
3314146,3314162,70,-
3314312,3314356,49,-
3315694,3315719,47,+
3316100,3316140,54,+
3316310,3316338,54,-
3317177,3317200,50,+
3317596,3317617,48,-
3318113,3318149,61,-
3318645,3318683,57,-
3319201,3319222,63,-
3320966,3321009,53,+
3324022,3324061,55,+
3325807,3325843,61,-
3328353,3328374,63,-
3330017,3330054,47,-
3330252,3330275,60,+
3330712,3330740,63,-
3330959,3330997,59,-
3331505,3331540,59,-
3331753,3331780,68,+
3333314,3333352,55,-
3333801,3333834,74,-
3334376,3334408,63,-
3335121,3335156,59,+
3335195,3335215,49,-
3335315,3335345,63,-
3335762,3335789,68,-
3336357,3336387,59,-
3336390,3336412,61,-
3338023,3338051,69,+
3338184,3338211,83,+
3338556,3338592,48,+
3339450,3339480,54,-
3339635,3339659,63,+
3341011,3341049,73,-
3346142,3346160,49,+
3346250,3346281,65,+
3346401,3346425,48,-
3349004,3349033,52,+
3349126,3349158,65,-
3349789,3349814,68,-
3350028,3350051,60,-
3351955,3351981,57,-
3357318,3357348,67,-
3361085,3361113,67,-
3362418,3362454,76,-
3362531,3362551,52,-
3362641,3362669,88,-
3365056,3365089,91,-
3366021,3366046,72,+
3366170,3366192,49,-
3366997,3367036,50,-
3369239,3369279,53,-
3370803,3370838,76,-
3371216,3371236,47,-
3371834,3371865,63,-
3372119,3372152,62,-
3372219,3372257,71,-
3374839,3374875,61,-
3374965,3374992,55,+
3375419,3375445,66,-
3375450,3375475,47,-
3375657,3375677,47,-
3376293,3376311,49,-
3376387,3376427,59,-
3376900,3376934,48,-
3377716,3377754,51,-
3378800,3378840,54,-
3379184,3379218,65,-
3379340,3379375,55,-
3379430,3379465,59,-
3379751,3379775,72,-
3383507,3383530,60,-
3384362,3384387,57,-
3386075,3386094,47,-
3386438,3386468,51,-
3386804,3386830,56,-
3386978,3387020,50,-
3388401,3388420,47,+
3388811,3388856,52,-
3389644,3389676,62,-
3393219,3393266,50,+
3393372,3393408,62,+
3393448,3393488,53,+
3393680,3393722,69,+
3396292,3396319,55,+
3397329,3397346,52,-
3399141,3399170,52,+
3399395,3399428,48,-
3400800,3400833,62,-
3402394,3402423,52,+
3402599,3402620,49,-
3403001,3403029,58,+
3404326,3404353,63,-
3404860,3404887,55,+
3405420,3405469,48,+
3406623,3406655,49,+
3407664,3407688,69,-
3408016,3408043,65,+
3408318,3408342,59,-
3408934,3408952,50,+
3410664,3410695,52,-
3414469,3414510,52,-
3414658,3414681,60,+
3417346,3417378,49,-
3418218,3418241,63,+
3420750,3420778,65,-
3421389,3421411,48,+
3421684,3421703,66,+
3421776,3421808,70,-
3421986,3422021,50,-
3424972,3425010,57,-
3425405,3425435,67,-
3425741,3425771,66,-
3426473,3426507,58,+
3426866,3426890,59,-
3426961,3426978,69,-
3427064,3427091,68,-
3427268,3427300,62,-
3427555,3427585,51,+
3428095,3428114,47,-
3428138,3428174,48,-
3429486,3429523,59,-
3431622,3431658,47,-
3431874,3431916,52,+
3433750,3433773,60,+
3434206,3434242,58,-
3435111,3435143,59,-
3436140,3436163,60,+
3436201,3436231,64,-
3436703,3436733,51,-
3437550,3437596,92,+
3440175,3440195,47,+
3441917,3441949,48,-
3445417,3445440,69,-
3445754,3445796,69,-
3445951,3445969,50,+
3446586,3446611,69,-
3447208,3447228,47,-
3448977,3449009,83,-
3449408,3449424,70,-
3451220,3451240,64,-
3452120,3452143,48,-
3453172,3453192,47,+
3453446,3453466,49,+
3453965,3453993,68,-
3454206,3454226,48,-
3454821,3454850,68,-
3455134,3455183,47,+
3455713,3455753,54,+
3455771,3455799,54,+
3455823,3455861,75,+
3457223,3457256,48,+
3458783,3458808,47,+
3463704,3463740,71,-
3466223,3466260,59,+
3466691,3466716,57,-
3467829,3467855,58,-
3468046,3468091,133,+
3470707,3470734,60,-
3471047,3471073,58,-
3472211,3472249,50,+
3472458,3472494,73,+
3472524,3472562,57,-
3473856,3473903,48,+
3476751,3476777,56,-
3482163,3482181,49,-
3484040,3484059,66,+
3484189,3484238,58,-
3484783,3484816,48,+
3485139,3485177,55,+
3485320,3485355,64,-
3485451,3485485,74,-
3487194,3487229,56,-
3488140,3488186,52,-
3488982,3489010,99,+
3491640,3491673,56,-
3491692,3491722,85,+
3491733,3491760,53,+
3492339,3492364,47,-
3494022,3494046,48,-
3494953,3494968,53,-
3495075,3495098,60,-
3496357,3496383,57,-
3496560,3496589,70,-
3497744,3497775,67,-
3498384,3498419,59,+
3499943,3499988,52,+
3501400,3501443,78,-
3501512,3501531,66,-
3502375,3502408,64,-
3502606,3502635,80,-
3503382,3503410,111,-
3503424,3503450,56,+
3503730,3503771,57,+
3504111,3504137,69,+
3504856,3504881,47,+
3505912,3505937,57,-
3506762,3506801,58,-
3507088,3507122,60,-
3507326,3507344,50,-
3508303,3508336,74,-
3510886,3510917,50,-
3526282,3526300,49,-
3526353,3526396,52,-
3526544,3526569,60,+
3526880,3526915,76,-
3531090,3531114,48,-
3532853,3532873,47,-
3533034,3533074,58,-
3536036,3536066,51,+
3536441,3536476,59,+
3536871,3536902,50,+
3537011,3537035,59,+
3537945,3537972,55,-
3540385,3540423,61,-
3541280,3541298,49,+
3541414,3541442,54,+
3546515,3546552,58,+
3549536,3549572,47,-
3552347,3552370,60,+
3552558,3552579,63,-
3553094,3553122,54,+
3553208,3553240,60,-
3553547,3553585,74,-
3554750,3554767,69,+
3554832,3554857,67,-
3557475,3557499,59,-
3559270,3559305,88,-
3560276,3560323,48,-
3561293,3561318,57,-
3561690,3561714,48,-
3562670,3562705,60,-
3565853,3565878,57,+
3566151,3566186,52,-
3566639,3566680,55,-
3567461,3567485,59,-
3568157,3568188,71,-
3568882,3568917,47,-
3569995,3570017,51,+
3571862,3571894,65,-
3571964,3571995,50,-
3573545,3573564,47,+
3573999,3574030,64,-
3574099,3574140,52,-
3574698,3574722,48,-
3575238,3575267,52,-
3576438,3576486,48,+
3576655,3576687,78,-
3576739,3576759,47,+
3580526,3580554,54,-
3582163,3582209,50,+
3582298,3582327,52,-
3582378,3582411,47,-
3586001,3586046,50,-
3587353,3587396,50,+
3588757,3588790,56,-
3588983,3589013,63,-
3589156,3589186,60,-
3589452,3589488,48,-
3589574,3589595,51,-
3589705,3589743,54,-
3589915,3589951,59,-
3590356,3590401,50,+
3590582,3590606,71,+
3591880,3591903,48,+
3593115,3593143,54,+
3594125,3594146,63,+
3594824,3594843,47,+
3595144,3595168,59,+
3595476,3595511,59,+
3596949,3596990,51,+
3598745,3598779,65,-
3599196,3599228,49,-
3599324,3599352,69,+
3600198,3600234,55,+
3600652,3600682,51,+
3602002,3602044,52,+
3602414,3602442,54,-
3604013,3604049,54,-
3604901,3604929,54,+
3605503,3605543,55,+
3607546,3607594,48,+
3607846,3607880,78,-
3608150,3608169,49,-
3608424,3608473,88,-
3610059,3610084,57,-
3610328,3610356,71,-
3610721,3610740,47,-
3611025,3611055,68,-
3611111,3611129,49,-
3611234,3611264,51,-
3611722,3611744,48,+
3611865,3611891,56,-
3612189,3612217,66,-
3612520,3612553,70,-
3613254,3613291,53,-
3614462,3614496,65,+
3615647,3615668,49,-
3616096,3616119,89,+
3617516,3617542,68,-
3619415,3619443,54,+
3621297,3621328,55,-
3622091,3622125,48,-
3622132,3622170,54,+
3623058,3623084,56,-
3623216,3623251,57,-
3624300,3624335,76,+
3626066,3626090,67,+
3627085,3627107,51,+
3627214,3627245,60,-
3628339,3628362,48,-
3628690,3628726,48,+
3629187,3629209,49,-
3634975,3635007,58,+
3643424,3643443,49,+
3654740,3654763,49,-
3655424,3655469,47,+
3661780,3661799,49,-
3663135,3663170,100,-
3663847,3663876,52,-
3665160,3665191,50,+
3673363,3673397,61,-
3674314,3674345,62,-
3677843,3677863,47,-
3677912,3677941,52,-
3677974,3678004,54,-
3678228,3678259,54,-
3678428,3678464,61,+
3678661,3678691,51,-
3678760,3678795,58,-
3679568,3679600,65,-
3679999,3680035,59,-
3681273,3681306,48,+
3681814,3681849,55,-
3682375,3682413,54,-
3683197,3683239,47,-
3684787,3684805,67,+
3685417,3685436,49,+
3686224,3686259,64,-
3686639,3686670,82,-
3688073,3688116,54,-
3688307,3688345,88,-
3689601,3689629,54,-
3690201,3690237,78,-
3692415,3692440,57,-
3693013,3693040,55,-
3693105,3693145,57,-
3695002,3695019,52,+
3695507,3695543,56,+
3695931,3695950,47,-
3696423,3696462,57,-
3697098,3697125,55,+
3697481,3697499,50,-
3698371,3698393,48,-
3700683,3700709,72,-
3700952,3700987,57,-
3702993,3703010,52,+
3704056,3704086,55,-
3704658,3704694,62,-
3704751,3704788,64,-
3707411,3707452,51,-
3709016,3709043,58,-
3713390,3713429,55,-
3713500,3713524,59,-
3714769,3714801,50,-
3715651,3715681,83,-
3715808,3715845,62,-
3716731,3716749,50,-
3716870,3716886,52,-
3718436,3718462,56,+
3718670,3718701,50,+
3718919,3718951,47,-
3719003,3719032,52,-
3719578,3719601,49,+
3720529,3720560,62,-
3721233,3721257,59,-
3723016,3723054,100,-
3724149,3724175,66,-
3724892,3724929,47,-
3726766,3726789,49,+
3727767,3727795,67,+
3727936,3727962,57,+
3727989,3728027,53,+
3729368,3729385,50,-
3729401,3729429,57,+
3729492,3729528,47,+
3729896,3729924,53,+
3731403,3731440,59,-
3731781,3731809,54,-
3733460,3733489,80,-
3733660,3733695,60,-
3734120,3734140,49,-
3734706,3734745,53,+
3735185,3735225,58,-
3739282,3739310,80,-
3739313,3739348,54,+
3739439,3739470,80,-
3739895,3739922,65,+
3740997,3741029,52,-
3741337,3741362,57,-
3742357,3742376,51,+
3743231,3743263,49,-
3743856,3743901,48,-
3743952,3743973,72,-
3745557,3745579,51,-
3745932,3745971,55,+
3746288,3746325,56,+
3747937,3747969,47,+
3748913,3748945,60,+
3749239,3749270,60,-
3750026,3750045,49,-
3750441,3750466,86,+
3750563,3750596,78,+
3750636,3750676,55,-
3751549,3751567,49,-
3751967,3752010,49,+
3752150,3752194,54,+
3755259,3755278,65,-
3757851,3757888,59,+
3759948,3759979,62,-
3761428,3761452,48,-
3761624,3761647,60,-
3762955,3762995,70,-
3763730,3763751,49,+
3764161,3764193,62,-
3764986,3765020,76,-
3765873,3765908,61,-
3766140,3766163,60,-
3767301,3767333,49,-
3767798,3767821,50,-
3768088,3768123,78,-
3768157,3768187,51,-
3768255,3768290,54,-
3768630,3768667,75,+
3768771,3768794,60,+
3768967,3768986,49,+
3769556,3769596,70,-
3770008,3770049,53,+
3770295,3770339,54,+
3770637,3770681,53,-
3770733,3770782,48,+
3771315,3771353,55,+
3771979,3772003,70,+
3772190,3772211,48,-
3772443,3772466,49,-
3772778,3772824,50,-
3773464,3773501,62,-
3774818,3774837,47,-
3776629,3776661,49,-
3776676,3776705,58,-
3776990,3777020,71,-
3777599,3777615,70,-
3777974,3778002,66,-
3778301,3778332,60,-
3778361,3778394,62,-
3778535,3778554,47,-
3778836,3778853,50,-
3778940,3778980,54,-
3779024,3779061,55,-
3780097,3780125,54,-
3780450,3780480,51,-
3781613,3781656,50,+
3782505,3782551,89,-
3782774,3782804,51,-
3785041,3785068,55,+
3785300,3785320,47,-
3785353,3785371,49,+
3785460,3785494,63,+
3785579,3785596,50,-
3785620,3785646,56,-
3786291,3786326,76,+
3786982,3787013,50,-
3787347,3787386,54,+
3787994,3788039,47,+
3788269,3788308,61,-
3788345,3788379,62,-
3788391,3788425,64,+
3790290,3790315,56,-
3790365,3790400,62,-
3790647,3790680,51,+
3790992,3791020,67,-
3792126,3792149,48,+
3792892,3792910,67,-
3792905,3792937,49,+
3793178,3793202,48,-
3793262,3793293,54,+
3795016,3795056,57,-
3795879,3795920,51,-
3796318,3796340,48,-
3796394,3796429,62,+
3797016,3797043,64,-
3797957,3797997,87,+
3800531,3800568,56,+
3801200,3801239,54,+
3805096,3805122,64,+
3805636,3805658,61,+
3806071,3806102,60,+
3806546,3806571,57,-
3806745,3806775,70,-
3807138,3807181,67,-
3807153,3807177,48,+
3807216,3807238,89,-
3807664,3807688,59,+
3808787,3808806,66,-
3810513,3810549,88,-
3811507,3811538,78,-
3812371,3812401,52,-
3813972,3814008,61,-
3816039,3816072,48,+
3816949,3816977,54,-
3817879,3817913,59,-
3818464,3818483,52,-
3818918,3818945,65,-
3820231,3820266,58,+
3821074,3821102,60,+
3821564,3821595,65,-
3823030,3823055,47,+
3824986,3825010,48,-
3825020,3825042,61,-
3825446,3825478,49,-
3827452,3827473,51,-
3829389,3829412,60,-
3830028,3830052,59,-
3830775,3830805,68,+
3832378,3832410,47,+
3833151,3833179,63,-
3833273,3833309,48,-
3833358,3833378,64,+
3833545,3833568,60,+
3833864,3833884,49,-
3837824,3837862,59,-
3838562,3838588,68,-
3838592,3838610,50,-
3840986,3841007,49,+
3841046,3841080,62,-
3841423,3841443,51,-
3842160,3842188,63,-
3842369,3842404,61,+
3842538,3842565,55,-
3843233,3843273,57,-
3843409,3843438,63,-
3844037,3844080,48,+
3846333,3846360,55,-
3847302,3847330,55,-
3847410,3847453,50,+
3849088,3849111,48,-
3849959,3849988,54,+
3851053,3851100,48,-
3852700,3852740,49,-
3853551,3853592,70,-
3853808,3853832,48,-
3854248,3854285,53,-
3854455,3854487,49,-
3855111,3855133,61,-
3857326,3857354,66,+
3858252,3858293,57,+
3858331,3858351,49,-
3858501,3858520,49,+
3859184,3859218,59,-
3859220,3859238,52,+
3859259,3859280,51,-
3859828,3859847,51,-
3860769,3860794,57,+
3860854,3860890,58,-
3861174,3861201,64,-
3862325,3862354,65,-
3862471,3862504,57,+
3862530,3862554,67,-
3862563,3862589,63,-
3863322,3863351,52,-
3863569,3863593,48,-
3864536,3864572,62,+
3864587,3864628,85,+
3865839,3865867,65,+
3866915,3866954,53,+
3867069,3867098,68,+
3868086,3868119,62,+
3868173,3868189,53,+
3869424,3869457,57,+
3872520,3872550,51,-
3872658,3872681,72,-
3874711,3874746,55,-
3875109,3875143,60,+
3875360,3875377,52,-
3878069,3878099,51,-
3878817,3878842,57,+
3880653,3880688,75,+
3880695,3880730,58,+
3881035,3881073,57,+
3883398,3883431,63,+
3883586,3883606,64,+
3885270,3885292,49,-
3885365,3885390,75,-
3885572,3885596,48,+
3885670,3885700,51,+
3885862,3885892,57,+
3885944,3885963,66,+
3886076,3886121,53,+
3888724,3888747,50,-
3888955,3888978,50,-
3890427,3890451,58,-
3891594,3891629,48,+
3893138,3893161,49,+
3893713,3893736,50,-
3901177,3901221,62,-
3904302,3904324,61,+
3905125,3905156,50,-
3905798,3905824,68,+
3906112,3906143,60,+
3909497,3909527,79,-
3910498,3910524,56,+
3910683,3910721,55,+
3911992,3912024,62,+
3912170,3912190,47,+
3912461,3912485,59,+
3912994,3913028,56,-
3915178,3915196,50,-
3915714,3915740,61,-
3916611,3916643,103,-
3917326,3917358,52,-
3918300,3918329,57,-
3918926,3918950,59,+
3919223,3919256,59,-
3920177,3920201,91,-
3922797,3922816,47,+
3923151,3923184,62,-
3925132,3925154,61,-
3925174,3925206,63,-
3925259,3925291,80,-
3925305,3925338,63,+
3928363,3928401,55,-
3928510,3928529,49,+
3928868,3928904,48,-
3929702,3929739,53,+
3929814,3929853,53,+
3931720,3931744,59,+
3932880,3932923,47,+
3934899,3934926,55,+
3935411,3935451,55,+
3935512,3935555,48,-
3938964,3938996,80,+
3939036,3939055,51,+
3942469,3942490,63,-
3942655,3942689,59,-
3942713,3942740,58,-
3944101,3944120,66,-
3944269,3944288,47,+
3947483,3947520,58,+
3948301,3948326,71,-
3948766,3948794,54,+
3948939,3948959,49,+
3949441,3949482,54,-
3955699,3955731,49,+
3962608,3962630,61,+
3966344,3966381,53,+
3966457,3966497,70,-
3969944,3969977,55,+
3970113,3970149,61,+
3970590,3970618,65,-
3972031,3972048,50,+
3973052,3973084,52,-
3973462,3973497,56,-
3975927,3975946,66,-
3976078,3976096,49,-
3977177,3977202,47,-
3978101,3978124,48,-
3978157,3978184,55,-
3979114,3979143,68,-
3979160,3979199,99,-
3981679,3981709,51,-
3982467,3982484,69,-
3982847,3982864,50,-
3983246,3983276,60,+
3983312,3983333,63,+
3983346,3983390,50,-
3983572,3983605,67,-
3983906,3983938,49,+
3984528,3984548,51,+
3985297,3985333,48,-
3985813,3985849,55,-
3986552,3986578,71,-
3987221,3987244,69,-
3989146,3989174,65,-
3989176,3989198,51,+
3989413,3989443,66,-
3989626,3989651,57,+
3990102,3990128,56,+
3990334,3990369,58,-
3990714,3990744,66,-
3990830,3990854,48,-
3991746,3991767,63,-
3992731,3992761,59,-
3993453,3993495,54,+
3995947,3995967,48,+
3996699,3996720,48,-
3997133,3997159,55,-
3997483,3997519,59,-
3998015,3998056,53,+
3998847,3998871,48,+
3999169,3999203,56,-
3999656,3999694,54,-
3999860,3999885,57,+
4005617,4005643,66,+
4006065,4006101,58,-
4007350,4007378,81,+
4008139,4008182,52,+
4008599,4008628,52,+
4009007,4009037,51,+
4009509,4009541,58,-
4009812,4009843,50,+
4010171,4010197,56,-
4010433,4010460,55,+
4011503,4011543,51,-
4011855,4011899,50,+
4013464,4013499,48,-
4014060,4014098,55,-
4014323,4014354,76,-
4015577,4015611,58,-
4018051,4018076,47,-
4022604,4022625,48,-
4023297,4023337,71,+
4024733,4024756,60,-
4025084,4025109,57,+
4026275,4026314,54,+
4026332,4026354,49,+
4026593,4026617,48,+
4026788,4026820,49,+
4027441,4027461,48,+
4028474,4028505,54,-
4029806,4029826,54,+
4030304,4030349,64,+
4030481,4030521,97,-
4030542,4030582,54,+
4030851,4030889,55,+
4031016,4031048,50,-
4032401,4032431,66,+
4032528,4032557,65,+
4032954,4032979,69,-
4033973,4034008,54,-
4034105,4034123,49,-
4034296,4034338,51,+
4035498,4035524,56,-
4035668,4035686,50,-
4037931,4037966,61,-
4046538,4046557,49,-
4046931,4046951,48,-
4047334,4047361,53,+
4047770,4047799,52,-
4048043,4048083,50,+
4048168,4048208,54,-
4048298,4048327,52,+
4050180,4050211,64,+
4050298,4050318,82,+
4050513,4050535,48,+
4051164,4051196,63,+
4052817,4052846,55,+
