start,end,score,strand
8463,8502,59,+
9203,9223,51,+
9344,9375,63,+
13288,13315,55,+
14130,14169,54,+
14227,14264,50,-
20627,20658,80,-
24635,24669,61,-
27330,27367,53,+
28080,28104,76,+
29928,29954,56,+
30864,30889,47,+
34635,34668,48,-
35019,35038,47,-
35642,35686,53,+
42443,42483,53,+
43865,43901,61,+
44650,44695,49,+
48075,48108,64,-
48620,48646,70,-
52359,52391,49,-
56914,56932,50,+
57187,57230,54,-
66534,66567,48,+
70265,70301,62,-
70533,70551,49,-
72605,72627,61,-
73435,73454,66,+
74974,75008,48,+
76118,76151,62,+
77730,77759,57,+
80520,80536,52,+
81047,81074,55,+
81969,81991,61,-
87397,87426,52,-
88555,88588,65,+
89136,89159,61,-
90177,90213,70,-
92277,92303,56,+
93084,93116,67,+
93708,93725,52,+
94139,94173,58,-
95620,95641,49,+
95792,95825,56,-
97564,97603,55,+
97969,98008,57,-
101445,101481,59,+
101908,101954,90,+
107057,107090,61,-
107666,107685,49,-
108758,108791,51,+
109151,109186,55,+
109883,109931,47,+
111095,111128,58,-
137844,137870,68,+
142546,142582,58,+
146732,146760,83,-
147381,147419,59,+
147605,147633,61,+
151403,151430,68,+
154591,154617,57,+
155116,155136,48,-
155901,155928,68,+
157185,157217,57,+
158055,158073,50,+
158079,158110,79,+
159291,159317,56,+
161452,161471,51,+
161952,161982,51,+
162427,162447,64,+
163446,163478,60,+
166470,166497,70,+
166553,166599,52,+
166953,166988,62,+
169312,169342,51,-
171313,171345,49,-
173651,173690,69,+
174898,174930,105,+
176117,176154,59,-
177736,177775,54,+
178877,178901,48,-
181266,181286,47,-
186181,186202,48,+
194867,194886,66,+
195669,195701,65,-
197659,197690,52,-
198872,198909,55,+
205394,205413,66,-
208121,208144,49,+
210214,210242,54,+
211032,211049,50,-
213534,213564,51,+
215578,215612,56,+
216358,216391,52,+
217171,217202,76,+
218472,218497,57,-
218531,218568,55,-
219200,219236,64,-
219739,219784,49,-
220282,220305,50,+
220342,220364,51,-
223606,223627,48,-
223799,223817,49,-
229820,229849,52,-
232219,232258,52,+
233115,233137,62,+
234147,234170,48,+
235135,235154,47,+
238325,238349,71,+
238587,238616,65,+
239187,239224,59,-
240901,240933,63,+
241086,241121,54,+
244713,244745,54,+
245242,245267,47,+
248483,248522,49,+
249965,249984,49,+
254514,254547,75,-
255931,255960,54,-
256169,256200,50,-
256292,256322,68,-
256925,256950,57,-
257062,257097,58,-
261993,262013,51,+
265799,265835,64,+
267223,267247,48,+
268674,268711,59,+
269946,269977,62,+
270415,270461,50,+
270614,270658,54,-
271575,271614,55,-
271874,271917,48,+
271936,271956,51,+
273951,273993,53,+
274020,274058,58,-
274117,274157,57,+
274163,274194,68,-
283837,283881,50,+
290462,290505,49,-
292949,292966,52,+
293299,293329,51,-
301087,301121,76,-
302697,302735,59,-
303545,303564,49,-
308715,308749,51,+
311302,311336,50,+
312410,312434,58,+
312655,312692,57,+
315228,315261,47,+
317060,317093,56,-
317508,317533,75,-
317940,317964,48,+
318108,318133,47,+
323692,323722,54,-
330498,330529,107,+
331257,331288,68,-
340806,340833,55,+
342891,342934,50,+
344100,344131,50,+
344551,344584,48,-
345084,345126,67,-
345323,345355,78,+
351218,351237,47,+
358890,358934,67,+
364511,364528,50,+
369303,369328,61,+
370102,370129,55,-
370220,370247,55,+
371539,371572,64,+
372017,372034,50,+
372138,372157,47,+
372194,372232,56,+
373213,373236,60,+
375395,375414,47,+
375728,375759,64,+
378921,378950,58,+
380845,380878,52,+
384369,384408,49,-
385635,385668,55,+
388029,388059,51,+
389522,389549,53,+
390439,390468,52,-
394757,394794,56,-
397494,397517,69,+
397996,398037,53,-
399376,399398,49,-
399836,399860,59,+
399963,399986,50,-
401061,401095,56,-
404388,404407,49,+
404716,404736,64,-
406745,406772,55,+
406919,406938,49,+
407631,407663,49,-
409017,409036,47,+
412381,412406,57,+
413571,413590,66,+
415544,415578,62,+
417488,417507,47,-
419337,419374,73,-
420318,420335,50,-
421395,421418,60,+
421775,421814,54,-
428301,428330,52,+
429982,430012,62,-
431452,431477,57,+
442922,442966,49,+
445835,445859,48,+
458071,458091,48,+
464618,464640,49,+
466330,466373,50,+
466726,466766,54,+
467354,467386,65,+
471974,472003,52,-
480202,480231,63,-
486220,486240,49,-
487426,487462,53,-
487893,487928,60,-
492224,492257,48,-
497141,497179,62,-
497208,497231,48,-
501025,501052,60,-
502772,502811,53,+
504098,504140,55,-
505499,505520,63,-
506659,506693,50,-
508930,508976,48,+
510780,510815,58,-
518937,518967,51,+
519161,519184,48,+
522084,522114,51,+
522801,522824,70,+
524164,524199,76,+
524959,525001,52,+
526076,526112,56,+
527481,527517,56,+
528530,528555,57,+
530597,530624,53,+
531052,531079,55,+
531451,531494,68,+
532298,532315,52,+
537742,537767,75,+
538285,538307,61,+
538623,538648,57,+
538987,539016,55,+
540233,540253,48,+
540553,540575,49,-
540812,540844,49,+
541452,541475,60,-
543256,543301,52,+
545333,545366,56,-
545950,545983,48,+
546460,546484,48,+
547149,547173,59,+
551901,551920,51,+
552775,552801,68,-
556174,556193,47,+
558213,558241,67,-
559366,559407,50,+
559846,559878,49,+
561338,561365,55,-
564221,564246,47,+
564786,564817,93,+
565603,565621,49,+
571410,571430,47,+
571532,571555,50,-
572285,572313,61,+
572831,572876,47,+
575090,575109,51,-
575354,575373,47,+
585972,586001,57,+
588767,588789,61,+
589290,589309,49,+
590514,590533,66,-
593249,593265,52,-
597749,597777,65,+
600498,600531,47,+
602300,602335,61,+
603125,603155,51,+
603497,603527,51,-
603763,603799,58,-
604730,604747,52,+
605939,605984,50,-
609856,609877,48,-
615596,615620,71,+
618197,618233,56,+
618653,618676,60,-
620353,620377,48,+
620493,620519,56,+
620895,620929,59,+
621746,621777,59,+
625339,625379,54,+
627809,627852,49,-
630672,630696,48,+
631315,631332,50,+
641931,641949,49,-
644957,644978,52,+
645246,645264,49,+
645938,645960,49,+
654263,654297,55,+
654685,654713,54,-
656571,656591,48,+
661979,662014,50,-
663191,663225,78,-
663524,663553,61,+
663686,663730,86,+
671652,671678,58,-
673147,673172,47,+
673545,673569,91,-
676434,676469,57,+
676786,676825,58,+
678050,678089,54,+
683928,683969,57,+
688795,688835,53,-
691448,691476,54,+
693897,693930,56,+
705229,705255,69,-
705549,705571,48,+
706912,706954,48,+
710326,710352,56,+
710382,710405,48,+
713947,713985,54,+
714013,714054,51,+
714234,714255,49,+
715730,715761,78,-
715834,715873,54,+
716777,716812,61,-
717006,717032,58,-
718217,718246,65,+
719852,719871,47,+
721827,721863,58,-
723042,723068,56,-
724308,724344,54,+
724397,724431,58,-
726797,726835,54,+
727571,727603,62,-
731119,731141,61,-
731291,731311,47,+
731502,731536,48,-
731662,731687,57,-
732035,732055,49,+
733578,733598,64,-
734577,734593,52,-
737203,737225,61,+
737405,737448,53,-
737499,737539,53,-
740806,740842,57,+
747062,747081,49,-
755208,755243,60,+
755402,755432,51,+
758796,758824,68,+
760907,760947,55,+
762227,762259,57,-
763135,763179,54,+
763535,763555,64,+
769971,770003,49,+
770805,770842,57,+
777405,777452,48,+
777514,777542,68,+
777966,777990,61,+
778725,778771,49,+
785707,785740,47,+
786743,786761,50,+
786982,787006,67,+
788411,788444,61,-
790403,790429,56,+
795059,795093,58,+
797901,797941,58,+
798624,798644,49,+
799359,799394,55,+
803455,803479,48,-
804341,804377,76,+
805317,805335,49,+
806747,806773,56,+
807245,807285,69,+
809561,809580,49,-
810850,810889,55,-
814961,814992,79,+
815584,815607,61,+
817807,817832,57,-
818217,818260,50,+
819007,819026,49,+
819081,819114,48,+
820831,820847,70,+
822469,822506,56,-
822728,822758,59,+
823633,823671,75,+
825105,825134,65,-
826391,826430,57,+
831837,831878,50,-
834012,834036,59,-
844195,844229,106,+
845689,845725,58,+
846568,846603,58,+
849165,849187,61,-
849985,850003,49,-
850119,850144,67,+
852950,852975,57,+
855733,855765,52,-
856475,856518,52,-
858230,858262,50,-
858805,858829,48,-
859085,859119,59,-
860149,860172,49,+
875649,875679,54,-
878214,878246,48,+
880020,880040,48,+
880062,880087,57,-
883183,883210,71,+
884649,884676,55,+
886065,886098,56,+
886195,886227,49,+
886535,886564,85,+
886873,886908,71,+
887415,887446,52,+
888237,888269,49,+
891115,891131,53,-
891386,891409,50,+
893570,893586,53,+
893960,893994,80,+
897511,897540,52,+
899458,899504,50,-
901343,901378,56,-
904390,904425,56,-
908860,908893,52,+
913204,913239,57,-
921730,921759,65,-
922071,922090,51,+
922708,922747,50,+
923881,923900,47,-
925002,925036,62,+
927533,927565,80,+
934417,934447,67,+
935265,935298,52,+
939402,939442,57,-
941703,941732,51,+
941750,941792,55,+
944398,944441,49,-
945054,945076,51,-
945576,945595,47,+
946444,946480,47,+
947039,947067,54,-
947918,947948,54,+
950191,950232,49,+
951044,951064,49,+
952928,952953,63,-
960458,960481,49,-
963565,963592,83,+
965109,965130,62,-
966236,966252,53,+
966478,966506,68,+
970149,970169,47,+
971068,971098,49,+
971374,971397,60,+
977824,977841,52,-
979358,979397,55,+
979724,979754,59,+
980223,980264,50,+
980957,980983,56,+
981097,981119,51,+
981223,981243,47,+
982903,982927,48,-
993864,993890,56,-
995306,995341,57,+
1002048,1002086,54,-
1002102,1002122,48,+
1004173,1004202,66,+
1011901,1011923,62,-
1017058,1017085,72,+
1028340,1028359,47,-
1029380,1029429,47,+
1033260,1033284,59,-
1033597,1033638,53,-
1035170,1035201,79,-
1035647,1035672,63,-
1037987,1038010,63,-
1038180,1038209,61,+
1038277,1038306,54,+
1038470,1038500,51,+
1038607,1038648,53,-
1040416,1040457,57,-
1040813,1040854,54,-
1041071,1041109,53,+
1043024,1043046,61,-
1043535,1043568,47,-
1043631,1043670,59,-
1043894,1043914,52,-
1044562,1044584,48,+
1046723,1046748,66,+
1051854,1051882,54,+
1053628,1053662,65,+
1055935,1055959,48,+
1056015,1056035,51,-
1063787,1063812,57,-
1066162,1066186,48,+
1068350,1068378,54,-
1072483,1072514,55,+
1073235,1073272,58,-
1074245,1074282,61,-
1074339,1074377,73,-
1074922,1074949,55,-
1075402,1075418,52,+
1075702,1075726,48,+
1079603,1079636,50,+
1082549,1082568,49,+
1082692,1082728,58,+
1086485,1086522,75,+
1086703,1086737,60,+
1088858,1088886,61,-
1092285,1092329,91,-
1096441,1096476,47,+
1097531,1097563,49,+
1098298,1098334,59,+
1100112,1100144,63,+
1100806,1100845,49,-
1102357,1102395,54,+
1103070,1103115,49,+
1103595,1103631,62,+
1103659,1103686,71,+
1105338,1105361,60,+
1107547,1107571,61,+
1108141,1108175,50,+
1110106,1110122,70,+
1112335,1112358,60,+
1119268,1119305,57,-
1120966,1121010,93,-
1122228,1122264,57,-
1125855,1125881,86,+
1125932,1125952,51,+
1128421,1128467,50,+
1129195,1129225,59,-
1129888,1129905,52,+
1130817,1130855,57,-
1131234,1131270,76,+
1132282,1132319,75,-
1132762,1132785,60,+
1134258,1134300,50,-
1137723,1137756,58,-
1138666,1138695,69,-
1139460,1139484,58,-
1140309,1140344,61,+
1142497,1142517,47,-
1143191,1143223,57,-
1149506,1149543,51,-
1150339,1150363,48,-
1152308,1152350,52,+
1154105,1154140,60,-
1155713,1155741,71,-
1163043,1163080,57,+
1164011,1164042,50,+
1165208,1165241,62,-
1167415,1167459,50,-
1173612,1173652,58,+
1174521,1174544,89,-
1175050,1175083,61,+
1180986,1181024,54,-
1186238,1186275,58,-
1187474,1187498,86,-
1187520,1187542,61,+
1191586,1191616,51,-
1193598,1193623,75,-
1193990,1194030,53,+
1198702,1198733,50,-
1198842,1198866,48,+
1199047,1199066,47,-
1200913,1200942,52,+
1206479,1206521,55,-
1206697,1206735,54,-
1213631,1213663,59,+
1214321,1214353,52,+
1214507,1214547,53,+
1216614,1216642,54,-
1217468,1217504,59,+
1220018,1220038,64,+
1220114,1220144,83,+
1220270,1220298,54,+
1221266,1221302,56,+
1221815,1221862,47,-
1223691,1223731,53,+
1223761,1223783,48,+
1225841,1225874,48,+
1228733,1228769,55,+
1229577,1229594,50,+
1230675,1230724,47,+
1231539,1231557,85,+
1235662,1235690,67,+
1235881,1235918,47,-
1237325,1237373,48,+
1237915,1237947,76,-
1246328,1246363,58,+
1247964,1247992,69,-
1249006,1249031,47,+
1250672,1250694,61,+
1255695,1255713,50,+
1258493,1258517,58,+
1261525,1261561,58,+
1265040,1265056,52,+
1266168,1266193,57,+
1268200,1268233,59,+
1268986,1269012,56,+
1270380,1270421,54,+
1272290,1272310,48,+
1275998,1276042,53,+
1279534,1279576,57,+
1280453,1280487,58,-
1288910,1288948,54,-
1289686,1289713,58,+
1291152,1291171,47,+
1291372,1291392,92,+
1292877,1292903,56,-
1293801,1293825,59,+
1294786,1294807,48,+
1298480,1298514,47,+
1299298,1299328,67,+
1301402,1301441,57,+
1304323,1304350,55,-
1307404,1307434,51,+
1310479,1310511,52,-
1314898,1314936,50,-
1316761,1316781,47,+
1322746,1322764,49,+
1322903,1322925,79,+
1324588,1324610,61,+
1334508,1334533,56,+
1339698,1339728,49,+
1346358,1346379,48,+
1349745,1349767,48,+
1351405,1351436,50,+
1354532,1354569,61,+
1355452,1355474,61,+
1355958,1355986,54,+
1357683,1357703,64,+
1357749,1357781,49,+
1357863,1357899,65,+
1358167,1358204,57,+
1358406,1358437,48,+
1363020,1363049,65,+
1363108,1363140,62,+
1363277,1363309,60,+
1370674,1370704,49,+
1371907,1371924,50,+
1374536,1374555,66,+
1376627,1376653,55,-
1377289,1377307,49,+
1377412,1377444,50,+
1377836,1377873,59,+
1378040,1378062,51,+
1378661,1378695,58,-
1383549,1383583,58,+
1392429,1392462,47,+
1395334,1395368,65,+
1399142,1399188,49,-
1402703,1402732,57,+
1406594,1406633,54,-
1415499,1415537,55,+
1416940,1416962,48,+
1418323,1418355,48,+
1419439,1419481,55,+
1419748,1419779,50,+
1419877,1419906,52,+
1423845,1423885,53,-
1425084,1425115,51,+
1425367,1425403,48,-
1425490,1425520,52,+
1425556,1425575,49,+
1426089,1426108,47,+
1426905,1426938,56,-
1426992,1427030,54,+
1430698,1430727,54,+
1433251,1433272,51,-
1436198,1436235,96,-
1438537,1438564,55,-
1438778,1438811,62,+
1444099,1444127,54,+
1444307,1444331,48,+
1448318,1448338,48,+
1453715,1453734,66,+
1455287,1455324,55,+
1456902,1456920,49,-
1457454,1457490,48,+
1458502,1458541,61,-
1460889,1460919,57,-
1467124,1467146,48,-
1468861,1468901,59,+
1471918,1471937,66,-
1473036,1473066,51,+
1474929,1474959,68,-
1476090,1476127,56,+
1476432,1476463,50,-
1477252,1477283,55,-
1477355,1477383,58,+
1480621,1480648,55,-
1484629,1484659,66,-
1485626,1485642,52,+
1490279,1490315,58,+
1494473,1494508,47,+
1502089,1502121,60,-
1502208,1502227,47,-
1502371,1502407,47,+
1502518,1502538,64,+
1505170,1505213,55,+
1506413,1506450,56,-
1508722,1508738,52,-
1511731,1511762,55,-
1514582,1514605,48,+
1520477,1520504,83,-
1520709,1520750,52,+
1523041,1523078,61,+
1524759,1524779,64,-
1526016,1526045,63,-
1527327,1527363,54,-
1531447,1531479,65,-
1539740,1539774,65,-
1540474,1540492,67,-
1541703,1541737,59,-
1542286,1542302,52,-
1542546,1542565,47,-
1542766,1542795,80,-
1543707,1543732,70,-
1543793,1543832,58,-
1544940,1544973,48,-
1545006,1545031,68,-
1550949,1550992,54,-
1558117,1558153,47,-
1559354,1559393,68,-
1559728,1559753,61,-
1560581,1560600,52,-
1563508,1563535,66,-
1565245,1565274,52,-
1569244,1569277,51,+
1569484,1569512,54,-
1570288,1570308,47,-
1577959,1577982,48,+
1581359,1581393,50,-
1582833,1582872,68,+
1585542,1585571,68,+
1585653,1585673,51,+
1587657,1587692,58,+
1587914,1587938,67,+
1588016,1588052,64,+
1595148,1595193,53,+
1599205,1599242,61,+
1605359,1605399,73,+
1606056,1606094,55,+
1609300,1609328,54,+
1613954,1613978,59,+
1615137,1615166,52,-
1615662,1615681,47,+
1615972,1615997,47,+
1616962,1616990,66,+
1621341,1621362,48,+
1622444,1622475,50,+
1626033,1626066,95,+
1629455,1629479,71,+
1631086,1631114,110,+
1632059,1632090,49,+
1633125,1633167,53,-
1633854,1633877,49,+
1636302,1636332,49,+
1639291,1639309,49,+
1640543,1640573,54,+
1642125,1642168,52,+
1644322,1644358,54,+
1645620,1645639,47,+
1646503,1646534,54,+
1648402,1648429,55,-
1648813,1648832,49,+
1651220,1651243,60,+
1654106,1654145,52,-
1655729,1655756,55,+
1657729,1657778,104,+
1658016,1658060,89,+
1659208,1659248,58,+
1659569,1659594,57,+
1663408,1663431,50,+
1671581,1671601,47,+
1674751,1674788,47,-
1675699,1675722,50,-
1675750,1675771,63,-
1679414,1679433,49,-
1679868,1679884,52,-
1679949,1679993,80,+
1682643,1682676,58,+
1691400,1691434,60,+
1693597,1693617,48,+
1694113,1694157,53,-
1696730,1696759,52,+
1697395,1697427,60,-
1705738,1705756,50,+
1706173,1706207,51,-
1710066,1710085,66,-
1714619,1714663,53,-
1714727,1714756,52,-
1715298,1715329,50,+
1718864,1718884,48,+
1722459,1722490,57,-
1726849,1726874,60,-
1728061,1728093,65,-
1730070,1730085,72,-
1730647,1730685,73,-
1731633,1731668,76,-
1731819,1731851,59,+
1732121,1732149,52,-
1732627,1732642,72,-
1735479,1735515,57,-
1738311,1738359,48,-
1742639,1742668,52,+
1744126,1744150,59,+
1746956,1746992,56,-
1748220,1748262,54,+
1749769,1749793,48,+
1751812,1751845,64,+
1757286,1757316,68,+
1761534,1761572,53,-
1761591,1761623,52,+
1766472,1766516,52,-
1768083,1768116,64,+
1768337,1768382,53,+
1769993,1770009,70,+
1772424,1772444,49,+
1778223,1778254,59,+
1779242,1779264,61,+
1779943,1779973,66,+
1783505,1783526,63,-
1785055,1785071,70,-
1785436,1785470,56,+
1790851,1790870,47,+
1793165,1793198,64,-
1793657,1793682,57,-
1796793,1796811,49,+
1796814,1796848,47,-
1800295,1800331,65,+
1803899,1803937,55,+
1807882,1807916,62,-
1811337,1811370,52,+
1815254,1815274,51,-
1818270,1818287,50,+
1819168,1819187,47,+
1824037,1824068,63,+
1824399,1824425,56,+
1824651,1824683,49,-
1827063,1827096,63,+
1828560,1828578,67,+
1828651,1828684,59,+
1829035,1829058,60,+
1829214,1829245,54,+
1830481,1830504,60,-
1831216,1831246,62,-
1845245,1845280,58,-
1845328,1845350,61,+
1845485,1845506,48,+
1846694,1846725,50,+
1848262,1848285,50,-
1851005,1851023,52,-
1851691,1851715,48,-
1851808,1851845,55,-
1852869,1852889,47,-
1853388,1853418,62,+
1853656,1853675,47,+
1855542,1855568,69,-
1855583,1855603,48,+
1864356,1864389,64,+
1868010,1868050,57,+
1870075,1870096,63,+
1872277,1872298,48,+
1875941,1875974,63,+
1876007,1876028,52,+
1876119,1876138,49,-
1876941,1876967,64,+
1881820,1881846,56,-
1883481,1883501,49,+
1892344,1892364,48,+
1896094,1896121,57,-
1896737,1896769,49,+
1896878,1896917,55,+
1902570,1902611,50,+
1905368,1905391,50,+
1909347,1909392,48,+
1910002,1910042,86,+
1913191,1913237,49,+
1913856,1913889,62,+
1914730,1914768,53,+
1914913,1914935,61,+
1915983,1916028,77,+
1920928,1920973,52,+
1922337,1922357,49,+
1924307,1924336,96,-
1925015,1925045,49,-
1927222,1927245,60,-
1929273,1929315,54,-
1929316,1929335,49,+
1931592,1931628,47,-
1931682,1931701,66,-
1933619,1933644,71,-
1938883,1938908,57,+
1939184,1939215,54,-
1939314,1939354,53,-
1942465,1942501,64,-
1945086,1945127,53,-
1947045,1947065,47,+
1947813,1947831,50,-
1948669,1948710,52,-
1952713,1952747,51,-
1954300,1954328,60,-
1959338,1959379,53,-
1964295,1964312,50,-
1969694,1969714,49,-
1974413,1974448,54,-
1976975,1977015,54,-
1980569,1980617,49,+
1984042,1984061,51,+
1986058,1986088,51,+
1986394,1986417,50,-
1987357,1987376,66,+
1993149,1993182,48,-
1997474,1997493,49,+
1998199,1998219,49,-
1999934,1999964,51,+
2003810,2003831,49,+
2005835,2005871,48,+
2008662,2008695,68,+
2010240,2010262,48,+
2018205,2018226,63,-
2025527,2025549,64,-
2027086,2027118,54,+
2029216,2029255,55,-
2030343,2030387,50,-
2030803,2030830,65,+
2032871,2032891,49,+
2041810,2041857,50,+
2042591,2042612,48,-
2045748,2045782,59,+
2048609,2048638,52,-
2050742,2050775,61,-
2050919,2050949,83,-
2052590,2052620,49,-
2052650,2052688,53,-
2052959,2052991,57,-
2053718,2053751,68,-
2054001,2054030,82,-
2054098,2054123,47,-
2054232,2054273,50,-
2059604,2059637,64,-
2064434,2064464,82,+
2065112,2065135,89,-
2065585,2065622,56,+
2068667,2068702,58,+
2069061,2069086,61,-
2070187,2070230,50,-
2072561,2072584,50,-
2073079,2073108,85,-
2075215,2075244,52,+
2075251,2075280,52,+
2075287,2075316,52,+
2076385,2076414,52,+
2076510,2076545,61,-
2077667,2077691,48,-
2078650,2078666,52,-
2083397,2083423,71,-
2084603,2084627,59,-
2089591,2089618,55,+
2093036,2093066,51,-
2093098,2093124,56,-
2095348,2095372,48,-
2097702,2097731,55,-
2097859,2097890,65,-
2099699,2099721,61,-
2099952,2099978,56,+
2103121,2103140,49,-
2117333,2117360,55,-
2117773,2117808,50,-
2118817,2118845,66,-
2122320,2122356,58,-
2122925,2122944,49,-
2124947,2124985,49,-
2127554,2127579,57,-
2130990,2131007,52,+
2138778,2138798,47,+
2141794,2141818,48,-
2141852,2141892,54,-
2146356,2146393,59,+
2153495,2153520,47,+
2155159,2155197,58,+
2155822,2155860,100,+
2156276,2156315,59,+
2157228,2157250,48,+
2158571,2158591,52,-
2159384,2159420,59,-
2159477,2159499,48,+
2160608,2160633,71,+
2161689,2161718,57,+
2167990,2168012,61,+
2168136,2168165,51,-
2171093,2171130,51,-
2174203,2174243,57,-
2179625,2179670,50,-
2179794,2179822,54,-
2180256,2180286,68,-
2182916,2182931,53,+
2185700,2185732,49,-
2186635,2186660,57,-
2186919,2186957,59,+
2189434,2189458,59,-
2193508,2193533,60,-
2197157,2197199,53,-
2198744,2198763,49,-
2200372,2200400,54,+
2209693,2209726,55,-
2214329,2214360,51,+
2215565,2215594,52,-
2216539,2216563,48,-
2217312,2217339,55,+
2219112,2219148,62,-
2220940,2220964,59,-
2225331,2225351,47,+
2225449,2225476,66,+
2225497,2225524,66,+
2231929,2231961,59,-
2233860,2233879,66,-
2238800,2238844,64,-
2239031,2239065,50,-
2240842,2240865,49,-
2240958,2240983,57,-
2241117,2241153,62,-
2244039,2244069,85,-
2244786,2244816,51,-
2248334,2248354,47,-
2253387,2253409,62,-
2254076,2254099,49,+
2255089,2255107,50,-
2257846,2257876,66,+
2259884,2259905,64,-
2262861,2262889,55,-
2266786,2266823,58,-
2269416,2269445,52,-
2270536,2270557,49,-
2272661,2272687,66,-
2272692,2272707,72,-
2273735,2273756,51,-
2274966,2274988,48,-
2275567,2275601,62,-
2275826,2275867,58,+
2276113,2276144,51,-
2276872,2276889,50,+
2277201,2277231,51,-
2277676,2277709,62,-
2280994,2281022,54,-
2285042,2285064,49,-
2285128,2285153,47,-
2285246,2285266,64,-
2285312,2285342,51,-
2285998,2286029,49,+
2286047,2286081,58,-
2289163,2289189,56,+
2289763,2289783,47,+
2290416,2290447,50,-
2290978,2290998,51,+
2291513,2291547,58,-
2293476,2293521,49,+
2293809,2293854,47,+
2294629,2294646,50,-
2295779,2295804,57,+
2296413,2296436,60,-
2297187,2297218,64,-
2297270,2297302,48,-
2297885,2297928,49,+
2297973,2298001,55,+
2299462,2299488,56,-
2304824,2304854,65,-
2306065,2306092,53,-
2307211,2307229,49,-
2310548,2310572,72,-
2318895,2318915,47,-
2324345,2324376,48,-
2324426,2324444,51,-
2325721,2325745,48,+
2329804,2329825,49,-
2330995,2331031,48,-
2332378,2332412,62,-
2332671,2332690,49,-
2333281,2333317,62,-
2334709,2334729,47,+
2336546,2336585,55,-
2344741,2344771,63,+
2344787,2344817,52,+
2345056,2345089,58,-
2345318,2345355,58,-
2351277,2351306,65,-
2352975,2352994,49,-
2358387,2358418,55,-
2359046,2359066,49,-
2368143,2368164,48,-
2377721,2377760,54,-
2382024,2382061,60,+
2385366,2385383,50,+
2385475,2385500,57,+
2386589,2386612,49,+
2393457,2393487,96,+
2393688,2393720,49,+
2393838,2393876,96,+
2396407,2396452,49,-
2397191,2397210,47,+
2400431,2400451,64,+
2404831,2404869,53,+
2404884,2404917,50,+
2405219,2405243,48,-
2410326,2410353,55,-
2410394,2410424,51,-
2411185,2411202,50,-
2415716,2415733,50,+
2418382,2418405,59,-
2418792,2418823,79,-
2419625,2419668,55,+
2419817,2419837,47,-
2420194,2420230,56,+
2420566,2420592,68,-
2421785,2421813,54,+
2422328,2422361,62,-
2424730,2424767,57,-
2426729,2426759,68,-
2432768,2432804,58,-
2433456,2433483,55,-
2435293,2435328,73,-
2438964,2438996,63,-
2439987,2440018,66,-
2440208,2440228,47,-
2447275,2447308,52,+
2451877,2451899,48,+
2452371,2452405,94,+
2454584,2454616,50,-
2461479,2461515,59,+
2461683,2461715,48,-
2462637,2462666,64,+
2462752,2462782,51,+
2462942,2462973,50,-
2466251,2466279,54,+
2469887,2469920,65,-
2471257,2471293,58,+
2472505,2472529,59,+
2474792,2474824,80,-
2476594,2476627,58,-
2478634,2478673,52,+
2483337,2483371,47,+
2487472,2487497,86,-
2489041,2489059,49,-
2489857,2489879,61,+
2490180,2490201,49,-
2494015,2494033,49,-
2497180,2497217,59,+
2497924,2497971,62,+
2499204,2499237,63,+
2505377,2505406,52,+
2506546,2506571,47,+
2507889,2507906,69,+
2511028,2511065,75,+
2512705,2512723,49,+
2515587,2515621,51,+
2520040,2520070,51,+
2521661,2521687,56,+
2522660,2522698,55,+
2523343,2523380,57,-
2525302,2525329,85,+
2526063,2526100,61,-
2526934,2526967,58,+
2528016,2528053,57,-
2529099,2529117,49,+
2533791,2533824,61,-
2534543,2534581,59,-
2535495,2535534,54,+
2541573,2541610,57,-
2543083,2543113,60,-
2543190,2543216,56,+
2544110,2544132,61,-
2544717,2544747,62,-
2545011,2545027,52,-
2545701,2545733,49,+
2546086,2546109,59,-
2547142,2547163,63,-
2547536,2547559,60,-
2549322,2549347,47,-
2550368,2550407,55,+
2550726,2550745,47,+
2551198,2551217,49,+
2551362,2551392,67,-
2554556,2554603,92,-
2555325,2555345,47,-
2563592,2563620,52,-
2563958,2563988,63,+
2571571,2571600,52,-
2572557,2572595,57,-
2572843,2572874,60,-
2573286,2573312,56,+
2577658,2577692,62,-
2578902,2578938,48,-
2579178,2579211,48,+
2579961,2579996,60,-
2586506,2586525,66,-
2586949,2586976,55,-
2587220,2587249,68,-
2589292,2589330,52,-
2591532,2591553,63,+
2591626,2591668,54,-
2592191,2592220,52,-
2593352,2593390,90,-
2594305,2594337,49,-
2600319,2600342,60,+
2602796,2602820,48,-
2609317,2609361,50,-
2611768,2611797,67,+
2612778,2612812,50,+
2615217,2615233,52,+
2620345,2620390,50,-
2622439,2622464,57,-
2623261,2623279,51,-
2627895,2627934,59,+
2636315,2636340,57,-
2639439,2639477,54,-
2643156,2643175,49,-
2644167,2644204,58,+
2646252,2646275,50,-
2647902,2647928,55,+
2664587,2664606,49,+
2665477,2665521,47,+
2668007,2668046,68,-
2669045,2669074,52,-
2672482,2672507,47,+
2675299,2675329,51,+
2676246,2676278,47,-
2678367,2678392,47,-
2684314,2684346,64,-
2688362,2688394,49,-
2689213,2689244,62,-
2689769,2689792,60,+
2695519,2695549,65,-
2697051,2697071,47,-
2699058,2699080,61,-
2704533,2704554,64,+
2704779,2704810,67,+
2707297,2707342,48,+
2709559,2709575,52,-
2710617,2710649,59,-
2712133,2712178,49,+
2713030,2713069,51,-
2713147,2713182,58,-
2713265,2713291,66,-
2713293,2713323,51,-
2713656,2713675,47,-
2714649,2714674,57,-
2715024,2715058,59,-
2720999,2721027,63,-
2722901,2722946,50,-
2723472,2723492,47,-
2727126,2727154,66,-
2727480,2727507,57,-
2727701,2727740,51,-
2728346,2728367,63,-
2729992,2730025,60,-
2736804,2736822,50,-
2738922,2738962,55,+
2740235,2740266,60,+
2740605,2740629,48,+
2742123,2742145,61,+
2742704,2742724,64,+
2743361,2743388,55,+
2752887,2752910,48,+
2754035,2754059,59,+
2757923,2757948,57,+
2760980,2761020,53,-
2764982,2765014,60,-
2767712,2767733,48,+
2772858,2772892,65,-
2775123,2775149,55,-
2776196,2776213,69,-
2776409,2776443,59,+
2777601,2777634,62,+
2780383,2780399,53,-
2781898,2781915,52,-
2782838,2782883,47,+
2784860,2784887,55,-
2785958,2786003,52,+
2788453,2788485,50,+
2791058,2791092,51,-
2791451,2791473,61,-
2791796,2791819,60,-
2792438,2792473,62,+
2793214,2793241,55,+
2795749,2795771,51,-
2797247,2797293,48,-
2798330,2798351,63,-
2799517,2799544,57,+
2802129,2802146,69,+
2803166,2803200,59,-
2803725,2803758,64,-
2805689,2805708,47,-
2809634,2809658,48,-
2810503,2810532,52,+
2810680,2810708,54,-
2810919,2810950,79,-
2811694,2811719,84,-
2814655,2814677,63,-
2816162,2816191,65,-
2820151,2820182,62,-
2820710,2820740,59,-
2821346,2821386,58,-
2827582,2827617,58,-
2830432,2830460,54,-
2831365,2831383,50,-
2831400,2831435,56,-
2834108,2834142,50,-
2837002,2837037,65,-
2843545,2843577,48,-
2843985,2844008,72,-
2844321,2844347,83,-
2851253,2851271,50,-
2853869,2853889,47,-
2855563,2855589,72,-
2858116,2858137,49,-
2858810,2858831,48,-
2859083,2859117,48,-
2861104,2861132,54,-
2861558,2861587,52,-
2861774,2861808,64,-
2862261,2862284,48,-
2862499,2862524,60,-
2863767,2863800,80,-
2868633,2868651,51,-
2870156,2870178,61,-
2870586,2870619,65,-
2871044,2871076,49,-
2871339,2871372,60,-
2871805,2871826,63,+
2871883,2871918,59,-
2873701,2873733,56,-
2876114,2876145,52,+
2877851,2877875,59,-
2878724,2878751,55,-
2879283,2879302,49,-
2881084,2881120,61,-
2884755,2884790,56,-
2885659,2885684,47,-
2886691,2886722,79,-
2886789,2886819,68,-
2886863,2886898,58,-
2888706,2888748,57,-
2889044,2889069,47,+
2889642,2889675,48,-
2891987,2892034,49,-
2895857,2895894,53,-
2896448,2896492,50,-
2896735,2896777,50,-
2898881,2898916,50,-
2900204,2900228,48,-
2904103,2904121,49,-
2905910,2905947,57,+
2916695,2916733,59,-
2918069,2918101,51,+
2918848,2918883,59,-
2919021,2919045,48,-
2934057,2934094,58,-
2934791,2934816,75,-
2935118,2935153,61,-
2937778,2937813,50,-
2942429,2942455,56,+
2947434,2947454,48,-
2950272,2950303,63,-
2958635,2958662,53,-
2960963,2960989,56,-
2961122,2961158,58,-
2961241,2961281,58,-
2968528,2968559,65,-
2968917,2968959,55,-
2969763,2969791,54,-
2971838,2971856,49,-
2972386,2972419,60,-
2972460,2972485,66,-
2976197,2976227,61,-
2976235,2976281,89,-
2978076,2978120,50,-
2983086,2983104,49,-
2984185,2984227,49,+
2998199,2998221,72,-
3001477,3001511,50,-
3001586,3001606,64,-
3001954,3001973,47,-
3002525,3002543,50,-
3003408,3003435,55,+
3012332,3012359,55,-
3016217,3016239,61,-
3019423,3019442,66,-
3019755,3019777,61,-
3019979,3020023,53,-
3021478,3021497,49,-
3021680,3021712,48,-
3024210,3024249,55,-
3031417,3031453,75,-
3031558,3031597,57,-
3031901,3031930,52,+
3031940,3031969,52,+
3032428,3032444,52,-
3034832,3034862,54,-
3035554,3035576,48,-
3035628,3035657,65,-
3037372,3037403,50,+
3040734,3040767,61,+
3042846,3042877,65,+
3044156,3044189,62,+
3044474,3044491,50,-
3053183,3053212,65,-
3060666,3060704,55,+
3065336,3065370,74,-
3066177,3066207,83,-
3068493,3068514,51,-
3070972,3071014,55,-
3072097,3072125,58,-
3072144,3072166,51,-
3075025,3075045,64,-
3076163,3076204,54,-
3081368,3081387,47,-
3081928,3081947,47,-
3082896,3082914,50,-
3084553,3084583,51,-
3084677,3084722,47,-
3088458,3088478,64,-
3092981,3092997,52,-
3098943,3098961,49,-
3101930,3101959,55,+
3101992,3102015,60,+
3102444,3102485,53,+
3102798,3102830,59,+
3107826,3107851,69,-
3108314,3108360,52,-
3109228,3109256,54,-
3109702,3109722,48,-
3112071,3112099,60,-
3112352,3112378,56,+
3114631,3114651,47,-
3117557,3117581,59,+
3121756,3121785,83,+
3122981,3123004,60,-
3123054,3123089,62,-
3124458,3124486,85,-
3131402,3131427,57,+
3131437,3131470,51,+
3133263,3133284,51,+
3133486,3133514,53,-
3133724,3133743,47,-
3133981,3134005,48,-
3134132,3134168,65,-
3134843,3134865,51,-
3135593,3135617,48,-
3137303,3137325,51,+
3137513,3137551,59,-
3138474,3138494,47,-
3139028,3139059,64,-
3140227,3140264,59,-
3142638,3142668,51,-
3146849,3146868,49,-
3147654,3147696,54,-
3149585,3149616,50,+
3150959,3150998,61,-
3151435,3151469,61,+
3156171,3156190,47,-
3156449,3156473,59,-
3156691,3156726,56,-
3157138,3157169,68,-
3158549,3158573,104,-
3160974,3161008,62,-
3161763,3161781,49,-
3163591,3163633,53,-
3163784,3163811,55,-
3165728,3165760,63,-
3170318,3170349,77,+
3172069,3172098,52,+
3172393,3172412,47,-
3172457,3172476,52,-
3176215,3176243,54,-
3182584,3182629,48,-
3185202,3185235,51,+
3185229,3185247,49,-
3185378,3185410,56,-
3186328,3186370,54,+
3189459,3189483,48,-
3195041,3195071,52,-
3195357,3195375,49,-
3196926,3196974,48,-
3199018,3199054,55,+
3199843,3199881,62,-
3201406,3201443,56,-
3201808,3201841,58,-
3205923,3205955,52,+
3206056,3206087,63,-
3206170,3206202,49,-
3207988,3208007,49,-
3210388,3210431,52,-
3213037,3213056,52,-
3214277,3214299,61,+
3214809,3214827,50,-
3215068,3215092,61,-
3215676,3215708,65,-
3219487,3219518,60,+
3226978,3226998,47,-
3227985,3228014,52,+
3229140,3229178,59,-
3230891,3230923,48,-
3231293,3231313,47,+
3232541,3232573,49,+
3234815,3234846,95,+
3238583,3238603,51,-
3240836,3240865,52,-
3241661,3241689,55,-
3244340,3244372,52,-
3245260,3245280,51,+
3245451,3245480,57,-
3246117,3246152,57,+
3250308,3250338,51,-
3252745,3252779,58,-
3255122,3255140,49,-
3255770,3255799,65,-
3259077,3259102,61,-
3259323,3259346,50,-
3263950,3263981,50,-
3265191,3265230,53,-
3265408,3265434,67,-
3265873,3265910,56,-
3266712,3266731,47,-
3267006,3267040,59,-
3267433,3267454,49,-
3271364,3271394,108,+
3271533,3271564,60,+
3273455,3273480,47,-
3275606,3275646,55,-
3277378,3277411,52,+
3277508,3277530,48,+
3279815,3279845,65,+
3282804,3282827,49,-
3287175,3287200,47,+
3292225,3292263,61,+
3293777,3293809,62,-
3294716,3294743,72,+
3296349,3296370,48,-
3296752,3296786,55,+
3297118,3297157,55,+
3300725,3300765,59,-
3301561,3301585,48,+
3302240,3302281,57,+
3302666,3302699,62,+
3306937,3306962,47,+
3313392,3313421,63,-
3315617,3315652,54,+
3316506,3316551,48,+
3318074,3318094,49,+
3318271,3318295,48,+
3318884,3318903,66,+
3324479,3324511,47,+
3328093,3328122,52,+
3328232,3328251,66,+
3331872,3331892,48,+
3338383,3338403,49,+
3342307,3342342,47,-
3344249,3344281,49,+
3345610,3345638,54,+
3346691,3346727,73,+
3350651,3350699,48,+
3354343,3354383,54,+
3354641,3354664,63,+
3354921,3354952,67,+
3356165,3356192,86,-
3356365,3356403,54,-
3357160,3357186,56,+
3357381,3357399,49,+
3361390,3361412,51,+
3362094,3362121,55,+
3364231,3364273,53,-
3366684,3366702,50,-
3367480,3367520,55,-
3368805,3368841,58,-
3369539,3369569,62,-
3371048,3371081,50,-
3372641,3372674,56,-
3381498,3381532,74,+
3384173,3384208,59,-
3387975,3388000,67,+
3388414,3388458,53,+
3390737,3390768,49,-
3395009,3395031,49,+
3397853,3397874,49,+
3398283,3398312,52,+
3398595,3398634,57,-
3398789,3398820,52,-
3399158,3399189,51,+
3400350,3400383,62,-
3401960,3402004,53,+
3407364,3407388,48,+
3408957,3408975,50,+
3410531,3410549,49,-
3411850,3411873,49,+
3413627,3413645,49,+
3415602,3415642,50,+
3415844,3415862,49,-
3416811,3416841,65,+
3417016,3417040,48,+
3420228,3420260,62,+
3420523,3420549,83,+
3421634,3421652,49,+
3423904,3423940,54,+
3424107,3424124,50,+
3424541,3424561,49,+
3424767,3424799,62,+
3425859,3425876,50,-
3428541,3428582,85,+
3435913,3435943,65,+
3437194,3437225,50,-
3441910,3441938,60,+
3447347,3447392,48,+
3450702,3450731,52,+
3451429,3451454,47,+
3454542,3454563,81,+
3455446,3455475,52,-
3457836,3457856,49,-
3459437,3459464,55,+
3459796,3459815,47,+
3460980,3461002,48,+
3464376,3464403,64,+
3464748,3464781,92,+
3465783,3465807,59,-
3468518,3468540,61,-
3469961,3469994,70,+
3470375,3470397,61,-
3472712,3472730,50,+
3474212,3474235,60,-
3474609,3474626,50,-
3474851,3474885,58,+
3475756,3475796,55,+
3478655,3478692,58,+
3480473,3480501,54,-
3481166,3481195,65,+
3482472,3482499,85,+
3484933,3484956,49,-
3487807,3487837,85,+
3490649,3490690,55,+
3491262,3491294,65,+
3491376,3491399,49,+
3495477,3495500,60,+
3495903,3495940,56,-
3501863,3501896,47,-
3502399,3502447,47,-
3503720,3503752,52,-
3503778,3503818,57,-
3506590,3506636,49,-
3509367,3509398,49,+
3511831,3511866,48,-
3517312,3517338,56,+
3518090,3518125,60,-
3518575,3518610,59,+
3519056,3519091,58,-
3522971,3523010,58,+
3526249,3526284,60,-
3527231,3527251,47,+
3527494,3527534,52,+
3527572,3527603,66,+
3527718,3527744,68,-
3529304,3529342,57,-
3529648,3529693,49,-
3531680,3531703,60,-
3532516,3532544,52,-
3532708,3532744,56,-
3533592,3533625,64,-
3536909,3536938,52,-
3537519,3537543,48,-
3538253,3538286,56,-
3540465,3540488,48,-
3544382,3544413,64,-
3546992,3547022,66,-
3551694,3551716,49,-
3557415,3557456,55,+
3559074,3559101,57,-
3563819,3563841,61,-
3564327,3564366,71,-
3568758,3568801,49,+
3570184,3570226,57,-
3578611,3578648,58,+
3578946,3578964,50,-
3579358,3579381,60,-
3580505,3580546,53,+
3581589,3581609,49,+
3585956,3585990,59,-
3593473,3593500,71,-
3597466,3597489,49,-
3599628,3599661,48,+
3603436,3603455,47,-
3606636,3606656,49,-
3607064,3607093,51,-
3608241,3608275,51,-
3608380,3608417,70,-
3617982,3617998,70,-
3619105,3619126,53,-
3619654,3619701,47,-
3622306,3622336,68,-
3624726,3624756,70,-
3624916,3624942,60,-
3625028,3625067,52,-
3625403,3625429,72,-
3627429,3627462,65,-
3629906,3629936,65,-
3630741,3630761,47,-
3637433,3637452,47,-
3641033,3641052,47,-
3645943,3645967,67,-
3651593,3651634,54,+
3654496,3654532,58,+
3654838,3654871,58,+
3655417,3655456,57,+
3657891,3657922,61,-
3658440,3658470,70,-
3663365,3663403,61,+
3665606,3665635,52,-
3665760,3665779,47,-
3668963,3668991,63,-
3669772,3669800,54,-
3670152,3670190,56,-
3674217,3674249,49,+
3675141,3675175,58,-
3681436,3681463,66,+
3682754,3682783,57,+
3685989,3686008,49,+
3689788,3689814,83,-
3691296,3691323,57,-
3692975,3693006,49,-
3694271,3694311,58,-
3694414,3694454,83,-
3696297,3696319,70,-
3697967,3697984,50,-
3698597,3698614,52,+
3699258,3699279,63,+
3700291,3700324,60,-
3702900,3702932,62,-
3706434,3706457,48,-
3707725,3707743,50,+
3709005,3709048,54,-
3709320,3709356,58,-
3715355,3715384,52,+
3719360,3719383,50,-
3721181,3721205,61,-
3721396,3721420,60,-
3721990,3722011,63,+
3722370,3722397,55,-
3722929,3722962,67,-
3722984,3723001,50,-
3723732,3723751,66,+
3730032,3730052,48,-
3734665,3734693,71,-
3737687,3737710,61,-
3740393,3740412,49,-
3741095,3741132,56,+
3743921,3743947,66,+
3744565,3744606,50,-
3745722,3745761,54,-
3747830,3747865,62,+
3748608,3748648,51,+
3751149,3751179,66,-
3752183,3752204,63,-
3753316,3753349,59,+
3753535,3753576,53,-
3759185,3759205,48,-
3762040,3762068,63,-
3762852,3762880,55,-
3764817,3764852,58,+
3765356,3765392,61,+
3766694,3766726,59,-
3769559,3769597,57,-
3773047,3773095,48,-
3776809,3776834,47,-
3777125,3777169,47,-
3781167,3781197,51,+
3781314,3781334,48,+
3784836,3784864,61,-
3792983,3793019,76,-
3793248,3793279,62,-
3793935,3793966,64,-
3802355,3802400,53,+
3803493,3803526,52,+
3809005,3809026,49,-
3809381,3809405,59,-
3809876,3809919,53,-
3810494,3810518,48,+
3812867,3812902,58,-
3817468,3817490,51,+
3818645,3818676,50,-
3821800,3821825,47,-
3821950,3821976,56,-
3822847,3822873,67,-
3828627,3828665,74,-
3834893,3834931,58,-
3838551,3838581,51,-
3840511,3840528,50,+
3846895,3846921,56,+
3846971,3847015,52,+
3850810,3850848,74,-
3852467,3852494,57,+
3867320,3867341,48,-
3867552,3867572,48,-
3868184,3868209,57,-
3869365,3869389,48,-
3870217,3870250,59,-
3871731,3871758,64,+
3873884,3873905,49,-
3880371,3880408,61,-
3883017,3883052,61,-
3887636,3887680,50,-
3893158,3893188,68,-
3895048,3895081,91,-
3902696,3902714,49,+
3904773,3904806,61,-
3907579,3907620,53,+
3907883,3907899,52,-
3909872,3909896,59,-
3911658,3911688,68,-
3914069,3914108,55,-
3914304,3914321,50,-
3917399,3917418,47,+
3922910,3922939,54,+
3927839,3927863,59,-
3928012,3928041,51,-
3930693,3930718,57,+
3930756,3930795,54,-
3934545,3934579,51,+
3939715,3939740,57,+
3941124,3941149,72,+
3941352,3941395,50,+
3946311,3946331,51,+
3949458,3949492,50,+
3951639,3951662,60,+
3951989,3952018,52,+
3952690,3952716,56,+
3953670,3953694,104,-
3954735,3954767,49,+
3969042,3969066,104,-
3971664,3971696,75,-
