start,end,score,strand
6288,6319,50,-
20815,20854,54,+
26070,26093,60,+
45140,45160,47,+
48528,48548,49,-
55817,55841,59,-
64629,64666,56,-
64978,64995,52,-
69162,69200,54,-
79383,79400,69,+
80303,80324,49,-
85871,85904,64,+
101758,101776,49,+
135878,135897,47,-
151850,151871,63,-
197347,197374,86,-
204620,204658,58,+
230949,230983,48,+
232836,232866,60,-
253601,253628,58,+
271595,271634,51,+
277291,277313,61,-
281428,281465,64,-
287631,287658,55,-
289952,289984,62,+
294368,294399,65,+
298908,298933,47,+
299197,299233,56,+
318192,318214,48,+
320536,320565,51,-
322307,322349,52,+
345927,345951,48,-
356272,356307,55,+
359533,359554,49,+
371701,371727,58,-
377509,377529,48,-
382414,382447,48,+
390791,390809,51,+
396372,396392,48,-
416599,416642,48,+
425237,425257,47,+
497822,497853,57,+
501291,501314,50,+
513996,514025,52,+
519967,519990,59,+
545392,545422,66,+
551808,551845,53,+
591681,591713,78,+
602612,602642,68,+
604806,604830,48,-
607526,607552,66,+
633415,633440,88,+
639365,639386,63,+
682437,682456,51,+
689667,689692,47,+
727957,727986,55,+
737834,737867,48,+
741688,741707,47,+
755814,755851,59,+
763377,763415,55,+
774902,774928,55,+
783711,783729,50,-
788136,788161,63,+
908638,908661,48,+
923904,923928,59,+
934035,934059,48,+
939391,939415,59,+
943433,943454,48,+
949578,949616,54,-
974283,974326,50,+
976934,976973,51,+
987822,987845,60,+
991731,991764,50,+
1032244,1032269,57,-
1041164,1041181,50,+
1042036,1042077,57,+
1043389,1043422,59,-
1057224,1057265,53,+
1063115,1063148,62,-
1068683,1068709,56,-
1088519,1088545,56,+
1099826,1099857,48,+
1106784,1106816,49,+
1109228,1109272,48,+
1125282,1125307,47,-
1132501,1132523,49,+
1141108,1141129,51,+
1146870,1146895,57,+
1158975,1159006,54,+
1166814,1166838,59,+
1178200,1178221,49,+
1186033,1186057,64,+
1191994,1192014,48,-
1217960,1217998,54,+
1264771,1264805,47,-
1270122,1270140,49,+
1279029,1279056,63,+
1290607,1290627,64,-
1290686,1290727,70,-
1312448,1312488,57,+
1313074,1313106,76,+
1325339,1325355,52,+
1331133,1331170,51,+
1344480,1344515,59,+
1386571,1386604,48,+
1404762,1404796,48,+
1409715,1409747,61,+
1453592,1453615,78,+
1528410,1528447,54,+
1529097,1529134,55,-
1531648,1531687,55,+
1560776,1560798,49,-
1577889,1577922,74,+
1582148,1582181,76,+
1608945,1608974,54,+
1612221,1612255,57,+
1615170,1615189,47,-
1624437,1624464,53,+
1627398,1627437,50,-
1649910,1649934,76,+
1713129,1713160,52,+
1746142,1746178,48,+
1755836,1755866,55,+
1771455,1771490,55,-
1774998,1775035,57,+
1827667,1827705,55,+
1835539,1835572,60,+
1847896,1847916,48,+
1848561,1848601,48,+
1867928,1867953,57,-
1872558,1872575,52,+
1880346,1880374,57,+
1928920,1928950,77,+
1932926,1932953,58,+
1963313,1963345,67,+
1974127,1974169,48,+
1978708,1978728,54,+
1987122,1987144,49,+
1987774,1987800,56,-
1998994,1999034,54,+
1999636,1999670,59,+
2009158,2009184,55,+
2015979,2016007,54,-
2017455,2017488,60,-
2027668,2027709,53,+
2031451,2031490,73,-
2049004,2049042,57,+
2055947,2055968,62,+
2060674,2060697,60,+
2062357,2062377,47,-
2063748,2063772,48,+
2072073,2072104,48,-
2074578,2074601,50,-
2098132,2098155,49,-
2133740,2133761,49,-
2149033,2149064,59,+
2150734,2150765,59,+
2182351,2182374,49,+
2191759,2191795,58,+
2195765,2195790,57,+
2232352,2232377,57,+
2244150,2244197,50,+
2261569,2261603,74,+
2269321,2269367,48,+
2309364,2309395,51,+
2334825,2334849,48,+
2341847,2341868,49,+
2361426,2361456,51,+
2363051,2363073,61,+
2364472,2364499,55,-
2385001,2385026,56,+
2395719,2395739,49,+
2396191,2396224,58,+
2410122,2410166,49,+
2413711,2413741,51,-
2417308,2417332,48,+
2422512,2422539,69,+
2431051,2431073,62,+
2432601,2432639,55,-
2438153,2438188,62,+
2448767,2448786,49,+
2455926,2455951,57,+
2460135,2460163,54,+
2473580,2473601,53,+
2494465,2494487,63,+
2501744,2501762,49,+
2515728,2515753,67,+
2520452,2520492,58,+
2564817,2564846,52,+
2566531,2566564,48,-
2584945,2584985,54,+
2585790,2585824,63,+
2588663,2588682,66,+
2595778,2595806,54,-
2597277,2597308,50,+
2610119,2610154,64,+
2617041,2617060,66,-
2664688,2664724,58,+
2667018,2667061,55,+
2667133,2667152,47,-
2672288,2672312,48,+
2714916,2714940,59,+
2718201,2718220,47,+
2720455,2720491,56,-
2731615,2731647,59,-
2752865,2752913,47,-
2775557,2775594,55,+
2779063,2779081,49,+
2811519,2811542,49,-
2822841,2822872,50,+
2844439,2844485,49,-
2853498,2853519,63,-
2868209,2868247,58,-
2870909,2870955,48,-
2892385,2892427,52,-
2905160,2905180,48,+
2920631,2920661,65,+
2937288,2937305,50,-
2944877,2944910,50,-
2955982,2956015,58,+
2957663,2957691,54,-
2961999,2962028,60,-
3034173,3034198,47,-
3052858,3052891,47,-
3060804,3060845,51,-
3064281,3064313,59,-
3072036,3072084,49,-
3076501,3076524,60,-
3095376,3095406,51,+
3102835,3102851,52,-
3117496,3117524,54,-
3132530,3132555,47,-
3151279,3151299,49,-
3185039,3185071,67,-
3186831,3186859,57,-
3191624,3191643,49,-
3198390,3198425,62,-
3203132,3203156,48,-
3215547,3215569,48,-
3223946,3223968,48,+
3227275,3227300,57,-
3234024,3234042,49,-
3245651,3245669,49,-
3247321,3247353,48,-
3258341,3258367,56,-
3268653,3268683,62,+
3290403,3290433,51,+
3319292,3319311,47,-
3323943,3323979,48,+
3345073,3345112,54,-
3349660,3349700,52,-
3354475,3354503,61,-
3357197,3357228,49,-
3358129,3358152,60,-
3363234,3363253,51,-
3383870,3383890,64,-
3385448,3385476,54,-
3388830,3388850,47,+
3399565,3399585,48,-
3402357,3402372,72,-
3409584,3409631,48,-
3417960,3417977,52,-
3418973,3419011,58,-
3422553,3422590,61,+
3430604,3430628,48,-
3441762,3441782,54,-
3455812,3455841,52,-
3502904,3502923,49,-
3513249,3513284,62,+
3520822,3520843,53,-
3522240,3522280,57,-
3525434,3525453,47,-
3588433,3588458,57,-
3600246,3600287,49,-
3609327,3609357,55,+
3630531,3630562,57,-
3639562,3639595,48,-
3643150,3643186,65,-
3646387,3646404,52,+
3649855,3649890,71,+
3656793,3656812,49,-
3667951,3667970,47,-
3675515,3675554,53,-
3686172,3686192,51,-
3694427,3694450,50,-
3711777,3711797,49,-
3719240,3719277,57,+
3757962,3757996,64,-
3771270,3771287,50,+
3803059,3803093,62,+
3808213,3808233,54,-
3870000,3870028,54,+
3870570,3870608,55,-
3877554,3877584,68,-
3881847,3881873,56,-
3887071,3887090,47,+
3889359,3889389,68,-
3908192,3908223,59,-
3908228,3908246,49,+
3915556,3915586,68,+
3921057,3921073,52,+
3921357,3921378,51,+
3930512,3930542,62,-
3932248,3932266,50,+
3935586,3935605,47,-
3936941,3936969,54,+
3939778,3939817,55,+
3961856,3961875,49,-
3965898,3965928,62,-
3980162,3980186,71,-
3980915,3980934,52,-
3996740,3996781,53,-
4045411,4045453,52,+
4076675,4076711,58,-
4081750,4081787,56,-
4083770,4083810,49,+
4095207,4095239,49,-
4102280,4102318,56,-
4118078,4118109,54,+
4149906,4149939,56,-
4158379,4158404,57,+
4168366,4168390,59,-
4179982,4180006,48,-
4192954,4192971,52,-
4196507,4196545,59,-
4201744,4201771,71,-
4214712,4214739,55,+
4219334,4219358,59,-
4227566,4227600,60,-
4240581,4240611,51,-
4283268,4283286,50,-
4285190,4285208,49,-
4290202,4290219,69,+
4325448,4325485,55,-
4326761,4326791,68,-
4327565,4327592,58,-
4352779,4352816,53,+
4382434,4382473,61,+
4396319,4396344,57,-
4406633,4406657,48,-
4410380,4410420,53,-
4412503,4412542,54,-
4413765,4413783,50,-
4426879,4426908,52,-
4442842,4442873,78,-
4443910,4443930,47,-
4454830,4454858,54,-
4461308,4461350,50,+
4477809,4477827,49,-
4483712,4483745,62,-
4495857,4495890,50,-
4505488,4505528,57,-
4509288,4509317,52,-
4516355,4516379,48,-
4531950,4531990,52,-
4536185,4536211,55,-
4538319,4538338,49,+
4548886,4548923,61,-
4557310,4557345,60,-
4558618,4558638,47,-
4559258,4559277,51,-
4572571,4572596,57,-
4582729,4582770,50,+
4589440,4589465,47,-
4590744,4590769,47,-
4593101,4593138,100,-
4637862,4637881,47,-
4654477,4654501,48,-
4667169,4667203,50,+
4670271,4670296,57,-
4683871,4683913,48,-
4696648,4696672,48,-
4729405,4729424,47,-
4755656,4755698,51,-
4775524,4775551,55,+
4780873,4780899,56,-
4785906,4785925,47,+
4806248,4806267,47,+
4814149,4814176,55,-
4840564,4840592,68,-
4847736,4847780,48,-
4849989,4850035,50,-
4872018,4872038,47,-
4901000,4901026,56,+
4904444,4904471,55,-
4904545,4904568,60,+
4936615,4936641,56,-
4941958,4941996,53,-
4949736,4949772,54,-
4956836,4956860,48,+
4958851,4958884,50,-
4971517,4971548,59,-
4991139,4991176,58,+
5012139,5012168,52,-
5016449,5016484,50,+
5045801,5045823,48,-
5048246,5048265,47,+
5049567,5049609,53,-
5063479,5063497,49,+
5065775,5065798,60,-
5076389,5076409,47,-
5092399,5092417,50,-
5098658,5098694,59,+
5114114,5114149,59,-
5154393,5154428,59,-
5160697,5160715,49,-
5169689,5169708,49,-
5170353,5170371,51,-
5182714,5182744,51,+
5202097,5202114,52,-
5202259,5202282,63,-
5215668,5215706,58,-
5219684,5219713,52,-
5222755,5222772,52,-
5224760,5224792,66,-
5238692,5238718,68,+
5239114,5239133,49,-
5266020,5266040,51,-
5288478,5288495,69,-
5292471,5292494,48,-
5301739,5301775,58,-
5302802,5302819,50,-
5322757,5322797,55,+
5333248,5333285,75,-
5351201,5351226,57,+
5375104,5375146,53,-
5383245,5383266,63,-
5403592,5403624,75,+
5409114,5409155,50,+
5413005,5413022,50,-
