start,end,score,strand
8689,8715,56,+
109675,109698,48,+
144037,144056,49,+
164154,164190,54,+
181804,181827,63,+
181960,181985,57,+
204597,204630,59,+
251878,251914,58,+
263865,263899,60,-
287794,287819,47,+
310673,310692,49,+
316166,316191,57,+
339787,339809,48,+
347587,347621,56,+
348334,348374,51,+
352693,352723,80,+
353965,353988,48,-
391028,391069,49,+
407313,407350,75,+
431634,431652,52,-
442731,442753,51,+
447030,447060,49,-
447333,447353,48,-
477812,477834,51,+
482636,482673,56,+
493149,493175,56,+
497573,497598,57,+
511921,511954,59,+
528250,528280,68,+
529179,529208,63,-
549461,549480,66,-
560537,560566,58,+
571214,571233,47,-
584569,584592,60,+
589315,589343,54,+
589414,589452,57,+
591453,591489,61,-
594484,594517,79,+
595317,595334,52,-
607427,607457,51,+
610509,610550,55,+
649908,649933,47,-
658473,658497,48,+
669580,669599,47,+
680019,680042,48,+
687652,687681,51,+
706171,706203,48,+
717125,717148,49,+
752449,752469,47,+
753742,753777,60,+
758894,758913,47,+
768592,768627,50,+
799037,799078,55,+
804293,804315,51,+
812011,812045,50,+
820834,820861,55,+
832106,832126,48,+
844317,844359,50,-
851920,851963,67,-
875061,875104,48,+
884220,884241,48,+
890718,890736,50,+
891963,892002,54,+
894085,894125,57,+
914017,914038,48,-
915504,915535,63,+
931010,931042,59,+
934182,934208,56,+
973744,973773,68,+
983880,983920,71,-
986986,987014,63,+
1003521,1003557,48,+
1010574,1010595,48,+
1034115,1034143,68,-
1034360,1034386,56,-
1052741,1052765,48,+
1064259,1064283,48,+
1070780,1070798,50,+
1074365,1074390,57,+
1139137,1139177,52,-
1139691,1139716,47,+
1146128,1146150,61,+
1146374,1146409,47,-
1148897,1148920,60,+
1151899,1151932,48,+
1175441,1175489,49,+
1183752,1183789,51,+
1228023,1228062,53,+
1263184,1263216,60,+
1264571,1264601,51,+
1270304,1270343,54,-
1290032,1290064,58,-
1292090,1292127,86,+
1313746,1313776,68,+
1316052,1316071,47,-
1322579,1322598,47,+
1326176,1326208,62,+
1329374,1329394,48,+
1332153,1332178,47,+
1332754,1332773,66,+
1333250,1333292,50,+
1343783,1343807,59,+
1350628,1350655,83,+
1352083,1352110,55,+
1407598,1407639,55,+
1414771,1414800,52,+
1457080,1457099,47,+
1474068,1474096,54,+
1494292,1494322,65,+
1509716,1509739,48,+
1518024,1518044,47,+
1519202,1519237,59,+
1527709,1527734,47,+
1528543,1528576,48,+
1530075,1530113,55,+
1548166,1548184,51,+
1559668,1559689,62,+
1565184,1565217,48,+
1582739,1582761,49,+
1619263,1619292,68,+
1639852,1639884,54,+
1707839,1707868,52,+
1761420,1761453,50,+
1764030,1764065,58,+
1764531,1764570,53,+
1771540,1771562,48,+
1779035,1779054,47,+
1779988,1780031,54,-
1788848,1788873,57,+
1826532,1826561,52,-
1828558,1828580,49,-
1834494,1834510,52,+
1848252,1848287,59,+
1848631,1848666,56,+
1851083,1851107,59,+
1912673,1912695,48,+
1912793,1912829,61,+
1921622,1921640,51,+
1931781,1931798,52,+
1935121,1935157,54,+
1944162,1944209,50,+
1948228,1948269,55,-
1948640,1948667,66,+
1950862,1950893,48,+
1950960,1950979,47,+
1966011,1966037,56,-
2004915,2004948,55,+
2020367,2020394,66,+
2043554,2043585,55,+
2087455,2087485,63,+
2091006,2091031,57,-
2092718,2092753,78,+
2120176,2120204,63,+
2123593,2123615,51,+
2158200,2158224,48,+
2179847,2179884,58,-
2200023,2200047,48,+
2264210,2264230,48,-
2275565,2275584,49,+
2283337,2283369,52,+
2296585,2296611,56,-
2298765,2298801,54,+
2318380,2318403,70,+
2323356,2323375,49,+
2340191,2340213,49,+
2343215,2343250,54,+
2384648,2384668,47,+
2386764,2386801,55,+
2387049,2387084,59,+
2397105,2397131,56,+
2403335,2403367,59,+
2406671,2406690,47,+
2414011,2414047,57,-
2426045,2426070,57,-
2432997,2433025,54,+
2435345,2435379,47,-
2437330,2437371,50,-
2447257,2447285,54,-
2452961,2453005,49,-
2466387,2466421,48,-
2469953,2469989,58,-
2519165,2519210,65,-
2520862,2520886,59,-
2522494,2522514,64,-
2526127,2526167,54,-
2529542,2529580,55,-
2549749,2549767,49,+
2551078,2551108,54,-
2556250,2556281,63,-
2558689,2558730,57,-
2596972,2596995,89,-
2598953,2598987,59,-
2621618,2621662,52,-
2674437,2674472,62,-
2680637,2680678,69,+
2688740,2688767,57,-
2695671,2695694,60,+
2717464,2717503,53,-
2720229,2720250,51,+
2722031,2722072,53,-
2739453,2739483,51,+
2741122,2741161,59,-
2742704,2742735,50,-
2756861,2756890,52,+
2774556,2774594,52,-
2774713,2774732,47,+
2784958,2784985,70,-
2787210,2787252,69,-
2825200,2825219,49,-
2866004,2866035,63,-
2870139,2870177,53,-
2909147,2909169,48,-
2912886,2912922,55,-
2931695,2931728,63,-
2988937,2988978,57,-
2994385,2994417,63,-
3010665,3010682,52,-
3017272,3017303,51,-
3017942,3017965,60,-
3031429,3031468,50,-
3034097,3034129,62,-
3035302,3035320,49,-
3041326,3041346,47,-
3043873,3043905,60,-
3048382,3048415,56,-
3052528,3052546,49,-
3088202,3088220,49,-
3107795,3107819,59,-
3134309,3134333,48,-
3138767,3138797,68,+
3144546,3144566,48,-
3146425,3146444,49,-
3153086,3153121,52,+
3154082,3154114,50,-
3161081,3161114,60,-
3164979,3165012,81,-
3171777,3171798,48,-
3178828,3178859,50,-
3190826,3190847,48,-
3195186,3195217,52,-
3217347,3217366,49,+
3229214,3229231,50,-
3238410,3238430,48,-
3242192,3242211,49,-
3243050,3243086,54,-
3243831,3243872,53,+
3265008,3265046,50,-
3268578,3268597,47,-
3292526,3292550,48,-
3300495,3300526,52,-
3317284,3317318,62,-
3320517,3320535,50,-
3361292,3361321,52,-
3364626,3364651,58,-
3370384,3370402,50,-
3371029,3371051,48,-
3376033,3376059,56,-
3387636,3387677,55,-
3399765,3399798,60,-
3425163,3425181,50,-
3425350,3425370,49,-
3446085,3446115,52,-
3478719,3478765,52,+
3531500,3531516,52,-
3535073,3535095,49,-
3633747,3633779,48,+
3648507,3648527,47,-
3651547,3651574,55,+
3687151,3687174,72,-
3699896,3699939,49,-
3710041,3710069,54,-
3714477,3714494,50,-
3735466,3735499,48,-
3738507,3738525,49,+
3740379,3740399,54,-
3742677,3742709,64,-
3755840,3755866,56,-
3762601,3762617,70,+
3770831,3770853,51,-
3783712,3783739,61,+
3809094,3809115,51,-
3813270,3813292,51,-
3816798,3816818,47,+
3828901,3828927,56,+
3841768,3841788,47,+
3856309,3856325,52,-
3862369,3862389,49,+
3863480,3863497,69,-
3864448,3864467,47,-
3868710,3868742,49,+
3882203,3882222,47,-
3899960,3899992,67,-
3924811,3924859,48,-
3937616,3937647,68,-
3982185,3982219,56,-
3993004,3993021,50,-
4004237,4004272,60,+
4007780,4007798,49,-
4104723,4104745,61,-
4130989,4131012,60,-
4145796,4145825,55,-
4216788,4216816,52,+
4233594,4233611,69,-
4255480,4255513,64,-
4260541,4260561,47,+
4265368,4265396,54,-
4280754,4280780,66,-
4282051,4282083,65,-
4284908,4284938,68,-
4285393,4285409,52,-
4306659,4306702,54,+
4327514,4327531,52,-
4331886,4331918,65,-
4334637,4334674,59,+
4334687,4334718,80,+
4341626,4341649,49,-
4376007,4376042,61,-
4399058,4399078,64,-
4425073,4425089,52,-
4486281,4486318,56,-
4509546,4509572,58,-
4521575,4521606,50,-
4529481,4529507,58,+
4581531,4581577,50,-
4581946,4581985,57,-
4589282,4589305,48,-
4593834,4593866,62,-
4599742,4599775,58,-
4608312,4608354,52,-
4618462,4618503,51,-
4655960,4655987,55,+
4660021,4660059,55,-
4704124,4704146,61,-
4712368,4712390,61,+
4722805,4722827,72,-
4727904,4727926,70,+
4764034,4764057,60,-
4766482,4766508,56,+
4779530,4779560,52,-
4792188,4792205,52,+
4796827,4796848,48,-
4801161,4801189,52,+
4812705,4812725,49,+
4827344,4827389,49,-
4838582,4838602,47,-
4846711,4846753,50,+
4848787,4848807,47,+
4848896,4848912,52,+
4871821,4871853,57,+
4873013,4873052,54,-
4890568,4890600,75,-
