start,end,score,strand
3370,3402,67,-
4724,4753,60,-
5624,5643,47,-
7778,7799,63,+
8396,8414,50,+
14008,14040,49,+
16281,16304,60,+
16509,16531,72,-
19287,19311,48,+
21820,21840,47,-
22107,22134,58,+
22829,22856,86,-
24998,25015,69,-
31788,31830,49,-
33623,33652,65,-
34125,34144,47,-
34191,34209,52,-
34283,34300,69,-
34785,34809,48,-
35015,35050,59,-
41790,41819,83,-
44369,44398,52,-
47287,47318,59,-
52557,52579,61,+
58362,58406,52,+
60393,60417,48,+
62805,62847,57,-
66726,66765,59,+
72366,72388,61,+
72780,72812,49,+
73939,73959,64,+
74490,74527,53,+
76131,76158,69,+
76334,76363,52,-
77552,77592,59,-
86888,86907,47,+
92369,92388,49,-
92442,92465,61,+
92580,92598,67,+
92605,92637,51,+
93035,93063,65,+
93118,93161,68,+
93641,93682,54,+
98165,98207,50,+
98820,98842,51,+
98847,98886,73,+
99365,99384,66,+
99647,99681,58,+
100156,100189,65,+
100565,100595,51,+
100611,100632,72,-
101156,101175,49,+
103237,103260,49,+
104268,104307,51,+
105946,105961,53,+
106681,106723,53,+
107747,107793,49,+
114823,114855,78,-
116782,116801,47,+
116867,116900,59,+
118172,118214,53,-
124538,124575,56,-
125341,125383,49,+
129242,129257,72,+
131761,131784,48,+
136437,136455,67,-
140466,140505,57,-
143779,143809,55,+
143830,143849,47,+
146324,146355,57,+
152360,152386,60,-
152518,152543,69,+
155140,155163,60,-
156666,156690,59,-
156937,156962,58,+
157026,157044,49,+
157064,157088,59,+
161316,161346,70,+
164896,164916,52,-
167197,167237,71,-
167841,167860,49,-
167978,168003,69,-
168762,168799,60,-
170010,170033,59,-
170127,170144,52,+
175862,175904,55,+
178315,178335,47,-
190983,191014,106,-
191027,191054,65,-
192543,192574,67,-
192617,192657,58,-
192953,192975,48,+
193191,193208,50,+
193274,193298,59,-
195534,195557,59,-
198586,198607,48,-
198623,198639,70,+
198967,198984,50,+
199210,199235,47,-
203482,203512,79,+
203524,203557,64,+
205383,205412,97,-
209057,209090,58,+
209511,209542,95,+
209554,209585,60,+
209839,209858,49,+
212961,212994,62,-
218711,218732,63,+
218794,218827,64,-
221059,221080,64,+
225778,225812,51,+
230358,230402,52,+
231890,231929,73,-
232671,232696,57,+
232792,232819,60,+
234100,234131,60,-
236417,236437,47,+
239365,239397,49,+
243835,243860,47,-
245126,245145,51,-
245291,245324,48,+
246668,246695,57,-
247309,247350,55,-
248759,248789,51,+
251771,251790,66,+
252260,252292,61,+
253797,253826,61,+
253851,253880,80,+
254256,254278,48,+
256867,256900,58,-
258162,258180,49,+
259352,259377,57,+
267728,267745,69,+
267843,267878,55,+
269655,269676,63,+
271520,271553,56,-
272020,272050,61,+
273439,273469,70,+
274667,274687,48,-
277439,277486,47,-
278746,278767,63,+
278934,278971,57,-
284691,284706,72,+
284787,284819,64,+
284919,284956,61,+
287655,287683,54,-
289155,289191,59,+
290394,290417,60,-
293240,293273,47,+
294219,294241,48,+
294492,294528,48,+
296304,296331,81,+
296753,296770,50,+
302225,302268,50,+
304098,304116,49,+
304648,304679,82,+
308022,308040,49,+
308965,308996,59,+
309263,309291,65,-
310130,310159,66,+
310881,310920,57,-
311638,311666,63,-
322204,322228,48,+
325710,325729,47,+
336236,336261,47,+
336469,336508,85,-
338539,338558,66,-
339970,339995,47,+
341608,341628,47,+
341684,341710,69,+
342788,342811,49,+
348173,348204,51,+
351445,351482,62,+
354086,354125,59,-
355116,355138,48,-
355844,355879,57,-
357000,357017,69,+
357030,357050,92,-
362752,362772,49,+
362995,363017,61,+
364232,364256,48,+
365126,365157,50,+
368508,368530,70,+
368726,368761,55,+
371044,371064,47,+
371773,371807,56,+
373458,373481,59,+
374340,374381,48,+
377158,377176,67,-
379500,379533,91,+
388689,388720,62,-
389302,389318,70,-
390782,390814,78,+
402019,402045,68,+
402406,402422,53,+
406323,406356,62,+
412623,412660,55,-
414434,414454,47,+
419281,419320,55,+
420427,420465,51,+
421558,421591,58,+
422903,422927,59,+
430050,430069,66,-
430437,430463,56,+
433501,433542,49,-
434677,434694,50,-
442291,442311,47,+
445248,445279,65,-
445920,445963,49,-
446558,446599,92,-
449406,449445,57,-
450118,450150,49,+
450205,450232,53,+
450773,450806,75,-
455433,455452,49,-
456342,456373,66,+
456463,456506,52,+
458583,458609,56,-
460702,460744,53,+
460755,460790,105,-
471584,471609,47,+
471938,471968,52,+
475123,475154,67,+
478678,478702,48,+
480972,481010,51,+
481242,481262,48,+
484382,484412,49,+
488103,488139,55,+
492218,492257,55,+
492540,492565,57,+
500499,500538,55,-
505122,505168,48,+
508928,508967,59,-
509036,509055,47,-
509430,509460,62,+
510769,510805,54,-
511606,511639,64,-
512009,512049,58,+
513640,513674,57,+
519160,519196,51,+
519770,519803,75,+
519935,519959,48,+
522903,522938,50,+
526931,526951,64,+
527434,527465,50,+
529182,529205,49,+
531158,531178,47,+
533817,533835,49,-
535648,535679,60,+
537971,537992,51,+
538366,538394,64,-
540462,540494,49,+
540581,540604,50,-
545107,545132,57,+
546015,546049,62,+
548338,548372,50,+
552564,552583,49,+
553659,553677,49,+
555505,555548,48,-
556789,556808,66,-
556848,556872,69,+
556895,556920,68,-
558439,558469,66,-
559334,559359,47,+
559721,559755,64,+
563272,563294,49,+
565243,565270,55,-
565627,565666,98,+
566807,566826,52,+
568543,568587,50,-
570284,570318,51,-
581122,581140,50,+
589827,589851,59,+
608377,608411,59,+
612169,612202,47,-
613586,613619,64,+
614244,614266,61,+
617865,617906,54,-
619815,619846,50,+
623261,623279,49,+
623922,623951,60,+
624103,624136,60,+
624456,624488,50,-
626016,626051,48,-
626950,626986,56,+
627211,627245,51,+
631792,631836,52,+
633323,633362,73,-
635014,635032,50,+
635191,635222,62,+
635469,635500,50,+
635657,635690,56,+
638195,638218,50,-
638394,638416,49,+
640853,640879,56,-
641053,641094,54,+
641253,641273,47,+
645303,645320,52,+
654175,654195,64,+
655002,655039,55,-
655474,655490,52,-
658077,658117,58,-
658198,658229,52,-
660584,660601,50,+
661366,661407,50,-
661804,661844,51,-
667660,667680,47,+
671742,671762,47,+
673296,673314,49,+
673978,674011,56,+
676504,676527,50,+
680979,681008,52,+
685169,685198,66,-
686532,686564,65,-
689645,689671,56,+
689788,689819,50,-
690915,690934,49,+
691066,691101,58,+
692379,692407,65,+
699558,699594,54,+
700404,700433,63,+
704816,704840,59,-
708544,708568,48,+
708569,708599,60,+
711661,711679,49,+
712429,712467,50,+
717857,717876,49,+
718127,718147,47,+
721185,721216,48,+
721527,721547,64,+
725561,725583,51,+
728587,728609,61,+
731974,731991,69,+
734553,734572,47,+
734963,734982,49,+
736098,736129,55,+
736189,736206,52,+
736217,736238,72,-
738944,738978,61,-
739149,739175,60,-
743626,743651,57,+
746453,746493,58,+
750749,750778,64,+
750930,750954,48,-
759644,759670,56,-
769722,769757,48,-
770599,770621,70,+
775358,775389,51,+
777583,777600,50,+
778741,778770,70,+
779665,779690,68,-
781070,781095,47,+
781241,781258,52,-
782399,782418,47,+
786366,786393,55,-
787961,788006,53,+
788310,788336,71,+
797352,797373,51,+
800325,800345,64,+
800932,800955,60,+
802539,802564,47,-
803296,803327,50,-
804942,804971,52,-
811027,811052,56,+
811137,811157,49,+
811479,811508,60,+
815009,815029,51,+
822670,822712,95,+
822786,822808,48,+
824279,824299,48,-
827843,827862,47,+
829074,829110,73,-
835671,835711,55,-
839603,839646,50,+
842815,842835,47,-
848312,848333,48,-
853399,853443,48,-
853474,853502,63,-
861054,861078,48,+
867442,867464,48,+
869297,869339,95,+
871015,871055,53,+
871068,871100,60,+
872088,872121,59,+
873255,873287,63,+
876176,876199,71,-
877004,877024,47,+
877258,877298,70,-
880310,880329,66,+
884859,884882,60,+
886261,886291,67,+
886372,886402,62,+
886694,886715,63,+
888435,888459,48,+
892904,892942,55,+
898724,898745,63,+
898826,898849,50,-
900807,900836,86,+
903733,903775,49,+
913568,913587,47,+
913620,913640,64,+
913964,913996,49,+
916608,916628,49,+
917121,917138,50,+
917300,917325,57,+
918804,918825,51,+
922067,922094,68,+
923848,923885,96,+
927646,927672,56,+
929196,929226,52,+
929512,929550,61,+
933850,933874,58,+
934371,934401,55,+
935537,935556,47,-
937991,938009,50,-
938924,938957,56,+
940813,940836,60,+
941987,942021,56,+
942496,942517,49,+
942638,942657,84,+
942935,942956,72,+
944649,944674,71,-
948527,948550,60,+
949680,949702,61,+
950620,950637,50,+
953039,953059,64,+
953249,953273,48,+
954645,954688,52,+
955927,955947,64,+
957013,957041,58,+
958065,958086,72,+
959633,959649,52,+
964585,964616,51,+
968932,968953,49,+
969470,969517,48,+
969832,969873,52,+
971006,971039,48,+
971103,971122,47,+
971677,971708,49,+
972462,972487,57,+
973953,973981,111,+
978177,978222,50,+
985708,985735,55,+
991080,991097,52,+
994449,994469,47,+
998918,998958,57,+
1000458,1000497,54,+
1007811,1007832,49,+
1009258,1009290,57,+
1009312,1009331,47,+
1016072,1016102,66,+
1018320,1018352,66,+
1019220,1019253,51,+
1024825,1024861,48,-
1026191,1026212,72,-
1026271,1026292,72,+
1026437,1026473,58,-
1030505,1030535,49,+
1032808,1032847,49,+
1034200,1034245,53,+
1034832,1034863,65,+
1035024,1035065,54,-
1038877,1038897,64,-
1039056,1039094,74,+
1041184,1041211,53,+
1041319,1041356,54,-
1041945,1041966,63,+
1044099,1044115,70,+
1044137,1044165,65,-
1050316,1050349,51,+
1052953,1052971,49,-
1055193,1055232,98,+
1055292,1055323,65,+
1056181,1056206,66,+
1056211,1056236,66,+
1056241,1056266,66,+
1057216,1057243,71,+
1057480,1057503,59,+
1059643,1059682,53,+
1060475,1060494,49,+
1061043,1061075,60,+
1061899,1061925,56,+
1062055,1062078,60,+
1062160,1062188,65,+
1065243,1065274,51,+
1068774,1068796,48,+
1070002,1070025,87,-
1070111,1070139,65,+
1072984,1073020,47,+
1074925,1074955,67,+
1075063,1075085,61,+
1076756,1076788,49,+
1095839,1095873,47,+
1096193,1096223,70,+
1098063,1098087,58,+
1099267,1099307,57,+
1099916,1099945,55,-
1104464,1104488,59,+
1104512,1104536,60,+
1105172,1105206,51,+
1105658,1105689,65,+
1109196,1109220,59,+
1110791,1110813,49,+
1110924,1110943,49,+
1114938,1114955,69,+
1119128,1119143,53,+
1120327,1120372,48,+
1122038,1122054,52,-
1125438,1125471,61,+
1127491,1127519,54,+
1130473,1130519,48,+
1131594,1131626,48,+
1133491,1133525,62,+
1136373,1136396,60,-
1144670,1144691,53,+
1144801,1144819,49,+
1145844,1145880,52,-
1145910,1145949,52,-
1147291,1147320,62,+
1147454,1147470,70,+
1148444,1148468,48,+
1148873,1148899,56,+
1148977,1149004,55,+
1151139,1151162,69,+
1152216,1152246,51,+
1161645,1161682,61,+
1166108,1166131,49,+
1168441,1168465,59,-
1172393,1172413,64,-
1180828,1180854,66,+
1183180,1183210,51,-
1183230,1183267,56,+
1184617,1184640,59,+
1185098,1185137,59,+
1185256,1185293,58,-
1188150,1188174,48,+
1188846,1188869,49,+
1189240,1189262,51,+
1190630,1190649,49,+
1195667,1195692,57,+
1196488,1196506,49,+
1199224,1199243,47,+
1200194,1200221,72,+
1200629,1200652,49,+
1201081,1201114,65,-
1203131,1203155,71,+
1205170,1205198,54,+
1210027,1210055,68,+
1210390,1210415,57,+
1214462,1214503,54,+
1216632,1216663,50,+
1219876,1219905,52,+
1221043,1221085,50,+
1221487,1221518,50,+
1221562,1221589,61,+
1222122,1222155,59,-
1222570,1222616,48,+
1223385,1223412,55,+
1226400,1226422,61,+
1226790,1226821,63,+
1227588,1227623,48,+
1233297,1233319,61,+
1233760,1233777,52,+
1237046,1237072,56,+
1238503,1238543,71,+
1242040,1242061,90,+
1245092,1245138,76,-
1248473,1248496,49,-
1250554,1250573,66,+
1251792,1251814,61,+
1252353,1252386,62,+
1254128,1254156,83,-
1254774,1254797,49,+
1254888,1254921,64,-
1259685,1259704,47,-
1259964,1259987,60,+
1263993,1264024,62,+
1268467,1268513,50,+
1271250,1271270,51,+
1276485,1276517,49,+
1277829,1277858,63,+
1278254,1278274,52,-
1280114,1280141,66,+
1280646,1280668,48,+
1280757,1280785,52,+
1281747,1281778,50,+
1287441,1287465,48,+
1288299,1288325,56,+
1293113,1293157,49,-
1293176,1293205,68,+
1293515,1293536,63,+
1297440,1297476,52,-
1300191,1300222,83,+
1306139,1306158,49,+
1306255,1306288,51,-
1307929,1307950,49,+
1309394,1309435,57,+
1312828,1312858,51,+
1313522,1313542,64,-
1313556,1313580,69,+
1315781,1315803,49,+
1315935,1315951,53,+
1316959,1316976,69,+
1317982,1318020,68,+
1318471,1318493,48,-
1324264,1324284,47,+
1326468,1326504,55,+
1326545,1326574,52,+
1329789,1329822,48,+
1336628,1336653,57,+
1337721,1337740,49,+
1344668,1344697,80,+
1346672,1346694,51,+
1346724,1346748,63,-
1349184,1349219,54,-
1353040,1353057,52,+
1364001,1364039,55,-
1368525,1368560,55,-
1369542,1369564,51,+
1370817,1370839,51,+
1371138,1371173,60,+
1375542,1375580,54,-
1375935,1375957,51,+
1378541,1378574,60,+
1380096,1380139,54,+
1383165,1383197,82,+
1383279,1383308,52,-
1384972,1385003,62,+
1386234,1386270,64,-
1387560,1387578,49,+
1388526,1388550,76,-
1391103,1391133,64,+
1391638,1391675,58,+
1397052,1397075,61,+
1401418,1401443,56,-
1402615,1402658,54,-
1403029,1403052,49,+
1409151,1409180,66,+
1409228,1409262,100,+
1409415,1409449,60,+
1413230,1413250,48,+
1415564,1415583,47,-
1416332,1416356,59,-
1422031,1422055,48,+
1422819,1422848,69,+
1424599,1424634,50,+
1430971,1431010,59,+
1434038,1434075,59,+
1440579,1440599,47,+
1441002,1441021,49,+
1441060,1441082,51,+
1442251,1442279,61,+
1442413,1442432,49,+
1443431,1443472,69,-
1444877,1444896,49,+
1447246,1447285,55,+
1452906,1452930,48,+
1463262,1463302,71,+
1463506,1463543,54,+
1464524,1464570,48,-
1468268,1468299,62,-
1474120,1474162,54,+
1476617,1476650,48,-
1478371,1478400,58,+
1479927,1479948,92,+
1482583,1482601,49,+
1482978,1483000,61,+
1483289,1483319,65,+
1487620,1487661,54,+
1492438,1492462,48,+
1496157,1496199,57,+
1497808,1497828,47,+
1498688,1498707,47,-
1498792,1498817,66,+
1499017,1499051,47,+
1501658,1501693,54,+
1504743,1504779,58,+
1505822,1505863,54,+
1507430,1507463,59,-
1514964,1514993,52,+
1515063,1515086,50,+
1519905,1519941,57,-
1523339,1523363,48,-
1523664,1523705,48,-
1524385,1524407,61,-
1525389,1525429,54,+
1529141,1529171,51,+
1529918,1529946,54,-
1546486,1546511,47,+
1547132,1547164,48,+
1553148,1553169,49,+
1553680,1553702,48,-
1554521,1554538,50,+
1557915,1557946,79,+
1560219,1560245,89,-
1561113,1561131,49,-
1562647,1562681,50,-
1563804,1563821,50,+
1567304,1567343,57,-
1573173,1573192,49,+
1575047,1575083,55,+
1576091,1576124,56,+
1578503,1578538,58,+
1586571,1586606,48,-
1588437,1588457,47,+
1593463,1593480,50,-
1598814,1598834,64,+
1599781,1599809,52,+
1602129,1602171,49,-
1602671,1602696,57,-
1602778,1602812,56,-
1604816,1604834,50,-
1611598,1611616,49,+
1612221,1612251,51,+
1612532,1612566,54,+
1616660,1616680,48,+
1618864,1618883,51,+
1620102,1620136,56,-
1621085,1621110,57,+
1622393,1622440,47,+
1622877,1622912,61,+
1623434,1623464,82,+
1625984,1626003,49,+
1626016,1626049,48,+
1627234,1627253,47,-
1627640,1627663,69,+
1629525,1629549,67,+
1630982,1631012,66,+
1638099,1638126,55,-
1640625,1640645,47,+
1641183,1641210,55,+
1643197,1643221,59,+
1643290,1643320,60,-
1651488,1651512,48,-
1653095,1653121,68,+
1653789,1653820,60,-
1654377,1654400,70,+
1656091,1656107,52,+
1657030,1657062,60,-
1659138,1659162,48,+
1661371,1661406,54,+
1662305,1662322,69,+
1662615,1662644,55,+
1663395,1663424,70,+
1672365,1672390,57,+
1672653,1672677,61,+
1673146,1673165,51,+
1678789,1678809,48,-
1681935,1681951,52,+
1687387,1687409,51,+
1688094,1688129,50,-
1699920,1699942,51,+
1705283,1705305,51,+
1707332,1707354,51,+
1708892,1708925,102,+
1709948,1709971,49,+
1714464,1714481,52,+
1714505,1714525,64,-
1715811,1715839,54,+
1723051,1723081,51,-
1723885,1723904,49,+
1724504,1724543,51,+
1726688,1726709,63,+
1728134,1728168,67,+
1730963,1730993,51,-
1733435,1733467,49,+
1734511,1734533,62,+
1737406,1737429,60,+
1739913,1739943,62,-
1740833,1740858,57,+
1749592,1749610,50,+
1754187,1754207,64,+
1755371,1755393,61,-
1756779,1756820,53,+
1760849,1760872,60,-
1761240,1761270,51,+
1764072,1764092,64,+
1764130,1764151,51,-
1766672,1766702,68,+
1767741,1767780,51,+
1771290,1771328,71,+
1772788,1772808,47,+
1772810,1772843,60,+
1778836,1778862,85,+
1779214,1779241,55,+
1781072,1781089,69,+
1786385,1786424,57,-
1789826,1789843,50,+
1791093,1791125,49,+
1793007,1793041,64,-
1797192,1797210,50,-
1800959,1800981,49,+
1801302,1801339,54,+
1801892,1801917,47,+
1808057,1808097,53,+
1808235,1808279,50,-
1815470,1815505,64,-
1816084,1816114,68,-
1819815,1819853,62,+
1823721,1823748,55,+
1827340,1827367,55,+
1829338,1829356,51,+
1829954,1829974,51,-
1834196,1834226,51,-
1834317,1834356,61,-
1835408,1835451,55,+
1835543,1835562,49,+
1841009,1841026,69,+
1846409,1846439,66,+
1847092,1847123,50,+
1851240,1851270,65,+
1854272,1854289,50,-
1854324,1854352,54,+
1858462,1858480,50,+
1859173,1859197,59,+
1859406,1859425,47,+
1860389,1860420,59,+
1860478,1860511,58,+
1863329,1863349,48,-
1868510,1868532,61,-
1868622,1868653,79,+
1869138,1869184,49,-
1878901,1878933,65,-
1879338,1879369,50,-
1879596,1879629,58,-
1880530,1880549,49,-
1881805,1881830,47,-
1884465,1884503,73,-
1885495,1885531,88,-
1891425,1891461,58,+
1891511,1891529,51,-
1895426,1895445,49,+
1895600,1895618,49,-
1895731,1895762,50,-
1896408,1896445,64,+
1902305,1902344,53,+
1904986,1905016,68,+
1907493,1907523,63,-
1908630,1908649,47,-
1908832,1908860,54,+
1911022,1911058,55,-
1911332,1911350,67,-
1915276,1915292,52,+
1916564,1916582,51,-
1918355,1918375,48,-
1922134,1922172,50,-
1924307,1924338,50,-
1926818,1926844,56,-
1928546,1928567,48,-
1928981,1929021,58,+
1941768,1941798,62,+
1941936,1941963,55,-
1946012,1946035,49,-
1946069,1946093,59,-
1947855,1947879,48,+
1947995,1948021,68,-
1948665,1948682,50,-
1950112,1950131,49,-
1952044,1952084,70,-
1952831,1952864,63,-
1954522,1954560,57,+
1956167,1956200,64,-
1956805,1956821,52,+
1958191,1958215,60,-
1959573,1959610,53,-
1960719,1960756,55,+
1963859,1963889,51,+
1964891,1964913,49,-
1967542,1967573,62,-
1967748,1967792,50,-
1969236,1969256,49,-
1973328,1973348,47,+
1978751,1978789,59,-
1979991,1980021,79,-
1980865,1980897,67,-
1982234,1982262,54,-
1984505,1984528,70,-
1988485,1988520,57,-
1990347,1990366,47,+
1991698,1991718,64,-
1993860,1993880,51,-
1998148,1998165,50,-
1998916,1998954,55,-
1999112,1999151,57,-
2002268,2002298,49,-
2005616,2005646,51,-
2005922,2005959,58,+
2006255,2006279,48,-
2009498,2009539,53,+
2010639,2010664,57,-
2011624,2011656,49,+
2011769,2011800,52,-
2012849,2012869,47,-
2014287,2014327,53,+
2018460,2018496,64,-
2020417,2020450,64,-
2022166,2022207,53,+
2023307,2023332,57,-
2024292,2024324,49,+
2024437,2024468,52,-
2024580,2024611,52,-
2025779,2025821,50,-
2027358,2027399,53,+
2032915,2032935,47,+
2036039,2036070,50,+
2038170,2038197,55,-
2041471,2041504,63,-
2041906,2041925,49,-
2042484,2042505,48,-
2044902,2044936,51,-
2046474,2046499,57,+
2048590,2048607,50,-
2049013,2049043,51,+
2050329,2050374,53,-
2052525,2052543,49,-
2052989,2053022,62,+
2053478,2053496,49,-
2055340,2055367,53,-
2056008,2056033,47,+
2060071,2060093,48,+
2062658,2062691,76,+
2062845,2062883,58,-
2063441,2063463,61,-
2065252,2065272,47,+
2065326,2065358,50,-
2070493,2070518,86,-
2072379,2072398,49,-
2073883,2073908,57,-
2077218,2077238,49,-
2083767,2083789,61,-
2084216,2084248,49,-
2084935,2084970,47,-
2086261,2086289,63,-
2088924,2088964,58,-
2093083,2093111,63,+
2096234,2096266,54,-
2101024,2101041,69,-
2104181,2104197,70,-
2105560,2105580,48,+
2106733,2106763,51,-
2106815,2106845,65,-
2107313,2107331,49,-
2110518,2110548,51,-
2113682,2113710,54,-
2114298,2114323,58,-
2122501,2122533,49,-
2123369,2123413,49,-
2126798,2126832,61,-
2127096,2127129,56,+
2127425,2127443,49,+
2128257,2128278,49,-
2128437,2128471,47,-
2130333,2130353,49,-
2130729,2130750,48,-
2130889,2130909,49,+
2132612,2132639,55,-
2136164,2136197,48,-
2139431,2139453,90,-
2139576,2139599,60,-
2142818,2142847,52,-
2143120,2143147,69,-
2143234,2143257,49,-
2147491,2147522,50,-
2147874,2147912,70,-
2150488,2150508,48,-
2152184,2152204,48,-
2153935,2153965,51,-
2154564,2154595,71,-
2157018,2157054,58,-
2159359,2159378,47,+
2160288,2160317,52,-
2164437,2164466,52,-
2164487,2164510,49,-
2171045,2171062,52,+
2172238,2172271,58,-
2173716,2173735,47,-
2175765,2175787,51,-
2177948,2177977,52,-
2179116,2179151,59,-
2191212,2191230,49,-
2191343,2191360,52,-
2191459,2191478,49,-
2203221,2203242,52,-
2205632,2205651,49,-
2206561,2206580,47,-
2206616,2206635,49,-
2208176,2208208,59,-
2208331,2208363,49,-
2210526,2210568,68,+
2212151,2212173,61,+
2212243,2212278,61,-
2212870,2212887,52,-
2218707,2218749,53,+
2219888,2219911,49,-
2222264,2222293,69,-
2223545,2223575,65,-
2226944,2226963,66,+
2230006,2230037,63,-
2233915,2233946,50,-
2236457,2236480,49,-
2237309,2237333,59,+
2237430,2237456,56,+
2239466,2239490,60,+
2247204,2247245,55,-
2249055,2249083,54,+
2249273,2249300,71,-
2249352,2249375,60,-
2253405,2253433,71,-
2253583,2253602,47,-
2254891,2254918,55,-
2258635,2258669,48,-
2259325,2259342,52,-
2260082,2260119,55,+
2261529,2261556,81,-
2261896,2261934,70,+
2263031,2263049,49,+
2263451,2263470,66,-
2264502,2264537,48,+
2266254,2266290,59,-
2266386,2266431,65,-
2274371,2274411,57,-
2278138,2278165,83,-
2279110,2279129,66,-
2280974,2280997,69,+
2284247,2284272,47,-
2285505,2285533,57,-
2287441,2287479,58,-
2288938,2288984,48,-
2290786,2290820,58,-
2293097,2293130,58,-
2293163,2293199,76,-
2293258,2293282,48,-
2295678,2295702,60,-
2297804,2297823,49,-
2300900,2300919,47,-
2303426,2303444,50,-
2304964,2304983,47,-
2306801,2306836,55,+
2308207,2308227,64,-
2313372,2313391,49,-
2318575,2318594,51,-
2324804,2324839,48,+
2325631,2325660,52,-
2325774,2325805,49,+
2327542,2327571,52,-
2332693,2332716,60,-
2339854,2339880,88,+
2339895,2339916,72,-
2341713,2341737,59,+
2341803,2341833,79,-
2342585,2342615,51,+
2345607,2345627,64,-
2347011,2347034,60,-
2347102,2347121,66,-
2347924,2347947,49,-
2348877,2348906,68,+
2348954,2348994,52,+
2349096,2349117,48,-
2349213,2349236,49,-
2352395,2352418,60,+
2356758,2356792,47,+
2357878,2357914,59,-
2359682,2359719,53,-
2360554,2360573,47,+
2361400,2361423,60,-
2363457,2363482,57,-
2363504,2363520,52,-
2364205,2364226,63,-
2365366,2365388,61,-
2365570,2365598,67,-
2366866,2366890,59,-
2369574,2369607,50,-
2369714,2369742,52,-
2372348,2372366,52,-
2372442,2372467,69,-
2383202,2383225,50,-
2383745,2383767,63,+
2385302,2385319,50,+
2385710,2385745,54,+
2396440,2396456,52,-
2397201,2397230,68,+
2399965,2400000,59,+
2408348,2408378,60,+
2413291,2413311,47,-
2415144,2415169,57,-
2415618,2415637,56,-
2418951,2418986,59,-
2419213,2419234,72,+
2421687,2421704,69,-
2422243,2422268,47,-
2423613,2423650,57,-
2424840,2424869,63,+
2425406,2425428,49,-
2425849,2425880,60,+
2426523,2426544,52,+
2427799,2427840,68,+
2429268,2429301,68,-
2435236,2435260,59,-
2439548,2439569,48,-
2439806,2439838,49,-
2440340,2440384,54,-
2440408,2440433,57,-
2443424,2443441,50,-
2446622,2446653,103,-
2447530,2447546,52,-
2448105,2448137,52,-
2451428,2451472,52,-
2452540,2452570,51,-
2455535,2455565,51,+
2460056,2460080,59,-
2461598,2461614,52,-
2462464,2462495,50,+
2462632,2462665,51,+
2464225,2464244,66,+
2468384,2468425,50,-
2469174,2469203,52,-
2469473,2469492,49,-
2472109,2472150,57,-
2474264,2474295,57,+
2479126,2479146,64,-
2481234,2481276,49,-
2485843,2485875,67,-
2486159,2486194,58,-
2486253,2486283,79,-
2487682,2487720,56,-
2487727,2487749,48,+
2491597,2491624,68,+
2493190,2493233,48,-
2496476,2496501,58,-
2497286,2497307,48,+
2497346,2497387,58,-
2498536,2498558,49,-
2500099,2500132,48,-
2500581,2500614,48,+
2501033,2501076,49,+
2501721,2501753,64,-
2505074,2505094,64,-
2505308,2505325,50,-
2505746,2505782,59,-
2513838,2513865,57,+
2514066,2514109,48,+
2516257,2516297,84,+
2518358,2518378,64,-
2520051,2520084,60,+
2521544,2521576,65,+
2521653,2521685,66,+
2521822,2521862,71,+
2523306,2523340,50,+
2527241,2527272,50,-
2532122,2532146,48,-
2532205,2532229,48,-
2533596,2533614,49,-
2541312,2541358,47,-
2543786,2543824,61,-
2546493,2546514,48,-
2548267,2548297,51,-
2548439,2548465,56,+
2548755,2548787,66,+
2557026,2557055,65,-
2560591,2560637,52,+
2561637,2561654,52,+
2561673,2561693,47,-
2563837,2563869,48,+
2566372,2566400,64,-
2566862,2566890,54,-
2568266,2568295,60,+
2570483,2570508,57,-
2573625,2573654,51,-
2574480,2574506,71,-
2575485,2575521,58,-
2580673,2580699,56,-
2586406,2586431,57,+
2587793,2587823,66,-
2591188,2591221,61,-
2595307,2595328,72,+
2596364,2596404,71,-
2603346,2603368,48,+
2610393,2610422,54,-
2611864,2611879,72,-
2611886,2611920,62,+
2613865,2613885,49,-
2617692,2617731,61,-
2617880,2617911,60,+
2617920,2617961,53,-
2623426,2623461,59,-
2626119,2626159,68,+
2628143,2628183,59,-
2628433,2628457,48,-
2632886,2632907,48,-
2635321,2635348,55,-
2638845,2638865,47,-
2640270,2640299,57,-
2641758,2641778,64,-
2641945,2641968,61,-
2642039,2642059,49,-
2642189,2642208,51,-
2646530,2646553,60,-
2647534,2647552,50,-
2649223,2649269,50,-
2651164,2651194,64,-
2656242,2656269,55,+
2660128,2660156,68,+
2661548,2661575,70,+
2662492,2662512,47,-
2662758,2662779,63,-
2662831,2662853,61,-
2663756,2663797,99,-
2663834,2663865,70,-
2663957,2663986,66,-
2664140,2664168,71,-
2664198,2664232,58,-
2664313,2664351,55,-
2668060,2668100,71,+
2670891,2670929,57,-
2671165,2671208,68,+
2671237,2671269,79,-
2672735,2672763,54,-
2679474,2679493,49,-
2688028,2688057,52,+
2689979,2690008,52,-
2690756,2690787,60,-
2690817,2690840,48,-
2695757,2695799,51,+
2700786,2700809,60,-
2707083,2707107,48,+
2710032,2710065,59,+
2711400,2711434,48,+
2711445,2711474,69,-
2711603,2711630,55,-
2714607,2714625,49,-
2716142,2716186,50,+
2718147,2718171,48,-
2724851,2724888,47,+
2725039,2725068,62,-
2727661,2727686,56,-
2730552,2730586,68,-
2735163,2735188,57,+
2736250,2736276,56,+
2740847,2740888,50,-
2742295,2742321,56,+
2743714,2743732,52,-
2744397,2744416,49,-
2749762,2749778,52,-
2749855,2749875,47,-
2750736,2750758,61,-
2754887,2754925,55,-
2755059,2755084,57,-
2755128,2755149,48,-
2756120,2756145,58,+
2757573,2757598,57,-
2760275,2760294,49,-
2760554,2760594,53,-
2760708,2760731,60,-
2760757,2760794,61,-
2762502,2762540,61,-
2764037,2764063,61,-
2764968,2765002,55,+
2765354,2765388,64,-
2767793,2767810,52,+
2782126,2782150,59,+
2782425,2782456,65,+
2783279,2783317,58,+
2784342,2784383,57,+
2792264,2792288,48,+
2792347,2792366,66,+
2793736,2793769,56,-
2793910,2793938,53,-
2794671,2794691,51,-
2795689,2795713,59,-
2800108,2800128,48,-
2801971,2802005,62,-
2802320,2802341,49,+
2804604,2804636,47,-
2805806,2805842,61,-
2810761,2810784,60,-
2815030,2815057,57,-
2816953,2816978,68,-
2833788,2833814,56,-
2833945,2833968,60,-
2834659,2834683,59,+
2835053,2835093,71,-
2835137,2835161,48,-
2835605,2835625,64,-
2837568,2837588,51,-
2838651,2838688,62,+
2838812,2838846,58,+
2840569,2840595,56,+
2840850,2840873,60,+
2842796,2842817,49,+
2844903,2844936,62,-
2845581,2845600,51,+
2848042,2848069,55,-
2850052,2850075,60,-
2851135,2851165,60,-
2852095,2852127,48,-
2852646,2852669,91,-
2853407,2853441,58,-
2858862,2858889,64,-
2876123,2876147,48,-
2876845,2876887,55,+
2879993,2880024,49,-
2880497,2880521,71,-
2882743,2882781,55,-
2883491,2883512,63,-
2885456,2885481,69,-
2886520,2886569,47,+
2891676,2891703,53,+
2892456,2892477,48,-
2892647,2892669,63,+
2903781,2903814,48,+
2906749,2906774,47,+
2908603,2908622,65,+
2908733,2908765,48,+
2908945,2908969,48,-
2909286,2909308,61,+
2909445,2909471,56,-
2912078,2912105,55,-
2912174,2912204,65,+
2912801,2912844,49,+
2915863,2915903,58,-
2917415,2917435,48,-
2917705,2917736,50,-
2917933,2917972,57,-
2919226,2919246,47,-
2920128,2920165,53,-
2921304,2921323,49,-
2921602,2921622,49,+
2924208,2924229,52,+
2926641,2926658,52,-
2932818,2932851,56,+
2950436,2950457,72,+
2954215,2954237,48,-
2954889,2954925,58,-
2956733,2956765,49,+
2956938,2956971,59,-
2959859,2959880,51,+
2960670,2960690,47,-
2962254,2962283,52,-
2969016,2969049,52,-
2970930,2970951,72,+
2978456,2978489,63,-
2980628,2980648,64,-
2980708,2980729,72,+
2982004,2982034,66,-
2982043,2982062,47,-
2984763,2984784,72,+
2985207,2985228,72,-
2985289,2985310,72,+
2985884,2985917,52,+
2987685,2987713,54,+
2987717,2987738,72,-
2987800,2987821,72,+
2988696,2988723,66,-
2989306,2989347,57,-
2989614,2989632,52,-
2991646,2991674,54,-
2991780,2991805,47,-
2993264,2993300,53,-
2994584,2994606,51,-
2997115,2997135,47,+
2997882,2997925,50,+
2998637,2998658,72,+
3005733,3005755,62,+
3006987,3007011,48,-
3023868,3023893,47,-
3024835,3024857,61,-
3025841,3025862,51,+
3030927,3030963,48,-
3032394,3032414,49,-
3033382,3033403,63,+
3033994,3034025,60,+
3035143,3035177,51,+
3036469,3036513,93,+
3037308,3037327,52,-
3039745,3039790,52,-
3046192,3046230,53,-
3047056,3047076,49,-
3048168,3048187,49,+
3048273,3048313,73,+
3057779,3057804,47,-
3058238,3058262,59,-
3062473,3062492,49,+
3064277,3064300,72,-
3066919,3066943,48,-
3067354,3067387,59,+
3068299,3068325,58,-
3069164,3069195,59,+
3071292,3071327,59,-
3072994,3073028,60,-
3073639,3073671,59,-
3075105,3075134,57,-
3075683,3075703,64,-
3075750,3075776,56,-
3083538,3083577,53,-
3083949,3083989,71,-
3091983,3092002,49,-
3093131,3093151,64,+
3094736,3094757,49,-
3098371,3098404,58,-
3099962,3099993,50,-
3102001,3102031,51,-
3108654,3108674,47,-
3115454,3115493,54,-
3117080,3117105,47,-
3119113,3119159,49,-
3128429,3128470,54,-
3132339,3132379,54,+
3135420,3135444,59,+
3135578,3135604,86,-
3138469,3138514,48,+
3140846,3140866,49,-
3143377,3143407,68,-
3144910,3144927,69,-
3145349,3145392,50,-
3145730,3145759,52,-
3146265,3146286,49,-
3146851,3146879,80,+
3147895,3147925,65,-
3148089,3148110,48,-
3148825,3148865,71,+
3151965,3151993,54,+
3152559,3152581,49,-
3152992,3153019,66,+
3156112,3156143,62,+
3157364,3157389,47,+
3161867,3161887,49,-
3163904,3163927,78,-
3176266,3176287,72,+
3177533,3177560,55,+
3177713,3177734,63,-
3178313,3178331,49,-
3180199,3180229,51,-
3180374,3180408,59,-
3182004,3182032,54,+
3182371,3182400,58,-
3183358,3183375,50,-
3186080,3186122,69,+
3186627,3186646,49,-
3189113,3189147,56,+
3192223,3192244,63,-
3194214,3194254,71,+
3194466,3194482,52,+
3197507,3197536,60,+
3197552,3197573,72,-
3199582,3199604,51,-
3199996,3200020,48,-
3203340,3203370,51,-
3203598,3203615,50,-
3204947,3204971,69,-
3205343,3205365,61,-
3205387,3205417,66,-
3207610,3207643,48,+
3209407,3209427,51,-
3209845,3209876,51,-
3210345,3210386,55,-
3210528,3210548,64,-
3211470,3211502,51,-
3212963,3213000,59,+
3214441,3214459,50,+
3214543,3214581,53,-
3217006,3217046,71,-
3221001,3221034,59,+
3228820,3228857,62,-
3230387,3230409,48,-
3232979,3233013,58,-
3240493,3240523,57,+
3240612,3240634,61,-
3240829,3240862,64,-
3240926,3240958,52,-
3243594,3243618,59,-
3244065,3244084,49,+
3247057,3247079,63,-
3248685,3248710,58,+
3255243,3255271,68,+
3262119,3262150,59,-
3266631,3266657,84,-
3273429,3273461,49,-
3274473,3274492,49,+
3275059,3275090,60,-
3279671,3279692,72,+
3279720,3279738,49,-
3282702,3282728,89,-
3286555,3286579,48,-
3288417,3288436,49,+
3289987,3290005,49,+
3291450,3291489,71,+
3293516,3293545,69,-
3294096,3294113,50,+
3297276,3297308,62,-
3297905,3297945,51,+
3298147,3298169,49,-
3300046,3300077,59,+
3300270,3300293,61,-
3304233,3304250,50,-
3304253,3304275,61,-
3304398,3304419,72,+
3305432,3305456,48,-
3308627,3308660,62,-
3308755,3308778,50,-
3309221,3309246,47,-
3313010,3313051,57,+
3313169,3313198,52,-
3315263,3315299,48,+
3320367,3320400,60,+
3323421,3323443,48,+
3324426,3324447,49,+
3326076,3326097,49,+
3326706,3326740,80,-
3328155,3328172,69,-
3328631,3328667,71,-
3329529,3329556,71,-
3332427,3332446,49,+
3336297,3336319,49,+
3337335,3337375,65,-
3345260,3345295,59,-
3347008,3347038,51,-
3358953,3358970,52,-
3363554,3363573,49,+
3369757,3369776,49,-
3372864,3372891,55,+
3373038,3373076,59,+
3373300,3373326,56,-
3376593,3376612,47,+
3380628,3380665,55,+
3387931,3387960,52,+
3390581,3390604,60,+
3393047,3393074,55,+
3396951,3396973,48,+
3400453,3400490,59,+
3403088,3403118,51,+
3405078,3405095,50,-
3405436,3405459,50,-
3406711,3406741,51,-
3407670,3407709,58,+
3409046,3409065,47,+
3411746,3411774,54,-
3416560,3416579,66,-
3418154,3418178,59,+
3418385,3418412,55,-
3427294,3427313,49,-
3428157,3428201,50,-
3432096,3432115,47,+
3437014,3437038,48,-
3437944,3437964,47,-
3439416,3439453,53,-
3442012,3442041,63,-
3442884,3442912,52,-
3445245,3445281,59,-
3447107,3447122,72,-
3448765,3448784,47,-
3449010,3449037,85,+
3449251,3449269,67,-
3449273,3449300,55,-
3449906,3449924,50,-
3453233,3453259,56,+
3454134,3454161,64,-
3455484,3455512,54,-
3456045,3456077,64,-
3456738,3456763,68,-
3456839,3456864,57,-
3457637,3457666,65,-
3457682,3457712,63,-
3457736,3457765,80,-
3461254,3461271,50,-
3463624,3463640,52,-
3467028,3467045,50,-
3471143,3471187,52,-
3476441,3476472,67,+
3478185,3478206,48,+
3485042,3485059,52,+
3485396,3485422,56,-
3485952,3485984,60,+
3488199,3488216,69,-
3491796,3491822,68,-
3494174,3494193,49,+
3494593,3494621,66,-
3495047,3495064,50,-
3497091,3497112,48,+
3498077,3498118,55,+
3498698,3498717,49,+
3503809,3503828,49,-
3504414,3504433,47,-
3507004,3507035,50,-
3511486,3511506,47,+
3521204,3521229,61,-
3521953,3521977,48,-
3522449,3522478,52,-
3522889,3522913,59,-
3523961,3524005,92,-
3528433,3528455,48,+
3533204,3533248,52,+
3534825,3534861,59,-
3535555,3535586,62,-
3535679,3535715,58,-
3535739,3535760,72,-
3535828,3535858,65,-
3536532,3536566,59,+
3538077,3538096,47,+
3540708,3540730,51,-
3541286,3541311,57,-
3542179,3542201,63,-
3542205,3542231,66,+
3547429,3547448,47,-
3558065,3558085,47,+
3559119,3559153,62,-
3560185,3560225,49,-
3561284,3561323,73,+
3561733,3561762,97,+
3569297,3569315,50,+
3572747,3572775,69,-
3573975,3573996,63,-
3578031,3578056,60,-
3578402,3578426,59,-
3579300,3579319,51,-
3582532,3582547,72,-
3582586,3582607,72,+
3583396,3583427,65,-
3585345,3585376,59,-
3587609,3587626,52,+
3590286,3590323,61,-
3590763,3590783,51,+
3591176,3591213,60,-
3592080,3592108,60,-
3592437,3592456,49,-
3592943,3592966,60,-
3593969,3594000,50,-
3594340,3594364,48,-
3594398,3594416,49,-
3596873,3596896,48,-
3598383,3598400,52,-
3601885,3601903,51,+
3602469,3602488,49,+
3603227,3603247,47,-
3603648,3603666,51,-
3606189,3606215,56,-
3606388,3606405,52,+
3609333,3609372,53,-
3610117,3610135,49,-
3610455,3610481,91,+
3612086,3612106,49,+
3613409,3613448,55,-
3620848,3620868,47,+
3624967,3624986,51,-
3626647,3626666,49,-
3628042,3628065,50,-
3632252,3632277,56,-
3637046,3637067,48,-
3638261,3638303,49,+
3642989,3643008,47,+
3644112,3644131,49,-
3649855,3649901,52,+
3650120,3650153,81,+
3650726,3650756,63,+
3653165,3653203,50,-
3655836,3655874,61,-
3658375,3658405,60,+
3659231,3659250,49,-
3661264,3661305,54,-
3664135,3664157,49,+
3668915,3668936,72,-
3669027,3669048,72,+
3671727,3671748,53,-
3671757,3671774,69,+
3671804,3671834,62,-
3672548,3672586,62,+
3674073,3674110,61,+
3676250,3676268,50,+
3676307,3676338,78,-
3677509,3677540,65,-
3678321,3678342,49,-
3678559,3678593,74,+
3678871,3678891,64,-
3680976,3680997,72,-
3681054,3681075,72,+
3699583,3699612,52,-
3700831,3700850,49,-
3704662,3704691,52,-
3705237,3705260,48,+
3708576,3708596,64,+
3708602,3708620,50,-
3712494,3712518,59,-
3714026,3714047,48,-
3715586,3715606,48,-
3716510,3716538,55,-
3716570,3716589,47,-
3716996,3717024,52,-
3717228,3717264,71,+
3717360,3717408,48,-
3725066,3725098,60,-
3725423,3725451,52,+
3730238,3730259,48,+
3737828,3737848,48,-
3738294,3738314,48,-
3740679,3740708,55,+
3740727,3740760,68,+
3742497,3742525,54,-
3742553,3742590,55,-
3744324,3744345,63,-
3748562,3748581,49,+
3752586,3752619,62,-
3760464,3760502,59,+
3763632,3763666,55,-
3766356,3766389,58,-
3768634,3768662,54,-
3771011,3771048,55,-
3772234,3772279,50,+
3776582,3776608,56,-
3776635,3776658,60,-
3778573,3778607,62,-
3778615,3778633,50,+
3778655,3778675,64,-
3782608,3782642,54,+
3782877,3782907,51,+
3785320,3785351,66,-
3786538,3786567,52,+
3786949,3786986,58,-
3790347,3790384,61,+
3792566,3792585,49,+
3794458,3794482,48,+
3795347,3795372,57,+
3797997,3798020,64,-
3798475,3798509,48,+
3800936,3800960,59,-
3801350,3801395,47,+
3801882,3801903,72,-
3803462,3803480,49,-
3807147,3807168,92,-
3809196,3809215,51,-
3809305,3809332,71,-
3809440,3809471,60,-
3813349,3813385,48,-
3813791,3813807,52,+
3813918,3813938,64,-
3817030,3817067,64,+
3827750,3827783,60,-
3840625,3840646,48,-
3843665,3843701,62,+
3848740,3848764,48,-
3854006,3854045,59,+
3855829,3855860,62,+
