start,end,score,strand
3713,3741,60,+
4366,4387,49,+
4798,4830,67,-
5689,5708,47,-
9062,9080,52,-
10685,10711,86,-
14503,14527,48,-
17167,17191,48,-
21083,21118,62,+
22254,22288,79,-
28227,28247,49,+
30230,30250,64,-
30486,30512,85,-
30732,30757,47,+
31239,31257,50,-
32832,32851,49,+
35728,35761,60,+
36871,36901,62,+
40503,40526,60,+
40573,40597,71,+
43108,43149,48,-
43216,43232,52,-
44137,44174,55,+
44255,44286,57,+
45949,45975,68,+
46038,46059,63,-
47442,47472,63,+
49479,49502,60,-
49507,49530,60,-
49535,49555,64,-
51111,51130,47,+
52998,53029,50,+
57272,57298,68,+
57974,57997,50,+
61075,61113,61,+
61156,61198,53,+
66941,66968,81,+
67047,67066,49,+
67129,67171,54,-
70189,70220,63,-
70976,71005,51,+
71769,71799,66,+
72629,72648,47,+
74833,74859,56,+
74888,74906,50,-
76688,76728,53,+
76958,76977,51,+
83963,84006,53,+
85049,85070,48,-
85855,85873,49,+
88330,88365,61,+
89453,89493,57,-
89526,89558,71,-
95922,95951,58,-
96215,96245,70,-
101061,101081,51,-
107669,107710,53,-
110949,110971,61,+
112576,112612,47,+
112953,112989,61,-
113052,113084,60,-
114217,114253,59,+
117834,117877,49,-
120596,120630,62,-
126215,126239,48,+
129365,129389,69,+
129421,129450,65,+
138285,138313,54,-
139172,139210,54,-
139335,139370,50,-
145782,145821,55,+
147783,147806,60,-
150906,150926,48,+
154846,154877,107,-
155499,155533,64,-
159865,159885,48,+
160430,160450,48,+
165684,165713,57,+
168313,168341,57,+
175890,175912,51,-
181470,181501,98,+
181592,181638,52,+
183128,183158,62,-
183985,184004,47,-
186815,186845,51,-
190900,190928,63,+
195430,195456,68,-
198549,198578,52,+
217879,217922,50,-
217891,217916,47,+
218911,218930,49,-
221111,221140,51,+
222863,222902,54,+
224633,224658,68,+
226123,226141,50,+
227502,227532,68,+
229200,229220,64,+
233807,233835,63,+
235139,235176,58,+
236285,236318,48,+
239049,239070,90,+
239779,239804,47,+
242851,242874,60,-
242879,242902,60,-
242930,242971,53,+
243781,243807,56,+
246531,246570,70,+
246908,246933,57,-
254953,254967,73,+
255599,255620,62,+
261502,261521,49,-
262310,262334,59,-
264169,264200,50,+
267168,267187,49,+
278793,278823,51,+
279449,279468,49,+
285488,285507,51,+
285558,285605,48,-
286816,286847,50,-
291274,291313,49,+
292166,292194,65,+
294154,294176,51,-
295579,295598,49,+
299224,299249,69,-
303373,303403,67,+
304017,304045,54,+
307026,307047,48,-
307246,307288,57,-
308651,308678,55,+
315738,315765,65,+
319335,319364,79,-
329074,329094,64,-
329561,329586,47,+
336604,336620,52,-
337440,337466,56,+
341444,341493,48,+
341725,341751,56,+
341761,341788,55,+
342337,342357,64,+
342743,342762,49,-
351551,351591,53,-
366171,366190,49,+
375816,375842,85,+
381830,381849,47,+
382156,382194,55,+
384308,384350,53,+
386839,386887,88,-
387570,387601,66,-
392124,392143,66,+
400741,400761,47,+
408568,408611,52,+
410193,410225,63,-
410719,410749,60,+
411958,411979,48,-
415003,415045,57,-
420395,420413,49,+
426064,426105,91,+
430528,430560,70,+
431783,431803,49,-
433766,433800,56,-
434364,434388,48,-
441293,441331,87,-
451597,451633,55,+
455254,455291,54,+
457042,457081,59,+
458709,458751,113,+
459995,460026,64,-
465526,465561,78,+
467071,467107,59,+
471140,471159,49,-
473219,473239,47,-
474457,474479,70,-
476210,476253,49,-
476433,476461,54,-
488263,488291,54,+
493523,493546,48,+
495666,495690,59,-
499135,499171,58,-
504883,504903,47,+
519848,519874,56,-
535734,535752,49,-
538057,538091,51,+
539087,539121,48,+
540846,540864,85,-
548112,548127,53,+
553546,553587,50,+
560444,560485,52,+
561519,561562,82,-
561621,561656,117,-
561677,561694,69,+
563929,563948,49,-
566211,566252,113,-
572461,572500,53,-
575320,575341,51,+
575368,575401,94,-
575550,575570,47,+
577404,577438,55,-
577754,577789,59,-
579055,579078,49,+
582816,582838,51,+
587252,587271,49,+
588066,588090,59,-
588109,588146,53,-
595315,595348,59,-
596409,596437,54,+
598127,598165,55,-
603126,603156,54,-
603382,603403,63,+
604874,604909,47,+
610220,610239,47,+
611947,611974,83,+
614847,614882,47,-
615441,615474,79,+
630274,630306,63,+
641092,641116,59,-
644325,644359,55,+
650879,650894,53,+
651400,651432,67,+
652898,652922,59,+
656820,656840,47,+
668772,668793,51,+
675365,675390,69,+
678533,678577,48,+
681959,681983,59,+
682223,682266,50,+
683147,683172,57,-
684801,684833,62,+
685091,685119,54,-
686188,686207,47,-
687937,687968,64,+
694526,694570,54,+
706937,706967,54,+
712272,712300,63,+
712910,712939,52,+
714920,714950,54,-
716034,716053,49,-
717082,717109,55,+
724323,724343,51,+
727455,727479,48,-
727588,727605,50,+
728367,728402,61,-
729055,729074,49,+
730320,730338,50,+
732116,732149,58,+
734517,734540,48,+
743083,743111,55,+
753549,753573,58,+
758623,758645,61,-
761791,761813,61,-
762851,762894,54,+
763352,763372,64,-
765555,765584,62,-
773987,774025,55,-
781093,781116,50,+
781669,781701,64,+
795970,796016,52,+
797540,797573,63,-
801778,801796,49,-
807717,807739,48,+
821088,821129,54,-
822047,822087,58,-
828823,828841,49,+
832152,832177,57,+
832183,832212,52,+
833860,833887,60,-
836891,836924,62,-
836929,836962,48,+
838711,838736,57,-
842338,842363,47,+
844513,844538,57,+
857096,857117,52,-
859118,859146,54,+
860886,860915,70,+
862664,862703,61,+
864443,864462,47,-
864850,864896,48,+
867311,867346,64,+
876113,876140,55,-
884056,884085,52,+
889109,889132,61,+
890703,890721,49,-
903764,903784,49,-
907746,907770,48,-
911598,911628,65,+
916150,916186,54,+
922216,922246,65,-
922927,922957,62,+
933140,933170,68,+
934083,934102,47,+
935258,935282,48,+
939578,939617,68,+
941850,941882,60,-
942753,942776,61,+
944466,944491,89,-
945406,945429,60,+
945868,945907,50,+
945923,945956,61,-
957005,957040,78,-
962239,962277,58,-
968130,968151,72,+
971867,971885,49,-
974058,974085,71,-
978634,978654,64,-
979724,979758,105,+
979810,979842,63,-
979904,979939,72,-
980992,981015,60,+
981149,981197,86,-
991214,991249,65,-
992295,992335,54,-
997393,997430,59,+
999949,999966,69,-
1004450,1004469,47,+
1004747,1004770,60,+
1004775,1004798,60,+
1004838,1004862,104,-
1004866,1004890,104,-
1004894,1004918,104,-
1007856,1007898,50,+
1017606,1017630,48,+
1020624,1020651,55,+
1024512,1024532,47,+
1027711,1027734,60,-
1030909,1030939,51,+
1037989,1038012,60,+
1040084,1040116,76,+
1044829,1044871,52,-
1050812,1050847,65,-
1052933,1052953,51,+
1053471,1053503,107,+
1056415,1056445,51,+
1059403,1059430,65,+
1059447,1059467,64,-
1060558,1060585,68,-
1061318,1061334,70,-
1063636,1063664,58,-
1063675,1063702,57,+
1063808,1063826,52,+
1071461,1071487,56,+
1074497,1074522,57,+
1076273,1076297,69,+
1080286,1080323,56,+
1080425,1080443,50,+
1082366,1082386,48,+
1082979,1083004,71,-
1088287,1088324,52,+
1090605,1090642,54,+
1093090,1093110,47,+
1094791,1094830,53,-
1096055,1096075,48,+
1096858,1096884,83,+
1110301,1110325,59,-
1116462,1116488,68,+
1117922,1117951,52,-
1120466,1120510,48,+
1120941,1120967,56,+
1121835,1121866,59,+
1123828,1123847,66,+
1126492,1126530,58,+
1126635,1126657,61,-
1137758,1137789,59,+
1139984,1140006,48,+
1140550,1140566,53,+
1142584,1142607,59,+
1143706,1143726,64,-
1145205,1145229,48,+
1147753,1147774,63,+
1148178,1148202,48,+
1150904,1150930,56,-
1151864,1151884,47,+
1153141,1153164,60,-
1158370,1158392,48,-
1162237,1162255,50,-
1164682,1164705,60,+
1170779,1170806,55,+
1170888,1170908,49,+
1179037,1179078,53,-
1183996,1184022,56,-
1187130,1187167,101,+
1190825,1190854,54,+
1191785,1191804,47,-
1197483,1197509,60,+
1199780,1199817,55,-
1201608,1201633,66,+
1206147,1206179,63,-
1210215,1210238,69,+
1210603,1210626,60,+
1210662,1210692,51,-
1212907,1212936,54,+
1214800,1214823,106,+
1217349,1217369,47,+
1219069,1219092,69,+
1219232,1219250,50,+
1226822,1226842,64,+
1230761,1230794,48,-
1231337,1231358,49,+
1241229,1241258,67,+
1250910,1250927,52,+
1251122,1251137,53,+
1253489,1253523,56,+
1253580,1253610,108,+
1262931,1262967,57,+
1264207,1264234,64,+
1269162,1269185,60,+
1269249,1269272,60,-
1270473,1270502,52,-
1272598,1272629,55,+
1274568,1274589,49,+
1274598,1274624,64,+
1275165,1275182,50,+
1275288,1275325,51,-
1276558,1276604,49,-
1278145,1278168,60,-
1278173,1278196,60,-
1278201,1278224,60,-
1281420,1281455,65,+
1284762,1284783,48,-
1288357,1288380,50,+
1288684,1288705,81,-
1289861,1289894,62,+
1294500,1294541,49,-
1300247,1300283,47,+
1304672,1304700,85,-
1305142,1305165,71,+
1307297,1307320,60,+
1308436,1308476,53,+
1308954,1308979,47,-
1309604,1309631,55,-
1315224,1315245,72,+
1318279,1318300,63,-
1321480,1321505,69,+
1321553,1321573,64,+
1322827,1322862,62,-
1329157,1329182,72,+
1329496,1329513,50,+
1330703,1330735,49,-
1331623,1331656,75,-
1334535,1334566,93,+
1335053,1335072,47,+
1337211,1337233,61,-
1338922,1338953,50,+
1340852,1340871,51,-
1340964,1340980,70,+
1341057,1341086,69,-
1341113,1341155,55,+
1341202,1341216,73,+
1350573,1350591,49,+
1351926,1351952,84,-
1354195,1354217,61,+
1356398,1356421,60,+
1356564,1356587,60,-
1357925,1357965,57,-
1357977,1358020,54,+
1359342,1359369,61,-
1360983,1361010,71,-
1364012,1364035,60,+
1364095,1364119,67,-
1373964,1373984,47,+
1376418,1376435,50,+
1384194,1384223,80,+
1387160,1387193,48,-
1389925,1389953,54,+
1390244,1390273,63,-
1390281,1390309,68,-
1393850,1393884,103,+
1394606,1394637,63,+
1396399,1396420,51,-
1409848,1409869,51,-
1418940,1418973,48,-
1423700,1423737,54,+
1424118,1424155,47,+
1424304,1424322,50,+
1424965,1424994,65,+
1425473,1425495,49,-
1427569,1427589,64,+
1427593,1427613,64,+
1428514,1428536,48,-
1433769,1433799,77,+
1433932,1433951,47,+
1435505,1435531,55,+
1436207,1436251,82,-
1438275,1438305,62,+
1443527,1443558,68,-
1444377,1444398,63,-
1445173,1445199,56,-
1445877,1445903,56,+
1448021,1448049,66,-
1450034,1450061,55,+
1450268,1450291,60,-
1450296,1450317,63,-
1474805,1474823,50,+
1474869,1474911,52,+
1476370,1476401,48,+
1476455,1476475,49,+
1482141,1482161,64,+
1483572,1483611,61,+
1484104,1484137,47,+
1487551,1487589,54,+
1490105,1490132,83,-
1492923,1492943,65,-
1496723,1496762,55,+
1497152,1497180,83,+
1504230,1504250,47,+
1505858,1505893,59,+
1513616,1513659,47,+
1523661,1523698,56,+
1524065,1524099,60,-
1526419,1526465,63,-
1526796,1526823,55,-
1528741,1528770,96,-
1530268,1530293,57,-
1536330,1536367,47,+
1537990,1538007,52,+
1539523,1539559,64,+
1540344,1540363,51,+
1544231,1544254,49,+
1545721,1545739,49,+
1549226,1549261,54,-
1549710,1549747,56,+
1550169,1550189,47,-
1550205,1550235,62,+
1550436,1550456,48,-
1551365,1551404,54,-
1556570,1556590,73,+
1559221,1559238,50,+
1562357,1562377,64,+
1562474,1562497,60,-
1582652,1582679,55,-
1583970,1583999,68,+
1586159,1586195,61,+
1587414,1587438,71,+
1588366,1588403,58,+
1588511,1588549,73,+
1588829,1588864,59,-
1589396,1589423,71,-
1589738,1589770,49,+
1590885,1590913,52,+
1593586,1593609,60,+
1593716,1593739,60,-
1594694,1594726,49,-
1596977,1597007,65,+
1598175,1598201,56,-
1603376,1603397,63,+
1605102,1605143,51,+
1607541,1607568,55,-
1611294,1611314,49,+
1618580,1618602,70,+
1619295,1619321,66,+
1621808,1621839,60,+
1627727,1627759,49,+
1627875,1627895,64,+
1629500,1629523,60,+
1631301,1631331,51,-
1633438,1633460,48,+
1638088,1638105,50,-
1641423,1641446,63,+
1641880,1641917,58,+
1643863,1643890,68,+
1644226,1644246,49,+
1644262,1644302,50,+
1650348,1650378,62,-
1658583,1658611,53,+
1658641,1658663,61,+
1660122,1660145,63,+
1660517,1660554,61,+
1661040,1661063,50,+
1663117,1663150,64,+
1666711,1666737,86,+
1670836,1670859,60,+
1673710,1673735,57,+
1678846,1678869,60,+
1681564,1681583,47,+
1686125,1686150,47,-
1686690,1686709,47,+
1692914,1692959,52,-
1695148,1695189,48,+
1696409,1696428,66,+
1699522,1699537,53,-
1702339,1702357,49,+
1702917,1702943,85,+
1707928,1707956,60,+
1715398,1715415,50,-
1715603,1715639,58,+
1716897,1716923,68,+
1729653,1729684,65,+
1730859,1730890,51,+
1730942,1730961,49,+
1731031,1731051,49,-
1732452,1732491,58,-
1745908,1745952,49,-
1754215,1754242,65,+
1756469,1756494,56,+
1757388,1757428,99,+
1760611,1760641,51,+
1765975,1766006,59,+
1768625,1768663,57,+
1769013,1769046,67,+
1773597,1773636,57,+
1773987,1774020,56,+
1775123,1775143,47,+
1778949,1778968,47,+
1779398,1779420,72,+
1782119,1782137,50,+
1783353,1783374,63,+
1784598,1784631,67,+
1787243,1787260,50,+
1790363,1790394,50,+
1793258,1793281,49,+
1794252,1794272,48,+
1794376,1794405,52,-
1794412,1794433,72,+
1797317,1797351,79,+
1798753,1798774,72,+
1799711,1799728,50,+
1803353,1803377,48,+
1807319,1807341,61,+
1809536,1809577,55,+
1810238,1810259,63,+
1810325,1810360,59,-
1810491,1810512,49,-
1815091,1815114,60,+
1818514,1818548,64,+
1819443,1819472,68,+
1819535,1819568,50,+
1819673,1819704,62,+
1822351,1822377,66,+
1823772,1823791,65,+
1827232,1827273,57,+
1827380,1827400,64,+
1828828,1828849,63,-
1829947,1829995,48,+
1840442,1840472,51,+
1841231,1841248,50,+
1841282,1841301,49,+
1843555,1843575,110,+
1844035,1844074,58,-
1845915,1845949,60,+
1849231,1849266,59,+
1851154,1851186,52,-
1854114,1854146,62,+
1858453,1858498,50,+
1859679,1859697,52,+
1865568,1865609,53,-
1865670,1865688,49,-
1874295,1874330,62,+
1875943,1875980,58,+
1879100,1879128,54,-
1879331,1879353,51,-
1882996,1883023,66,+
1887371,1887407,54,-
1892201,1892230,52,+
1901217,1901234,69,+
1905355,1905375,64,+
1905382,1905399,52,+
1905413,1905438,66,+
1905687,1905713,69,-
1910184,1910218,58,+
1914536,1914554,49,+
1914859,1914890,50,+
1915300,1915320,48,+
1917583,1917602,51,-
1917623,1917652,51,+
1921439,1921468,52,+
1921750,1921770,64,+
1922535,1922552,50,+
1929374,1929391,69,-
1931951,1931976,68,+
1934592,1934611,47,+
1935347,1935380,60,+
1935841,1935873,82,-
1937786,1937823,57,+
1937839,1937861,61,+
1938160,1938184,59,-
1942857,1942891,47,+
1944855,1944874,49,+
1945090,1945117,86,+
1945210,1945245,59,-
1948140,1948158,50,+
1953715,1953751,59,+
1965358,1965376,49,+
1965768,1965808,53,-
1967592,1967622,68,+
1967698,1967726,54,-
1968448,1968472,59,-
1970712,1970735,60,+
1973961,1973983,61,+
1975093,1975119,56,-
1980709,1980733,59,+
1982163,1982190,71,+
1982278,1982299,109,-
1982511,1982543,65,+
1986538,1986582,53,+
1986839,1986864,57,-
1986879,1986898,49,-
1991592,1991625,60,+
1992440,1992470,80,+
1993752,1993793,51,+
1995938,1995960,61,-
1996514,1996552,57,+
1996667,1996697,64,+
1996734,1996765,62,+
1997182,1997203,48,+
1999593,1999621,55,+
2001492,2001517,66,+
2009861,2009881,64,+
2012527,2012550,50,+
2022276,2022302,56,-
2023481,2023511,68,-
2023570,2023610,54,-
2024779,2024812,63,-
2025020,2025049,52,-
2025996,2026016,47,-
2029707,2029737,63,+
2029816,2029836,64,+
2031588,2031625,73,+
2031674,2031715,67,-
2031773,2031792,49,-
2034098,2034115,69,+
2035792,2035815,48,-
2035885,2035905,47,+
2036310,2036334,59,+
2037725,2037749,59,+
2038097,2038132,62,+
2038195,2038226,50,-
2044442,2044462,48,+
2052531,2052552,49,+
2055395,2055423,69,+
2055616,2055637,49,+
2057482,2057510,54,+
2057797,2057832,58,+
2058213,2058255,54,-
2060249,2060278,63,+
2062871,2062908,56,+
2064862,2064877,53,+
2065008,2065030,48,-
2070830,2070852,90,-
2070882,2070914,94,-
2073668,2073704,62,+
2074832,2074861,66,+
2077345,2077381,74,+
2077582,2077605,60,+
2080597,2080618,48,+
2082519,2082539,48,+
2085421,2085454,62,+
2089709,2089725,52,+
2092038,2092062,71,+
2092574,2092594,49,+
2092721,2092759,70,-
2095794,2095835,97,-
2097838,2097858,49,+
2098593,2098627,51,-
2101782,2101802,51,+
2102616,2102639,92,-
2102651,2102686,75,-
2105038,2105055,50,+
2106445,2106482,53,-
2110632,2110648,70,-
2111789,2111818,52,+
2114451,2114470,112,+
2115098,2115130,64,-
2116355,2116388,59,+
2117101,2117120,47,+
2119484,2119507,60,+
2119546,2119569,60,-
2120333,2120356,60,+
2123805,2123843,59,-
2130154,2130174,47,+
2132043,2132068,71,+
2136201,2136219,67,+
2136454,2136491,74,+
2136733,2136756,48,+
2144603,2144623,92,+
2144644,2144679,94,+
2153243,2153283,50,-
2154756,2154782,56,+
2155520,2155542,61,+
2156603,2156634,50,-
2158698,2158735,47,+
2159990,2160020,60,+
2161029,2161071,53,+
2161434,2161455,63,+
2161603,2161623,64,-
2163877,2163907,83,+
2173231,2173274,50,+
2183307,2183342,56,-
2183372,2183420,47,-
2186428,2186462,55,-
2189000,2189024,60,+
2189125,2189158,62,-
2190087,2190120,76,-
2192187,2192216,97,+
2192269,2192306,54,+
2192408,2192432,48,-
2193065,2193109,48,+
2197045,2197065,64,+
2197155,2197178,60,-
2199949,2199979,63,+
2200790,2200808,49,+
2201654,2201677,60,-
2203241,2203267,55,+
2205269,2205287,50,+
2205384,2205405,51,+
2206568,2206599,65,+
2209911,2209931,64,-
2214434,2214469,60,+
2218662,2218683,52,+
2218788,2218824,54,+
2219791,2219816,66,+
2222329,2222348,47,+
2224773,2224818,48,+
2225547,2225594,47,+
2225603,2225630,55,-
2228076,2228122,48,+
2229661,2229680,66,+
2243374,2243414,58,+
2244302,2244322,48,-
2246965,2246982,50,-
2249010,2249050,52,+
2249769,2249803,61,+
2249897,2249917,64,+
2254319,2254340,63,+
2254426,2254457,55,+
2261876,2261912,48,+
2262250,2262294,48,+
2262379,2262398,66,+
2264138,2264158,47,+
2265104,2265133,51,+
2269680,2269703,48,+
2277689,2277731,55,+
2277759,2277794,55,+
2277851,2277880,52,+
2278690,2278712,48,-
2278789,2278823,59,-
2286982,2287000,51,+
2293040,2293067,55,+
2293311,2293336,58,-
2295750,2295795,52,+
2297270,2297291,72,-
2304068,2304098,80,+
2304119,2304162,97,+
2307059,2307093,51,+
2307524,2307542,49,+
2308685,2308707,61,-
2309518,2309546,65,-
2310671,2310689,67,+
2310769,2310788,47,+
2315445,2315469,58,+
2315548,2315567,47,-
2318908,2318930,48,+
2319557,2319581,58,+
2321583,2321616,64,+
2322786,2322819,52,-
2323503,2323520,50,+
2323791,2323829,55,-
2335459,2335494,62,-
2341984,2342018,79,+
2345481,2345512,55,+
2347210,2347230,64,-
2349130,2349157,55,-
2350767,2350794,55,+
2351803,2351837,59,-
2351913,2351946,59,+
2355303,2355346,49,+
2357765,2357795,63,+
2357916,2357943,55,+
2364213,2364238,69,+
2364244,2364264,51,+
2366606,2366642,58,-
2367078,2367107,52,+
2367427,2367451,60,-
2372699,2372728,57,+
2429977,2430002,47,-
2435912,2435935,60,-
2438756,2438793,74,+
2439006,2439024,49,+
2441906,2441931,47,+
2442212,2442242,60,-
2455445,2455468,60,-
2456332,2456357,75,+
2456476,2456507,50,+
2457681,2457714,61,+
2461191,2461229,51,+
2463460,2463499,57,+
2466653,2466678,57,-
2469154,2469186,59,-
2471119,2471162,52,+
2471427,2471448,49,+
2475130,2475149,47,-
2478892,2478912,49,+
2479837,2479856,49,+
2481102,2481128,56,+
2481336,2481360,48,-
2486108,2486128,64,+
2489927,2489954,55,+
2496547,2496569,49,+
2502205,2502241,47,-
2502386,2502411,58,-
2510636,2510662,69,+
2516174,2516194,47,-
2517061,2517108,85,-
2517136,2517157,63,+
2517876,2517904,66,-
2517917,2517935,52,-
2519474,2519505,59,+
2527608,2527634,68,+
2531094,2531115,48,-
2532936,2532965,70,+
2533114,2533147,50,-
2534379,2534399,47,+
2536970,2537007,55,+
2538638,2538662,48,+
2538756,2538776,49,+
2538909,2538926,50,+
2538959,2538977,67,+
2539325,2539353,67,+
2541547,2541581,47,+
2542242,2542257,53,+
2546311,2546344,60,+
2548505,2548537,62,+
2549721,2549743,49,+
2559031,2559056,57,+
2561352,2561393,49,+
2570821,2570851,63,+
2573428,2573454,69,+
2579925,2579944,49,+
2582073,2582096,59,-
2583144,2583181,54,+
2588905,2588947,49,+
2590264,2590287,63,+
2590360,2590394,64,+
2596848,2596866,50,+
2597480,2597518,57,+
2597785,2597817,92,+
2607442,2607462,48,+
2608679,2608711,49,-
2609038,2609078,53,-
2616299,2616332,52,+
2616774,2616812,54,+
2616929,2616951,61,+
2620512,2620540,54,-
2620616,2620635,47,+
2629337,2629360,60,+
2629729,2629747,50,+
2631866,2631885,66,+
2632300,2632318,67,+
2643033,2643060,55,-
2647522,2647564,95,+
2647591,2647616,47,+
2648464,2648482,49,+
2648567,2648589,61,+
2648853,2648871,50,-
2657526,2657546,64,+
2657653,2657677,59,+
2661140,2661172,52,+
2661479,2661512,59,+
2662223,2662254,95,+
2664323,2664342,66,+
2667159,2667181,48,+
2670781,2670806,47,-
2671990,2672009,47,+
2673652,2673671,51,+
2674939,2674970,64,+
2677301,2677322,48,+
2678543,2678569,66,+
2679401,2679434,60,+
2684350,2684386,57,-
2685914,2685946,49,+
2686155,2686174,47,+
2689739,2689767,54,-
2689796,2689822,56,-
2690679,2690698,51,-
2691143,2691163,49,+
2693078,2693103,58,+
2693718,2693753,57,-
2694851,2694894,53,-
2702554,2702576,61,+
2711615,2711640,47,-
2712113,2712129,70,+
2717473,2717503,51,+
2718378,2718400,48,+
2722556,2722581,47,+
2722599,2722630,50,+
2722694,2722736,57,+
2723027,2723053,56,+
2724831,2724860,52,+
2725224,2725241,50,+
2726686,2726704,67,+
2726740,2726779,50,+
2739981,2740015,55,+
2742907,2742926,47,+
2743187,2743217,60,+
2744264,2744286,61,+
2747255,2747284,52,+
2753499,2753518,49,+
2756791,2756819,68,+
2756979,2756997,50,+
2759134,2759165,67,+
2759959,2759983,63,-
2764360,2764380,64,+
2769458,2769474,52,+
2771250,2771280,51,+
2779230,2779255,67,-
2779853,2779879,56,+
2784151,2784169,50,-
2791409,2791428,49,+
2793766,2793806,53,+
2800866,2800889,60,-
2800960,2800976,52,+
2807244,2807277,48,+
2807519,2807563,48,+
2807858,2807878,51,+
2815030,2815059,63,+
2815109,2815137,65,-
2817383,2817418,57,-
2821502,2821532,52,+
2822291,2822323,62,+
2822531,2822575,50,-
2824438,2824458,47,-
2829815,2829836,51,+
2831140,2831169,61,+
2833566,2833600,100,+
2834764,2834793,52,+
2835786,2835808,61,+
2835918,2835938,49,+
2835983,2836014,68,+
2842726,2842746,64,-
2842786,2842816,49,+
2845081,2845100,47,-
2845705,2845735,51,+
2848312,2848336,61,+
2853279,2853309,52,+
2854998,2855022,59,+
2868030,2868055,57,-
2870455,2870478,60,+
2870483,2870506,60,+
2870562,2870590,58,+
2882753,2882772,66,+
2882779,2882798,49,+
2884501,2884522,49,+
2885332,2885374,54,-
2888397,2888426,58,-
2890758,2890784,83,+
2894880,2894917,59,-
2897912,2897941,52,+
2904244,2904285,55,+
2912300,2912342,48,+
2913745,2913774,65,+
2925948,2925982,74,+
2942448,2942478,59,-
2947110,2947150,69,+
2950344,2950363,51,-
2954841,2954887,52,-
2959388,2959431,53,-
2965250,2965271,51,-
2965679,2965704,69,-
2970216,2970236,47,-
2979354,2979374,48,-
2989505,2989537,49,-
2989969,2990001,51,-
2992572,2992601,54,-
2995973,2996009,59,-
2998427,2998451,48,-
2998934,2998961,53,-
3004073,3004110,55,-
3004154,3004172,50,-
3007232,3007255,60,+
3007469,3007499,65,-
3010559,3010575,53,-
3011437,3011460,72,-
3021073,3021100,67,-
3024915,3024946,62,-
3026819,3026847,86,-
3028605,3028637,48,-
3028979,3028997,50,-
3041871,3041897,56,-
3044917,3044948,48,-
3046884,3046901,50,-
3052756,3052776,48,-
3060816,3060834,50,+
3064615,3064645,57,+
3074120,3074140,49,-
3081459,3081481,49,-
3097689,3097726,56,-
3098597,3098638,49,+
3117535,3117552,50,-
3121686,3121709,60,+
3121714,3121737,60,+
3121742,3121765,60,+
3121770,3121793,60,+
3121798,3121821,60,+
3123370,3123393,49,-
3124291,3124311,47,-
3129026,3129062,59,-
3130691,3130724,48,+
3132709,3132733,48,-
3134031,3134051,49,-
3135224,3135249,88,+
3139905,3139928,49,-
3141632,3141656,59,-
3142378,3142407,52,-
3145670,3145717,50,-
3148681,3148702,63,-
3149008,3149037,52,-
3159391,3159431,53,-
3160317,3160348,59,-
3163751,3163791,101,-
3171834,3171856,61,-
3175883,3175905,61,-
3175967,3175987,51,+
3176610,3176627,69,-
3179359,3179396,62,+
3182960,3182983,60,-
3190203,3190224,72,-
3193969,3193993,59,-
3194651,3194680,60,+
3195451,3195476,57,-
3196305,3196331,101,-
3197550,3197582,62,-
3198951,3198980,65,+
3203387,3203413,56,-
3204162,3204181,47,-
3204759,3204790,50,+
3204928,3204972,50,-
3205702,3205726,48,-
3211083,3211114,65,-
3211208,3211230,72,-
3215052,3215081,52,-
3220405,3220429,48,-
3222671,3222707,106,-
3232337,3232368,95,-
3232593,3232623,70,-
3237024,3237062,51,+
3238555,3238587,49,+
3238695,3238714,52,+
3238778,3238812,62,-
3240129,3240149,64,-
3240218,3240261,53,-
3243338,3243365,66,+
3243387,3243406,51,-
3246383,3246404,49,-
3257902,3257933,78,-
3266688,3266713,58,-
3266843,3266884,53,-
3267707,3267731,48,-
3271327,3271347,64,+
3274653,3274672,47,-
3275465,3275491,84,-
3282167,3282203,56,-
3284996,3285018,51,-
3290190,3290209,47,+
3290664,3290694,49,-
3290962,3290987,57,-
3293322,3293342,49,-
3303550,3303592,54,-
3304144,3304183,55,-
3304207,3304249,55,-
3306541,3306579,57,-
3322791,3322820,52,-
3324852,3324874,51,-
3325699,3325721,51,-
3325891,3325931,56,-
3327137,3327162,57,-
3328877,3328900,60,+
3329993,3330031,55,+
3332052,3332070,51,-
3332324,3332352,80,-
3334953,3334983,65,-
3336611,3336631,64,-
3340302,3340330,65,-
3358457,3358487,51,-
3362230,3362249,47,-
3366346,3366366,49,-
3374942,3374964,61,-
3388282,3388301,66,-
3388384,3388404,48,-
3392124,3392142,51,-
3393320,3393351,50,-
3396861,3396895,62,-
3400629,3400658,62,-
3403765,3403787,61,-
3414764,3414795,59,-
3418782,3418803,72,-
3428009,3428028,49,+
3430308,3430332,59,-
3431950,3431982,66,-
3433032,3433058,56,-
3434314,3434342,54,-
3436230,3436271,57,-
3437590,3437622,62,-
3445492,3445521,52,+
3445545,3445575,51,+
3463948,3463973,57,+
3467840,3467860,49,-
3468936,3468960,91,-
3469721,3469745,71,-
3471366,3471403,57,+
3472520,3472547,55,-
3482249,3482276,55,+
3484579,3484607,54,+
3490414,3490433,66,+
3490443,3490467,59,+
3490488,3490524,118,-
3490529,3490554,57,-
3490853,3490882,52,-
3493930,3493948,50,-
3498349,3498378,65,+
3508759,3508783,71,-
3508806,3508835,54,-
3509815,3509844,52,+
3512443,3512472,52,-
3516400,3516423,48,-
3516923,3516952,52,-
3518807,3518828,48,-
3528924,3528942,49,-
3529747,3529773,56,-
3536832,3536851,66,+
3537766,3537798,49,-
3545088,3545119,48,+
3558159,3558187,63,-
3559421,3559447,56,+
3562317,3562338,63,-
3564435,3564463,55,-
3564829,3564862,56,-
3566445,3566481,58,-
3570336,3570376,53,-
3572700,3572724,48,-
3577341,3577364,49,-
3584895,3584914,47,+
3585919,3585949,51,+
3595638,3595677,59,-
3599081,3599097,70,-
3599605,3599638,48,-
3601572,3601615,47,+
3603786,3603816,51,-
3605772,3605805,52,-
3608575,3608599,59,-
3610960,3610994,61,-
3612804,3612827,48,-
3615086,3615114,65,-
3615166,3615185,47,-
3618358,3618389,55,-
3620775,3620800,47,-
3621728,3621765,57,+
3623730,3623763,56,+
3626280,3626307,55,-
3626321,3626364,49,-
3626488,3626527,54,-
3628286,3628306,48,-
3631452,3631472,48,-
3631474,3631492,67,-
3635144,3635163,66,-
3635304,3635323,66,-
3637876,3637904,80,-
3644809,3644832,72,-
3644981,3645012,65,+
3645987,3646022,56,+
3649152,3649191,55,-
3653488,3653507,66,-
3653642,3653665,61,+
3653914,3653939,57,+
3657253,3657286,60,-
3658389,3658419,60,+
3658966,3658987,72,-
3659832,3659868,61,+
3660693,3660718,57,+
3665611,3665640,52,+
3667248,3667278,52,-
3674423,3674443,49,-
3674580,3674601,72,+
3674744,3674775,49,-
3674927,3674947,49,-
3674972,3675008,59,-
3675287,3675307,47,-
3681155,3681177,48,+
3693165,3693186,63,-
3697749,3697769,48,+
3698093,3698128,50,-
3699038,3699066,54,-
3704084,3704126,54,+
3705709,3705730,49,-
3707220,3707247,58,-
3710939,3710976,59,-
3711148,3711185,59,-
3713219,3713259,54,-
3715359,3715382,60,+
3717166,3717210,54,-
3721747,3721776,52,+
3722334,3722354,64,-
3722447,3722478,61,-
3725341,3725359,67,-
3729056,3729099,50,-
3729272,3729292,49,-
3729418,3729443,57,-
3729488,3729511,49,+
3731780,3731804,48,-
3734202,3734244,64,-
3742812,3742832,48,-
3744935,3744966,51,-
3748911,3748947,59,-
3749093,3749128,64,-
3749545,3749574,70,-
3757989,3758014,57,-
3760782,3760800,49,+
3768896,3768934,57,-
3769830,3769863,64,+
3770178,3770205,55,+
3779371,3779404,59,-
3782736,3782753,50,-
3783344,3783367,60,+
3783465,3783488,60,-
3784035,3784058,49,+
3784513,3784535,61,+
3784619,3784639,64,-
3784851,3784889,53,+
3791198,3791234,61,-
3791853,3791871,50,-
3796108,3796146,55,+
3797202,3797247,48,+
3797280,3797301,49,-
3797384,3797404,47,+
3800818,3800841,60,+
3802139,3802182,48,-
3805474,3805497,60,+
3810216,3810237,63,+
3810242,3810265,60,+
3810270,3810293,60,+
3810298,3810321,60,+
3810452,3810470,49,+
3811369,3811393,48,-
3812405,3812423,49,-
3812852,3812877,47,-
3813832,3813878,47,-
3814469,3814504,65,-
3814823,3814854,65,-
3819654,3819675,49,+
3832267,3832303,55,-
3832673,3832709,55,+
3836250,3836270,47,-
3848627,3848648,63,-
3849386,3849408,48,-
3864244,3864269,47,-
3865814,3865846,48,-
3869808,3869825,50,-
3873895,3873924,68,-
3875470,3875493,49,+
3880439,3880459,48,+
3890741,3890760,56,-
3894063,3894079,53,-
3894294,3894335,58,-
3896606,3896634,67,-
3900096,3900118,48,-
3901542,3901558,70,-
3904349,3904391,53,-
3909144,3909162,49,-
3914923,3914942,49,-
3917886,3917915,61,-
3920546,3920564,49,-
3928604,3928629,58,-
3937917,3937937,64,-
3949654,3949674,47,-
3954866,3954908,51,+
3955935,3955964,63,-
3956163,3956189,56,-
3965412,3965453,70,-
3972702,3972733,55,-
3981256,3981276,48,-
3983988,3984017,68,-
3984081,3984109,71,-
3987154,3987180,61,+
3987243,3987276,60,-
3988063,3988108,49,-
3996970,3996994,48,-
4005389,4005420,50,-
4005582,4005601,49,+
4014854,4014876,61,-
4018380,4018400,48,-
4020724,4020744,47,+
4020979,4021010,77,-
4026629,4026655,84,-
4026686,4026717,51,-
4028665,4028683,50,+
4032914,4032933,47,-
4033160,4033193,51,-
4034267,4034299,64,-
4040661,4040697,61,-
4044300,4044316,53,-
4051546,4051581,54,-
4051693,4051714,63,+
4051807,4051827,64,-
4054148,4054177,52,-
4055955,4055983,54,+
4058460,4058500,55,+
4059174,4059193,49,+
4060715,4060733,49,-
4062553,4062584,55,-
4068675,4068709,59,-
4071301,4071317,53,+
4073375,4073408,47,-
4075706,4075725,47,-
4079059,4079091,49,-
4081575,4081597,61,-
4082015,4082033,49,-
4082379,4082397,49,+
4084021,4084041,64,+
4086256,4086284,65,+
4087793,4087822,68,-
4087861,4087897,48,-
4088591,4088618,53,-
4091391,4091410,51,-
4102095,4102122,58,-
4108289,4108310,49,+
4108608,4108635,55,+
4111214,4111232,49,+
4111781,4111811,68,-
4114858,4114891,79,-
4115416,4115434,50,+
4115563,4115579,70,-
4115594,4115616,49,-
4119215,4119243,54,+
4119370,4119401,67,-
4120595,4120630,61,+
4120837,4120860,71,-
4121803,4121842,55,+
4122886,4122906,49,-
4124219,4124234,53,-
4126570,4126606,55,-
4129797,4129818,48,-
4129913,4129942,54,+
4133063,4133103,50,+
4134659,4134688,52,+
4135321,4135340,47,-
4135584,4135607,60,+
4137325,4137358,70,-
4139194,4139229,65,+
4142901,4142930,68,+
4142985,4143025,68,-
4150570,4150600,82,-
4154510,4154537,61,-
4165102,4165134,49,+
4165162,4165191,65,-
4165822,4165841,49,-
4167531,4167550,49,-
4167950,4167987,53,-
4174097,4174129,65,+
4175904,4175939,104,-
4176937,4176955,67,-
4178032,4178049,50,-
4178429,4178456,55,-
4181147,4181166,66,-
4182361,4182384,60,+
4182574,4182595,62,-
4185719,4185749,77,-
4185767,4185792,67,-
4189050,4189089,58,-
4190092,4190119,66,-
4213461,4213502,53,+
4215076,4215105,52,-
4217293,4217323,51,+
4217926,4217946,48,-
4218090,4218121,78,-
4222853,4222890,100,-
4224204,4224222,52,-
4226298,4226328,55,-
4226354,4226388,47,-
4232060,4232096,61,-
4234592,4234611,51,+
4235907,4235940,50,-
4241650,4241687,58,+
4245191,4245218,71,-
4246073,4246101,68,-
4247225,4247257,67,-
4247831,4247855,48,-
4249683,4249716,67,+
4249819,4249836,52,+
4251602,4251639,55,-
4256655,4256675,48,+
4256770,4256786,70,-
4259126,4259149,60,+
4259154,4259177,60,+
4259182,4259205,60,+
4262136,4262164,69,+
4262524,4262546,61,+
4262599,4262619,64,-
4266086,4266105,47,+
4269389,4269406,50,-
4275573,4275606,62,+
4278497,4278535,54,+
4279797,4279831,67,-
4281229,4281248,66,-
4282134,4282151,69,-
4282268,4282289,49,-
4283202,4283232,51,-
4285079,4285112,64,-
4291179,4291204,47,-
4292650,4292670,48,-
4297384,4297401,50,-
4297420,4297452,58,-
4301073,4301105,65,+
4301394,4301413,47,+
4309153,4309183,79,-
4310040,4310066,56,-
4313393,4313416,60,-
4313421,4313444,60,-
4315569,4315597,54,-
4316623,4316642,47,-
4318893,4318916,48,-
4323421,4323449,54,+
4325516,4325551,59,+
4325630,4325651,63,+
4326389,4326418,65,-
4326522,4326544,61,-
4328550,4328568,49,-
4328776,4328794,50,-
4330845,4330870,60,-
4332154,4332172,49,+
4332874,4332894,49,-
4340077,4340093,52,+
4341013,4341035,51,-
4345092,4345121,83,+
4347066,4347093,55,-
4347380,4347400,49,-
4350368,4350388,51,+
4352666,4352691,66,+
4353471,4353487,52,+
4355936,4355966,79,-
4357828,4357849,63,-
4359474,4359506,50,-
4360046,4360072,56,+
4362054,4362083,61,-
4364162,4364183,109,+
4369018,4369047,52,+
4369219,4369239,47,-
4370367,4370404,58,-
4378618,4378645,71,-
4379818,4379863,52,-
4380662,4380687,69,+
4380764,4380807,53,-
4380894,4380923,108,-
4381512,4381537,47,-
4389046,4389066,47,-
4391171,4391205,64,-
4391643,4391671,80,-
4395195,4395241,61,+
4401700,4401719,47,-
4409952,4409973,63,-
4416094,4416113,49,+
4418350,4418374,48,-
4430017,4430053,56,-
4431331,4431365,94,-
4437069,4437088,47,-
4437131,4437150,49,-
4440841,4440864,50,+
4450223,4450245,48,-
4452801,4452820,47,+
4457237,4457267,63,+
4463366,4463410,90,-
4464806,4464830,86,-
4467366,4467389,48,-
4468534,4468554,47,-
4469660,4469703,54,+
4472531,4472564,63,-
4473563,4473582,66,-
4474550,4474580,51,-
4475528,4475555,64,-
4479162,4479178,52,-
4484279,4484310,67,+
4485033,4485063,55,+
4488525,4488546,49,-
4498704,4498733,52,-
4501258,4501281,60,-
4504831,4504863,52,+
4509050,4509094,53,+
4509802,4509825,60,-
4514635,4514657,61,-
4517418,4517439,63,-
4520428,4520453,47,-
4520714,4520737,60,+
4522203,4522239,47,-
4523233,4523260,53,+
4528195,4528238,53,-
4528394,4528428,62,-
4538614,4538642,81,-
4539161,4539192,54,-
4539473,4539506,47,+
4550895,4550913,50,+
4559525,4559545,52,-
4560785,4560805,64,+
4560850,4560881,82,-
4570171,4570194,48,-
4579840,4579874,55,-
4583971,4583994,60,+
4584076,4584109,60,+
4584698,4584719,63,+
4587722,4587763,50,-
4589871,4589903,62,-
4591074,4591098,59,-
4591192,4591211,66,-
4594798,4594821,49,-
4596170,4596195,47,-
4600491,4600515,48,+
4604179,4604198,49,+
4604446,4604481,56,-
4612367,4612394,55,-
4614812,4614849,53,-
4618700,4618737,75,+
4618756,4618786,96,+
4618792,4618822,96,+
4618828,4618858,96,+
4618864,4618899,48,+
4648236,4648254,50,+
4648697,4648732,48,-
4653577,4653598,51,+
4655332,4655359,66,+
4657848,4657873,57,+
4657980,4658018,69,+
4658114,4658136,48,+
4663196,4663222,56,-
4663421,4663462,69,+
4666216,4666261,49,-
4667908,4667926,52,-
4672616,4672632,52,-
4674646,4674665,66,-
4682530,4682553,60,+
4682588,4682610,61,-
4683614,4683636,61,+
4683671,4683694,60,-
4685357,4685375,50,-
4693764,4693802,57,+
4693902,4693933,100,-
4698543,4698575,48,+
4698593,4698628,62,+
4699181,4699211,51,-
4699709,4699727,49,-
4700424,4700457,58,+
4701907,4701935,54,-
4703613,4703654,48,+
4704629,4704649,48,-
4710895,4710919,48,-
4721389,4721406,69,-
4722276,4722316,50,+
4723494,4723513,47,-
4729371,4729402,79,+
4730345,4730373,67,-
4749676,4749723,88,-
4752702,4752726,48,-
4753443,4753462,49,-
4757509,4757525,53,-
4759210,4759229,47,-
4759320,4759343,50,+
4764219,4764243,69,-
4767864,4767887,60,+
4768434,4768463,68,+
4768475,4768498,60,+
4771449,4771485,75,+
4771586,4771605,51,-
4771686,4771709,60,-
4773380,4773416,102,-
4774780,4774802,48,-
4774946,4774971,47,+
4776200,4776227,58,-
4777033,4777052,47,-
4780550,4780574,48,-
4791727,4791747,64,+
4791811,4791842,63,-
4791896,4791924,70,-
4792926,4792968,53,-
4795653,4795682,58,+
4796686,4796707,72,+
4799836,4799854,49,+
4800699,4800743,52,-
4806493,4806514,49,-
4807145,4807169,48,-
4810667,4810703,58,+
4811860,4811882,48,-
4816134,4816172,54,-
4816826,4816847,63,+
4816852,4816875,60,+
4816941,4816961,64,-
4822058,4822085,55,+
4822162,4822182,64,-
4828789,4828812,49,-
4828884,4828921,51,+
4829021,4829050,51,-
4836352,4836376,61,-
4836591,4836609,50,-
4847529,4847550,49,+
4847923,4847940,52,-
4849084,4849104,51,-
4849274,4849304,65,+
4854798,4854816,52,-
4856963,4856993,66,-
4858043,4858063,64,-
4862229,4862258,79,-
4864895,4864916,49,-
4865446,4865475,66,-
4869312,4869344,47,+
4869905,4869932,66,+
4869989,4870012,60,-
4870024,4870052,54,-
4874849,4874873,59,+
4874892,4874921,64,+
4876153,4876184,67,-
4881036,4881055,49,-
4883936,4883966,51,+
4884671,4884688,52,+
4884753,4884785,68,+
4884940,4884956,52,-
4885146,4885169,49,+
4892047,4892087,71,-
4893876,4893895,47,-
4896288,4896312,59,+
4897137,4897165,67,-
4897195,4897226,50,+
4899519,4899548,52,-
4900086,4900114,54,-
4903095,4903115,64,-
4904057,4904086,52,+
4906571,4906604,64,-
4909610,4909629,47,+
4910923,4910958,54,-
4911008,4911035,71,-
4918496,4918519,49,-
4919051,4919070,84,-
4919714,4919732,49,-
4931281,4931313,64,-
4932264,4932286,49,-
4932647,4932687,52,-
4936241,4936266,69,-
4936412,4936439,55,-
4940600,4940625,57,-
4940906,4940937,48,-
4942133,4942152,47,-
4943774,4943792,49,+
4945558,4945591,60,+
4955680,4955701,49,-
4957081,4957113,59,-
4957225,4957259,59,+
4960013,4960049,59,+
4961853,4961877,59,-
4964365,4964408,95,-
4968900,4968931,64,+
4969382,4969402,64,+
4980008,4980026,50,+
4992033,4992051,49,-
4993747,4993770,49,-
5002036,5002077,53,+
5003952,5003980,80,-
5005064,5005085,63,+
5005133,5005156,60,-
5007553,5007576,60,+
5009255,5009278,60,+
5012649,5012684,50,-
5013951,5013970,49,+
5017694,5017726,65,+
5017768,5017796,54,+
5023036,5023070,60,+
5025445,5025463,49,-
5029386,5029406,92,-
5032864,5032886,61,-
5040654,5040688,51,+
5041847,5041886,54,-
5043030,5043056,56,-
5043541,5043573,50,-
5045589,5045612,48,-
5046366,5046396,62,-
5049604,5049632,55,-
5050561,5050593,49,+
5060959,5060978,66,+
5061875,5061895,49,-
5069812,5069842,66,-
5076473,5076501,55,+
5077381,5077418,53,-
5078483,5078502,47,+
5086995,5087026,63,+
5087236,5087257,90,-
5089003,5089025,89,-
5090590,5090620,66,-
5090655,5090681,60,+
5090696,5090727,50,-
5093226,5093266,49,+
5094955,5094982,55,+
5096647,5096673,56,+
5096784,5096815,108,-
5097004,5097049,48,-
5097220,5097240,51,-
5107619,5107648,52,-
5107864,5107885,51,-
5109267,5109301,75,-
5109950,5109986,59,-
5113022,5113040,49,-
5119523,5119554,50,-
5120566,5120593,86,-
5129225,5129255,82,+
5129662,5129691,60,+
5129841,5129873,64,+
5129951,5129987,59,+
5130516,5130548,50,+
5132437,5132455,49,+
5132659,5132679,64,-
5132919,5132937,52,-
5133100,5133116,53,-
5133435,5133455,54,+
5134229,5134253,48,+
5134926,5134959,48,+
5136919,5136944,104,+
5137267,5137297,52,+
5137489,5137509,48,+
5144738,5144756,49,+
5145419,5145439,47,+
5145750,5145769,49,-
5146524,5146544,49,+
5149085,5149106,49,+
5149366,5149389,60,+
5149454,5149477,60,-
5150067,5150099,50,-
5150791,5150824,62,-
5157157,5157187,52,-
5167253,5167280,55,-
5167640,5167660,64,+
5170359,5170379,64,-
5171715,5171731,70,+
5175361,5175380,66,-
5175565,5175583,49,+
5177265,5177292,68,-
5178895,5178937,53,+
5181770,5181793,48,-
5182156,5182177,63,+
5183115,5183138,60,-
5187240,5187257,50,+
5192337,5192368,48,-
5193562,5193590,55,+
5193921,5193953,59,-
5194767,5194806,71,-
5194854,5194876,51,-
5195854,5195888,61,-
5196093,5196121,69,-
5205862,5205893,70,-
5207032,5207055,60,+
5215493,5215515,61,+
5216347,5216380,64,-
5217672,5217692,64,-
5218298,5218324,69,-
5224886,5224913,55,-
5237619,5237647,57,-
5237777,5237807,63,-
5243934,5243971,61,+
5245336,5245364,54,-
5246089,5246112,60,+
5246279,5246309,66,-
5251222,5251252,51,+
5251295,5251314,47,+
5251342,5251370,68,+
5252279,5252298,66,+
5252334,5252374,95,-
5256364,5256382,49,+
5257227,5257271,52,-
5262186,5262206,64,-
5267779,5267804,47,+
5271782,5271809,55,+
5273951,5273997,50,-
5274441,5274464,48,+
5275796,5275831,73,-
5278455,5278479,59,+
5279499,5279526,55,-
5283659,5283706,63,+
5284557,5284584,55,-
5285315,5285338,48,-
5286655,5286696,55,-
5286753,5286782,63,+
5294507,5294544,58,+
5295945,5295977,65,-
5299845,5299884,53,-
5306935,5306972,56,-
5307347,5307368,63,-
5307398,5307430,64,-
5317336,5317368,65,-
5318626,5318642,52,-
5319751,5319776,60,-
5319800,5319826,56,-
5323261,5323282,64,-
5325502,5325527,57,+
5328143,5328168,47,+
5329266,5329293,66,-
5329601,5329634,59,+
5330757,5330781,48,-
5330809,5330852,50,-
5336095,5336124,52,-
5339292,5339317,68,-
5343520,5343556,58,-
5353864,5353903,53,-
5357444,5357479,50,+
5357975,5357992,50,+
5358158,5358186,55,-
5358759,5358796,55,+
5358860,5358893,51,+
5358939,5358956,52,-
5361104,5361125,48,+
5361871,5361897,66,+
5368201,5368234,59,-
5378001,5378044,48,-
5378501,5378521,49,-
5385175,5385209,59,-
5389713,5389736,60,-
5391438,5391457,47,+
5394433,5394456,60,-
5396291,5396324,48,-
5399757,5399784,64,-
5406882,5406907,57,+
5407828,5407847,47,+
5414339,5414367,55,-
5417306,5417329,60,-
5422408,5422428,64,-
5431366,5431390,48,+
5431422,5431440,67,+
5432630,5432667,86,-
5436209,5436252,53,+
5441193,5441230,59,-
5451019,5451054,59,+
5453500,5453534,51,+
5454043,5454063,64,+
5455268,5455289,51,+
5461426,5461467,54,+
5461902,5461920,50,+
5464788,5464821,47,+
5468397,5468422,47,-
5469310,5469346,58,-
5469997,5470024,55,-
5471215,5471243,70,+
5471686,5471707,48,+
5472773,5472805,62,-
5472922,5472956,62,-
5475782,5475816,62,-
5476444,5476465,72,-
5482060,5482083,70,+
5488622,5488650,80,-
5491013,5491055,49,+
5491981,5492014,48,+
5493832,5493878,90,-
5496973,5497009,54,-
5503310,5503344,59,+
5503354,5503378,59,-
5504753,5504778,47,-
5511803,5511839,58,-
5517584,5517619,61,+
5518166,5518189,49,-
5519818,5519841,60,+
5519846,5519869,60,+
5519902,5519918,53,+
5521380,5521411,63,+
5523995,5524029,55,-
5525583,5525611,58,-
5525668,5525695,55,-
5528000,5528035,89,-
5528426,5528454,54,-
5531827,5531849,61,-
5532974,5533008,48,-
5533197,5533233,56,-
5533367,5533409,57,-
5533576,5533615,58,-
5536313,5536358,49,-
5537646,5537668,61,+
5539515,5539556,50,+
5539722,5539741,66,+
5539824,5539847,60,+
5539852,5539875,60,+
5542132,5542156,69,+
5546625,5546658,64,-
5547781,5547802,109,+
5547806,5547826,64,+
5549226,5549270,50,-
5554772,5554797,86,-
5554842,5554862,51,-
5555308,5555330,48,-
5558758,5558789,50,-
5560907,5560926,47,-
5561153,5561175,48,-
5562770,5562793,60,-
5564858,5564906,88,+
5565078,5565117,55,+
5565386,5565413,55,+
5565577,5565603,56,+
5567251,5567267,52,-
5573964,5574001,57,+
5574870,5574889,66,-
5579994,5580013,47,+
5581155,5581200,50,+
5581461,5581476,72,-
5584438,5584481,48,+
5585316,5585344,54,+
5586852,5586875,69,-
5587264,5587288,59,-
5588175,5588194,49,-
5588675,5588703,65,-
5592103,5592121,49,-
5596788,5596815,55,+
5599174,5599195,48,-
5600939,5600959,49,+
5607361,5607395,51,-
5607922,5607941,49,-
5620820,5620837,50,+
5623457,5623477,47,-
5624552,5624572,49,+
5626484,5626511,69,-
5626682,5626699,52,-
5630453,5630483,51,-
5636627,5636663,73,-
5638332,5638365,58,-
5639988,5640006,50,+
5646556,5646583,64,+
5647308,5647325,52,+
5661866,5661907,54,+
5664741,5664788,48,-
5674818,5674845,66,-
5676347,5676374,55,+
5683703,5683737,62,+
5683921,5683946,47,+
5686950,5686981,54,+
5687543,5687563,48,-
5690951,5690975,48,-
5701024,5701051,89,-
5703429,5703469,51,-
5703768,5703805,55,-
5711626,5711645,49,-
5716069,5716095,56,+
5717165,5717181,70,-
5720606,5720635,52,+
5721949,5721972,60,-
5728589,5728618,51,-
5732315,5732355,55,-
5736329,5736362,61,-
5738256,5738290,59,-
5739413,5739436,60,-
5742657,5742692,60,+
5746061,5746110,47,-
5747719,5747753,51,-
5748194,5748226,65,-
5749425,5749452,53,-
5750068,5750107,50,-
5759780,5759809,63,-
5763348,5763370,61,+
5770624,5770645,49,+
5774135,5774164,61,+
5774300,5774321,49,-
5775843,5775866,48,-
5775895,5775938,54,-
5777212,5777247,62,-
5784084,5784113,52,+
5786700,5786719,52,-
5788192,5788218,71,-
5790239,5790262,49,-
5792314,5792345,50,+
5798012,5798031,51,+
5802480,5802504,69,-
5802554,5802584,51,-
5807565,5807608,55,-
5827046,5827076,62,-
5827548,5827582,50,-
5832272,5832306,62,+
5832692,5832728,89,+
5836857,5836877,49,+
5837839,5837877,73,-
5839636,5839652,53,+
5841144,5841183,52,+
5845554,5845582,54,+
5845772,5845799,55,-
5846664,5846684,49,-
5851981,5852021,54,-
5852266,5852302,55,-
5852893,5852910,52,-
5855492,5855525,48,+
5861303,5861324,48,+
5862518,5862550,59,-
5863743,5863759,52,-
5866077,5866095,50,+
5869208,5869232,69,+
5870994,5871026,62,-
5871939,5871966,55,+
5872683,5872713,51,-
5873070,5873090,47,-
5874006,5874029,48,+
5882305,5882331,56,-
5882759,5882786,81,-
5892579,5892604,57,+
5893924,5893943,47,-
5896396,5896437,50,-
5898073,5898097,59,-
5901294,5901318,48,+
5902158,5902201,52,+
5902292,5902312,47,+
5902429,5902472,49,-
5907149,5907169,47,+
5908675,5908700,86,-
5910991,5911024,74,+
5913625,5913662,57,-
5915464,5915497,75,+
