start,end,score,strand
3822,3841,47,-
8143,8167,59,+
9579,9598,49,-
9762,9796,58,-
14235,14263,52,+
16248,16271,60,-
16276,16299,60,-
18139,18156,52,-
19404,19450,92,-
19461,19485,48,-
19641,19661,47,-
24636,24670,72,+
24751,24771,64,+
24840,24861,63,-
25751,25785,59,+
26261,26294,64,-
34371,34411,51,-
38033,38052,56,+
38169,38192,60,-
38197,38220,60,-
38367,38411,54,-
38985,39003,50,-
39142,39165,60,+
39447,39494,48,-
43046,43065,66,+
49905,49946,58,+
50027,50049,61,+
51361,51387,61,+
51995,52023,54,+
54885,54925,71,+
57547,57568,64,-
60309,60346,73,+
61630,61661,105,+
61760,61780,64,-
62345,62368,64,-
66636,66656,64,+
66696,66716,64,-
70969,71003,58,+
72272,72294,61,+
73013,73036,60,-
81385,81413,54,-
84711,84736,86,+
84845,84864,49,-
84940,84982,54,-
85010,85030,64,-
86168,86188,64,+
86239,86259,64,-
86386,86425,54,-
88168,88205,75,-
88282,88308,68,-
88316,88332,52,-
88345,88375,66,-
91679,91698,47,+
93811,93844,48,+
93950,93971,72,+
95786,95834,90,+
95858,95875,52,+
102204,102228,48,-
106759,106801,95,+
106888,106932,52,-
107906,107941,65,-
108162,108182,51,-
114286,114314,83,-
115016,115045,54,-
115567,115594,88,+
115857,115882,47,-
118978,119003,86,+
126984,127032,88,-
127124,127146,61,+
127220,127243,60,-
130844,130873,65,+
130931,130957,73,+
131146,131166,64,+
136600,136620,64,+
137331,137351,48,-
139279,139307,54,+
139634,139668,61,+
139802,139826,59,-
145694,145723,60,+
154392,154419,55,+
155344,155384,55,-
157666,157707,57,-
159977,160000,60,-
160005,160028,60,-
160033,160056,60,-
160061,160095,102,-
160625,160652,55,+
161094,161121,68,-
162019,162059,52,-
164008,164052,79,+
164222,164249,65,+
164412,164439,55,+
164528,164558,52,+
165583,165612,51,-
168500,168531,50,+
168845,168867,72,+
169592,169625,101,+
171879,171896,50,-
172801,172841,114,+
172924,172958,74,+
176322,176360,56,+
176449,176469,64,+
181520,181551,95,-
181604,181627,60,-
181632,181653,63,-
185135,185171,64,-
187976,188003,55,-
193212,193234,48,+
194850,194873,60,-
197660,197685,47,+
198700,198721,53,+
203861,203888,55,-
204301,204328,55,-
209144,209163,49,-
212340,212382,49,-
214602,214623,72,+
214656,214675,66,-
214908,214929,72,+
214969,214988,66,-
215131,215155,71,+
219662,219694,82,-
225216,225236,64,+
227097,227127,62,+
229011,229034,60,+
229061,229101,53,+
230069,230090,48,-
231760,231783,60,+
231797,231815,49,+
231866,231885,47,-
234640,234660,64,+
236375,236410,50,-
236969,236991,61,-
240524,240567,55,-
250724,250749,57,+
252544,252574,66,+
254007,254023,52,+
255483,255503,64,-
255683,255703,64,+
259210,259233,60,-
259255,259276,48,-
262388,262411,60,-
264496,264519,60,+
266931,266952,63,+
268205,268240,54,+
272522,272549,53,+
272614,272644,70,+
273218,273256,69,-
273647,273670,49,-
275123,275141,51,-
275636,275669,55,-
283665,283689,48,-
290459,290487,54,+
292118,292147,52,-
292152,292175,60,-
313296,313317,63,-
319548,319576,66,+
321073,321093,64,-
321130,321159,52,-
325910,325952,50,+
333394,333427,48,+
334220,334242,89,-
334359,334398,73,-
345027,345046,47,+
349397,349417,48,+
350726,350748,48,-
351545,351569,59,-
353382,353401,49,-
353758,353784,64,-
354404,354425,63,-
354526,354550,48,-
355919,355955,61,-
357787,357810,60,-
361811,361838,55,+
362017,362048,50,+
371235,371271,119,-
373163,373184,48,-
373737,373763,56,+
376657,376690,60,+
378160,378180,64,-
383051,383074,60,+
383200,383223,60,-
383281,383304,60,-
383362,383385,60,-
383401,383422,48,-
387008,387037,97,+
387179,387200,63,-
387220,387240,47,-
387282,387309,64,-
387609,387636,66,+
388573,388590,50,+
393889,393907,51,+
394385,394423,61,+
396347,396364,52,+
398193,398214,72,+
398845,398865,64,+
399085,399105,64,+
399326,399346,64,+
399444,399477,51,+
400113,400155,47,+
401889,401912,60,+
401917,401940,60,+
406194,406214,92,-
411387,411429,57,+
411889,411916,81,-
413482,413508,66,+
413840,413878,53,+
414181,414214,64,+
415876,415914,53,-
420211,420228,50,-
421489,421506,52,+
425498,425517,49,+
426790,426814,48,+
430867,430892,47,+
435290,435319,70,+
435356,435386,51,+
440100,440141,70,-
441241,441271,60,+
441292,441322,57,+
441666,441693,55,+
442136,442155,49,+
444585,444607,61,-
451379,451406,100,+
454632,454667,75,-
454783,454822,59,-
459269,459293,59,-
459296,459316,64,+
465118,465136,49,-
472484,472521,58,+
474818,474836,50,+
474985,475011,68,+
475133,475166,59,+
476013,476052,51,-
476125,476146,49,-
479333,479365,59,-
479393,479435,49,-
479475,479496,49,-
482077,482105,69,+
482193,482216,60,-
484318,484355,58,-
495237,495256,66,+
497352,497371,49,+
503878,503903,57,-
509433,509467,75,+
513584,513607,60,+
513612,513635,60,+
513700,513734,62,-
513779,513811,49,-
516969,516991,51,-
517076,517104,61,+
519333,519368,58,+
519421,519442,48,+
519543,519560,50,-
522582,522607,66,+
522619,522644,66,-
523090,523114,59,-
524145,524168,60,+
524312,524338,67,-
528747,528780,62,+
528861,528892,60,-
538356,538380,48,+
538486,538514,54,+
539789,539825,59,-
547317,547338,63,+
547343,547366,60,+
547392,547413,63,+
547751,547778,55,-
549628,549656,86,+
549704,549726,61,-
550427,550461,61,+
550862,550883,48,+
552676,552700,48,-
554194,554212,50,+
559629,559649,64,-
564327,564350,60,-
569275,569312,52,-
571040,571086,80,-
571875,571897,48,+
579594,579614,64,-
579673,579697,59,-
591314,591339,61,-
591355,591381,56,-
600792,600819,55,+
601998,602022,104,+
602089,602118,68,-
605939,605961,48,+
609649,609668,47,-
609966,609994,69,+
616274,616321,48,+
617582,617602,64,-
617721,617742,72,+
618475,618492,50,+
619114,619144,51,-
621066,621089,60,-
621094,621115,63,-
621205,621231,69,+
622685,622724,57,+
623988,624008,49,-
624825,624847,73,+
625084,625111,55,-
626477,626512,99,-
626526,626544,49,-
628747,628768,48,+
631639,631660,48,-
633491,633511,48,-
640290,640318,68,-
640999,641027,60,+
641602,641631,63,-
641724,641751,55,-
641780,641800,48,-
643084,643103,49,-
644085,644103,49,+
644250,644292,69,+
644420,644451,64,-
644472,644502,107,-
644524,644560,73,-
644836,644869,51,-
660503,660544,49,+
662288,662320,48,-
664667,664705,84,+
664905,664924,51,-
665186,665201,53,-
667085,667105,64,+
668784,668809,58,+
670910,670942,49,-
685030,685059,67,+
688345,688379,59,-
699539,699563,59,+
703642,703669,53,+
704501,704523,61,+
704949,704995,47,+
714677,714698,51,+
721208,721245,55,+
729096,729127,62,-
739099,739125,64,+
742801,742821,64,-
744408,744429,72,+
744477,744497,64,-
744668,744710,49,-
746211,746236,47,+
746283,746320,61,+
747374,747410,58,+
750271,750295,71,-
750308,750328,64,-
751642,751662,49,-
761802,761833,60,+
764546,764574,64,-
767907,767940,65,+
769161,769179,49,+
772196,772214,49,-
781733,781750,50,+
782049,782072,60,-
782381,782409,63,-
783201,783237,52,-
783411,783446,60,+
786188,786234,90,-
786478,786507,52,-
792791,792814,60,+
792819,792842,60,+
792847,792870,60,+
792875,792898,60,+
794630,794652,89,+
794736,794756,64,-
794763,794790,63,+
794896,794920,58,-
801323,801343,64,-
802045,802061,52,+
802565,802598,48,+
804722,804755,64,+
804785,804805,48,+
805888,805906,49,+
809976,809997,63,-
811217,811237,64,-
811241,811261,64,-
813880,813909,83,+
818960,818988,54,+
819043,819064,72,+
819473,819495,49,-
819641,819678,60,-
822859,822893,56,+
823700,823722,49,+
824443,824479,59,-
825759,825801,47,-
827982,828012,51,-
828516,828538,48,+
829247,829279,49,+
831405,831441,55,-
833327,833367,56,-
833754,833786,103,-
837224,837259,50,+
837771,837796,57,-
840637,840660,60,-
842336,842359,60,-
843295,843317,61,-
844818,844838,64,+
844889,844914,66,-
846491,846521,51,+
856910,856930,64,-
858842,858882,55,+
868082,868122,49,-
878942,878959,50,+
886564,886583,47,-
891088,891109,63,+
891121,891141,64,-
891148,891177,65,+
891274,891297,60,-
892622,892648,56,-
895030,895054,48,+
895758,895782,59,-
895885,895915,51,+
897415,897443,57,-
897908,897951,55,-
899326,899356,51,-
902796,902823,55,-
902927,902964,55,-
910947,910966,66,-
911104,911138,67,-
911560,911584,58,-
912602,912623,48,+
913950,913972,51,+
914260,914294,75,+
915486,915510,59,+
917357,917385,86,+
919968,920013,90,+
929017,929054,75,-
931075,931108,58,-
936664,936702,57,+
937766,937789,60,+
938185,938208,60,-
940913,940939,55,-
942860,942880,47,+
943234,943260,101,+
944901,944920,66,-
949909,949944,76,+
950001,950026,67,+
950112,950132,49,+
950392,950418,91,-
951496,951523,88,-
956888,956908,49,+
958346,958367,63,+
958401,958422,49,-
958435,958457,61,-
970186,970218,62,+
970330,970351,48,+
973850,973871,62,+
976366,976390,59,-
977595,977619,48,+
978025,978056,95,-
978116,978133,52,-
981926,981946,49,+
983366,983394,57,+
986329,986360,50,+
986963,986980,50,+
988344,988364,64,-
991646,991667,72,-
993226,993252,56,+
993885,993917,47,-
999587,999607,47,+
999643,999664,72,-
1001227,1001261,59,+
1006433,1006475,53,+
1008663,1008697,60,+
1012571,1012596,68,+
1012876,1012900,67,-
1016383,1016406,48,+
1017600,1017632,65,+
1019744,1019762,51,+
1020099,1020123,48,-
1027177,1027204,55,+
1027467,1027489,49,-
1027827,1027850,48,+
1031483,1031503,64,+
1031576,1031599,60,-
1032239,1032267,55,+
1034072,1034110,57,+
1034264,1034302,61,-
1035419,1035451,51,-
1035982,1036005,49,-
1037146,1037178,52,-
1043775,1043811,59,-
1045895,1045926,60,+
1046626,1046644,49,-
1046659,1046678,49,-
1051956,1051989,48,-
1052034,1052076,69,-
1054122,1054145,60,+
1054207,1054230,60,-
1054235,1054258,60,-
1054950,1054983,63,+
1056898,1056929,76,-
1056970,1057013,48,-
1059244,1059262,49,+
1060540,1060576,102,-
1060627,1060657,77,-
1064698,1064714,52,+
1065546,1065565,49,-
1071267,1071285,49,-
1079089,1079117,68,+
1079463,1079486,60,+
1080348,1080392,67,+
1080622,1080661,57,+
1081800,1081835,107,+
1086760,1086796,57,-
1088688,1088726,57,+
1089109,1089157,47,+
1092595,1092631,70,+
1092705,1092727,89,+
1097229,1097256,58,+
1098488,1098513,47,-
1099107,1099127,47,+
1100332,1100350,49,+
1101290,1101313,60,+
1101358,1101392,62,-
1102019,1102042,60,+
1102047,1102070,60,+
1102075,1102098,60,+
1105455,1105478,60,+
1105572,1105604,64,-
1105617,1105641,59,-
1112569,1112592,60,+
1112631,1112650,66,-
1112856,1112892,59,+
1114258,1114277,47,+
1117728,1117751,48,-
1117770,1117800,60,-
1117830,1117858,65,-
1118306,1118327,63,+
1118454,1118492,54,+
1118688,1118719,62,-
1120238,1120261,69,+
1122408,1122443,61,-
1125917,1125947,59,+
1125995,1126017,48,+
1128241,1128258,50,-
1131791,1131815,59,-
1131937,1131960,60,-
1133012,1133035,60,+
1136948,1136976,54,-
1139033,1139057,59,+
1139353,1139393,95,-
1151588,1151606,50,-
1152847,1152889,49,+
1153182,1153199,69,+
1153284,1153313,52,-
1158098,1158116,49,-
1161809,1161829,48,+
1162305,1162324,47,+
1164625,1164642,69,+
1167105,1167120,53,+
1167915,1167931,52,+
1176987,1177007,64,-
1179413,1179436,60,+
1179464,1179501,115,+
1180579,1180599,49,-
1182917,1182939,51,-
1183912,1183931,49,+
1185937,1185964,66,-
1191025,1191043,49,-
1191583,1191606,49,+
1197556,1197598,54,+
1197965,1197982,50,-
1198121,1198144,60,+
1204852,1204872,64,+
1215070,1215090,64,+
1215187,1215210,60,-
1216771,1216798,68,+
1220755,1220777,48,-
1222751,1222796,50,+
1223588,1223629,54,+
1227662,1227702,50,-
1229222,1229259,55,+
1229555,1229596,68,+
1233496,1233515,49,+
1238501,1238533,62,+
1241119,1241152,65,+
1241312,1241342,54,+
1241390,1241426,55,+
1243955,1243987,48,-
1245387,1245408,51,+
1257440,1257462,48,+
1259259,1259286,55,+
1259340,1259361,51,+
1259692,1259713,48,-
1267100,1267142,49,-
1289690,1289711,63,-
1289850,1289871,48,+
1289904,1289935,65,-
1295169,1295192,50,+
1295577,1295596,66,+
1296564,1296590,71,+
1296625,1296666,65,+
1299429,1299472,50,+
1303317,1303352,62,+
1306794,1306814,49,+
1314141,1314169,52,+
1314410,1314438,54,+
1322809,1322831,51,-
1323756,1323776,64,-
1323783,1323803,64,+
1323935,1323974,51,-
1324508,1324529,62,+
1327662,1327696,48,+
1331058,1331083,56,+
1331886,1331909,60,+
1333247,1333276,86,+
1333335,1333361,56,+
1333488,1333509,72,-
1338288,1338333,53,+
1340909,1340934,58,+
1341602,1341639,51,-
1341936,1341961,56,-
1341976,1342010,62,-
1345099,1345118,47,-
1349390,1349423,68,+
1351697,1351728,63,-
1356619,1356639,48,+
1356916,1356944,71,+
1357474,1357498,48,+
1357762,1357785,60,+
1357912,1357935,60,-
1359436,1359468,68,+
1359517,1359545,68,+
1359604,1359624,64,-
1364960,1364981,48,+
1366895,1366919,86,-
1376480,1376512,92,+
1377910,1377942,66,+
1379992,1380011,66,-
1381416,1381441,47,+
1397504,1397543,70,+
1397953,1397990,55,+
1398508,1398528,47,+
1402764,1402787,60,-
1405674,1405699,57,-
1408368,1408388,64,-
1408482,1408512,85,-
1409123,1409161,58,-
1415989,1416022,58,-
1417931,1417965,51,+
1419301,1419334,58,-
1422400,1422446,49,+
1429015,1429045,85,-
1431529,1431558,54,-
1431993,1432033,68,+
1434304,1434333,61,+
1434540,1434561,63,-
1435492,1435509,52,+
1436542,1436559,69,+
1438026,1438053,57,-
1440295,1440331,65,+
1440462,1440481,51,+
1440600,1440619,51,+
1440894,1440909,72,+
1443389,1443410,72,-
1446028,1446059,50,+
1456375,1456418,50,+
1456718,1456742,60,+
1456755,1456777,51,+
1458294,1458322,63,+
1458943,1458969,69,+
1460566,1460584,67,-
1462816,1462833,50,+
1463762,1463800,62,-
1466940,1466967,71,+
1478081,1478111,65,+
1478311,1478336,60,-
1478348,1478367,51,+
1478373,1478393,49,-
1478680,1478702,61,+
1478756,1478795,49,-
1479925,1479949,48,-
1481710,1481735,69,+
1482665,1482692,72,+
1485576,1485605,52,-
1486525,1486547,48,-
1490097,1490119,61,+
1490911,1490934,60,-
1490941,1490964,69,-
1492954,1492982,81,-
1494088,1494121,56,+
1495764,1495789,47,+
1498538,1498568,67,+
1500304,1500327,60,-
1500365,1500391,56,-
1500620,1500650,60,+
1501553,1501594,53,-
1503831,1503864,62,+
1515534,1515559,57,-
1516252,1516282,51,-
1517885,1517904,47,+
1520046,1520079,62,+
1521717,1521745,54,+
1523147,1523167,48,+
1523713,1523733,51,+
1527594,1527624,51,+
1528346,1528367,63,+
1528432,1528455,60,-
1529935,1529958,60,+
1531451,1531471,64,+
1531525,1531545,64,-
1533062,1533100,58,+
1533884,1533913,85,+
1533962,1533983,72,-
1533990,1534018,54,+
1536391,1536420,69,+
1536607,1536627,64,+
1536663,1536683,64,-
1541151,1541177,56,+
1541187,1541208,63,+
1544152,1544179,69,-
1544202,1544237,50,+
1545102,1545135,67,+
1545209,1545232,60,+
1545413,1545435,61,-
1545647,1545671,48,+
1551757,1551782,47,+
1551825,1551846,63,+
1553739,1553758,51,-
1555135,1555161,66,-
1560846,1560866,47,+
1561526,1561545,66,+
1564278,1564299,72,-
1565454,1565475,48,+
1565796,1565816,64,+
1566800,1566820,47,+
1570778,1570822,48,+
1571712,1571759,50,-
1571937,1571960,60,+
1572042,1572064,61,-
1576501,1576521,48,-
1579875,1579917,50,-
1585700,1585728,57,+
1591250,1591273,60,-
1593227,1593244,50,+
1595532,1595573,82,+
1595626,1595653,55,+
1595821,1595842,72,+
1596579,1596607,54,-
1598347,1598374,61,+
1599669,1599693,48,+
1601188,1601208,64,+
1603337,1603384,47,+
1604228,1604248,64,-
1605823,1605854,60,-
1607470,1607504,65,+
1617070,1617099,69,+
1617423,1617452,66,+
1624926,1624961,59,+
1625230,1625250,47,+
1625292,1625323,50,+
1626024,1626062,58,+
1630586,1630607,48,+
1630818,1630839,72,+
1630888,1630911,60,-
1635134,1635154,64,-
1635274,1635294,64,+
1636279,1636305,57,+
1638908,1638935,55,+
1640647,1640682,59,+
1646428,1646464,47,-
1646767,1646794,60,-
1651666,1651709,54,-
1652165,1652206,53,-
1654924,1654945,48,-
1658590,1658625,48,-
1658644,1658667,49,-
1660893,1660923,68,-
1663475,1663498,50,+
1667421,1667453,60,+
1674121,1674141,64,+
1674283,1674306,69,-
1704755,1704778,60,-
1710328,1710349,63,+
1710561,1710582,63,-
1710610,1710631,63,-
1713635,1713660,56,+
1714683,1714717,48,+
1716128,1716145,50,-
1718166,1718190,59,+
1719793,1719812,51,-
1730878,1730920,69,+
1734738,1734753,72,+
1737394,1737442,47,+
1742076,1742115,53,+
1756213,1756247,58,+
1760026,1760053,68,-
1760173,1760205,59,-
1767851,1767884,61,-
1773160,1773184,48,-
1773575,1773594,49,-
1773709,1773742,67,-
1773793,1773808,53,-
1776250,1776273,60,-
1778034,1778063,65,+
1778100,1778119,47,+
1778270,1778305,62,-
1779017,1779049,49,+
1782286,1782311,47,+
1783163,1783194,67,-
1786981,1787017,59,-
1788398,1788421,60,-
1788426,1788449,60,-
1788454,1788477,60,-
1789937,1789973,58,+
1790627,1790662,56,+
1790848,1790869,63,+
1790895,1790919,48,+
1792369,1792407,59,+
1795781,1795802,49,-
1798828,1798859,59,+
1806721,1806752,54,-
1809477,1809495,67,+
1809997,1810037,53,-
1815782,1815807,47,-
1818675,1818698,48,-
1819492,1819519,58,+
1820550,1820572,51,+
1820611,1820629,49,+
1821009,1821039,52,+
1821118,1821163,53,-
1825203,1825227,59,-
1825724,1825757,62,+
1826698,1826718,64,-
1826725,1826745,47,+
1827182,1827220,49,+
1828414,1828440,57,-
1832191,1832218,58,+
1832996,1833038,50,-
1834054,1834077,60,+
1834179,1834214,61,-
1835429,1835458,52,+
1837859,1837892,65,+
1839958,1839996,54,+
1847447,1847467,47,+
1854342,1854360,67,+
1860116,1860139,60,+
1860220,1860245,57,-
1861991,1862014,60,+
1866062,1866104,50,+
1868351,1868372,48,+
1876934,1876967,64,+
1876990,1877008,51,+
1877051,1877074,60,-
1877290,1877314,48,+
1877829,1877864,56,-
1878506,1878527,63,+
1883208,1883232,59,+
1886386,1886405,47,+
1891290,1891309,47,-
1894438,1894470,61,-
1895150,1895175,47,-
1897255,1897274,51,-
1897281,1897324,52,+
1897479,1897511,57,-
1897530,1897557,55,-
1899640,1899663,60,+
1899819,1899841,61,-
1900610,1900631,63,-
1900759,1900776,50,-
1903352,1903375,69,+
1908504,1908544,53,-
1908708,1908742,58,-
1908869,1908896,55,-
1908932,1908949,50,-
1911211,1911231,64,+
1911273,1911294,48,+
1911370,1911408,69,-
1911453,1911475,49,-
1916221,1916260,73,+
1916344,1916374,77,-
1916382,1916400,50,-
1918197,1918216,47,+
1920631,1920668,57,-
1921039,1921058,49,+
1922471,1922489,50,+
1922708,1922751,68,+
1922799,1922832,63,-
1927501,1927526,57,+
1937926,1937947,49,+
1938497,1938529,56,+
1938554,1938571,50,+
1938611,1938631,47,+
1938664,1938684,64,-
1938844,1938864,64,-
1939386,1939401,72,+
1941866,1941896,85,+
1944410,1944446,57,+
1951273,1951306,70,+
1951327,1951346,47,+
1952329,1952352,49,+
1952546,1952581,54,+
1953656,1953679,78,-
1959618,1959638,64,-
1959701,1959720,52,-
1963789,1963816,66,+
1973958,1973994,61,+
1976297,1976317,47,+
1980273,1980313,57,+
1980439,1980462,61,+
1980705,1980739,60,-
1983337,1983360,49,+
1984311,1984359,48,+
1985463,1985488,47,+
1987264,1987282,50,+
1987760,1987782,51,+
1989310,1989333,60,+
1991873,1991890,69,+
1991898,1991917,49,+
1992153,1992181,83,-
1994923,1994943,54,+
1995124,1995158,55,-
1995257,1995274,50,-
1995277,1995313,102,-
1998099,1998124,57,-
1998944,1998965,72,+
2000005,2000039,51,+
2001924,2001963,53,+
2004479,2004499,48,-
2005146,2005163,52,-
2005177,2005221,52,-
2009084,2009122,50,+
2009309,2009352,49,-
2013335,2013378,50,-
2013427,2013444,69,-
2016566,2016588,61,+
2017655,2017671,52,+
2018273,2018306,61,+
2021428,2021451,60,+
2021565,2021588,60,-
2021853,2021872,47,+
2025716,2025760,52,+
2026076,2026097,48,-
2027692,2027715,70,-
2028561,2028586,69,-
2034331,2034360,52,+
2035043,2035071,86,+
2035084,2035110,70,+
2035555,2035587,54,-
2035601,2035635,61,-
2039952,2039986,99,+
2040249,2040286,56,+
2045181,2045200,51,+
2045444,2045476,59,+
2047311,2047343,48,+
2052871,2052897,70,+
2054558,2054589,67,+
2054988,2055011,49,+
2055530,2055566,59,+
2057551,2057578,68,+
2058265,2058286,63,+
2063438,2063459,48,+
2065360,2065383,50,+
2065780,2065803,60,-
2065808,2065831,60,-
2065836,2065856,64,-
2067889,2067915,73,+
2068133,2068159,66,+
2069117,2069133,52,+
2070093,2070135,53,-
2081425,2081456,55,+
2087663,2087691,61,+
2088017,2088046,52,+
2092032,2092070,55,-
2096143,2096162,49,+
2096909,2096935,56,-
2096989,2097022,67,-
2099639,2099677,114,+
2099747,2099771,69,-
2099799,2099828,52,-
2099838,2099867,82,-
2103888,2103924,62,+
2104752,2104777,57,+
2105467,2105502,59,+
2107332,2107358,56,+
2108475,2108519,52,+
2109355,2109378,60,+
2109460,2109483,60,-
2112193,2112210,52,+
2113724,2113760,65,+
2113956,2113991,60,+
2114225,2114246,72,+
2118014,2118049,58,+
2119311,2119352,55,+
2131005,2131042,61,+
2132193,2132213,64,+
2135339,2135358,47,+
2135926,2135947,48,+
2136802,2136828,69,+
2136962,2136984,61,-
2146171,2146195,48,-
2150084,2150115,55,+
2152058,2152078,49,+
2152858,2152878,47,-
2155502,2155523,63,+
2159179,2159207,52,+
2163751,2163769,51,-
2165827,2165862,64,-
2166158,2166181,49,+
2166255,2166279,59,+
2171312,2171345,92,+
2171461,2171482,63,+
2171599,2171618,51,+
2185136,2185154,49,+
2190138,2190161,60,+
2201454,2201476,51,+
2213597,2213619,61,+
2215038,2215061,60,+
2215125,2215147,61,-
2219686,2219706,64,-
2219729,2219763,64,-
2220376,2220413,74,-
2220767,2220786,47,-
2230230,2230261,50,+
2232902,2232940,87,+
2232962,2232994,82,+
2234348,2234393,50,+
2234426,2234441,53,+
2234442,2234461,66,-
2234632,2234664,49,+
2243250,2243275,47,-
2245429,2245453,91,+
2247122,2247144,51,-
2247541,2247562,63,-
2249166,2249185,47,+
2254840,2254870,54,-
2257765,2257787,72,+
2262126,2262170,54,+
2262175,2262195,64,-
2262307,2262338,64,-
2262367,2262401,58,-
2270033,2270050,52,+
2270070,2270103,108,+
2276863,2276896,48,+
2281965,2281987,61,+
2282000,2282023,60,+
2282029,2282061,79,+
2282918,2282938,64,-
2286017,2286035,49,+
2291800,2291822,49,+
2294797,2294832,61,+
2296715,2296737,61,-
2298748,2298772,59,-
2300618,2300637,93,+
2301254,2301274,48,+
2302807,2302844,91,+
2302990,2303022,49,+
2304068,2304093,57,+
2304339,2304370,70,-
2308536,2308554,50,+
2308593,2308639,52,+
2312495,2312517,48,+
2312949,2312984,54,+
2314537,2314558,48,-
2317609,2317638,68,+
2319943,2319964,62,+
2322718,2322740,61,+
2323085,2323112,55,+
2323226,2323263,58,+
2330653,2330695,49,+
2330888,2330922,76,+
2331123,2331156,59,+
2331210,2331227,50,-
2332986,2333006,64,-
2333255,2333280,57,-
2334546,2334583,56,+
2349111,2349136,57,+
2351976,2351997,72,+
2352035,2352055,64,-
2352062,2352081,66,+
2352128,2352149,49,-
2352333,2352378,65,-
2354690,2354721,83,+
2354733,2354758,57,+
2355040,2355059,66,-
2357175,2357201,66,+
2357314,2357341,57,-
2359981,2360005,69,+
2360092,2360111,66,-
2360127,2360164,47,-
2368823,2368840,69,+
2368873,2368897,48,-
2372820,2372848,54,+
2373406,2373426,64,+
2376730,2376776,52,+
2378359,2378394,78,+
2382790,2382811,72,-
2382818,2382849,57,+
2388258,2388289,65,-
2394454,2394476,61,-
2397358,2397385,64,+
2398171,2398204,62,+
2403211,2403251,59,-
2405570,2405588,67,-
2407098,2407135,58,+
2409083,2409101,51,-
2411611,2411644,60,-
2420509,2420527,52,+
2424417,2424440,48,+
2424990,2425012,48,+
2425097,2425121,48,-
2432528,2432561,61,+
2434335,2434367,62,-
2435919,2435939,47,+
2436244,2436273,62,-
2438393,2438410,50,+
2438452,2438494,55,+
2438793,2438816,60,+
2438828,2438847,66,+
2441050,2441067,50,+
2446683,2446716,60,+
2449962,2449987,72,+
2450315,2450338,60,-
2450674,2450713,53,+
2450815,2450844,58,-
2451864,2451901,47,+
2454098,2454132,62,+
2454270,2454298,65,+
2454440,2454470,60,-
2456386,2456430,49,+
2460694,2460716,48,+
2460979,2461013,59,+
2461245,2461268,60,-
2461273,2461296,60,-
2461301,2461322,63,-
2461975,2462006,50,+
2466523,2466545,79,-
2471065,2471105,59,+
2473001,2473023,48,+
2479814,2479834,64,+
2479884,2479907,60,-
2486616,2486644,88,-
2491613,2491648,59,+
2492361,2492391,51,+
2500603,2500628,57,+
2501351,2501371,47,+
2502274,2502303,68,+
2512776,2512798,61,+
2518039,2518060,63,+
2518068,2518090,62,+
2520116,2520132,52,+
2520363,2520385,61,+
2531338,2531359,51,+
2534015,2534035,64,+
2536545,2536564,47,+
2536989,2537007,67,+
2537310,2537330,47,+
2537419,2537448,68,+
2537596,2537615,66,-
2539254,2539279,57,-
2543199,2543222,60,+
2543524,2543550,67,-
2545292,2545315,59,-
2545999,2546029,65,-
2547162,2547192,60,+
2547249,2547271,89,-
2547331,2547350,66,+
2547847,2547863,52,+
2548457,2548485,64,-
2551671,2551691,49,+
2552509,2552539,51,+
2552658,2552680,48,+
2552712,2552740,83,+
2553132,2553164,49,-
2553177,2553210,75,-
2553236,2553254,50,-
2556227,2556246,47,-
2558035,2558054,51,+
2558435,2558455,49,+
2564915,2564949,62,+
2565547,2565570,70,+
2566148,2566168,64,+
2570914,2570937,60,+
2570942,2570965,60,+
2570970,2570993,60,+
2571012,2571033,63,+
2580856,2580887,55,+
2583964,2583998,62,+
2584072,2584100,65,+
2584310,2584330,64,+
2584486,2584512,56,-
2584542,2584578,73,-
2587366,2587385,66,+
2589677,2589697,49,-
2593278,2593295,50,+
2599860,2599883,48,+
2604231,2604252,48,+
2605472,2605490,49,+
2607083,2607115,51,+
2607118,2607134,70,+
2607213,2607233,51,-
2612149,2612175,55,+
2613211,2613237,56,+
2620144,2620166,79,+
2620413,2620440,55,+
2626878,2626908,65,+
2637449,2637477,65,+
2637500,2637541,67,+
2638525,2638558,59,-
2641690,2641713,60,-
2642796,2642842,50,+
2643039,2643057,49,-
2645500,2645538,69,-
2661064,2661112,47,+
2661505,2661528,60,-
2661534,2661561,100,-
2661643,2661666,60,-
2662318,2662348,57,-
2663741,2663760,52,-
2664984,2665007,60,-
2665017,2665044,55,-
2666748,2666775,71,+
2666790,2666830,53,+
2667119,2667142,60,-
2667152,2667182,65,-
2667184,2667203,47,-
2667240,2667259,47,-
2668644,2668682,57,-
2671251,2671274,60,+
2671399,2671419,64,-
2676932,2676963,62,-
2676995,2677029,57,-
2683271,2683288,50,-
2688364,2688382,50,+
2690779,2690809,68,+
2690941,2690960,47,-
2694553,2694574,63,+
2696657,2696672,53,+
2699828,2699873,50,-
2702674,2702706,52,+
2705877,2705912,64,-
2705950,2705971,63,-
2706023,2706059,64,-
2711026,2711066,50,-
2714005,2714026,49,+
2714032,2714055,48,+
2716076,2716120,48,+
2717052,2717073,72,-
2720176,2720195,51,+
2724894,2724913,49,-
2734396,2734420,59,-
2734773,2734814,58,+
2735081,2735100,51,-
2741126,2741156,60,+
2741164,2741191,66,+
2741291,2741314,60,-
2745566,2745600,75,+
2749488,2749506,51,+
2751613,2751645,47,+
2753231,2753268,54,-
2753336,2753365,65,-
2755845,2755873,52,-
2765515,2765535,51,+
2765615,2765643,52,-
2765927,2765955,52,-
2766191,2766224,74,-
2766582,2766602,48,+
2785222,2785252,66,+
2786534,2786555,72,+
2786581,2786609,54,-
2788479,2788508,60,-
2789084,2789104,49,+
2790949,2790986,57,+
2792921,2792942,72,+
2794639,2794665,55,-
2797605,2797649,97,+
2797680,2797718,69,+
2798055,2798089,50,-
2799724,2799747,60,+
2806720,2806747,55,+
2807801,2807821,64,+
2807850,2807884,50,-
2812709,2812734,57,+
2815118,2815141,60,-
2820371,2820388,69,+
2825828,2825846,49,+
2826851,2826880,65,+
2838729,2838760,48,+
2840117,2840148,49,+
2840727,2840755,53,+
2843054,2843074,48,+
2845435,2845474,58,-
2849981,2850014,48,-
2852324,2852357,62,+
2854265,2854286,72,-
2854421,2854442,72,-
2856891,2856920,61,+
2859180,2859210,68,-
2869239,2869267,54,+
2869688,2869720,66,+
2869756,2869782,61,+
2870427,2870450,60,+
2870852,2870875,60,-
2870880,2870903,60,-
2875760,2875783,60,-
2875788,2875811,60,-
2879256,2879278,61,+
2879598,2879618,48,+
2882289,2882309,49,+
2891758,2891779,48,+
2891935,2891969,47,+
2892101,2892121,64,-
2900332,2900350,49,+
2902327,2902363,62,+
2911734,2911753,49,+
2914462,2914494,49,-
2916239,2916280,58,-
2926780,2926804,48,+
2928575,2928611,48,+
2931738,2931759,49,+
2932987,2933004,50,+
2933124,2933148,59,+
2938831,2938852,48,-
2943361,2943398,58,+
2946977,2947019,49,-
2952301,2952319,49,+
2952644,2952664,49,+
2959547,2959576,52,+
2961711,2961740,52,-
2962586,2962624,50,+
2967173,2967199,56,+
2967320,2967339,47,+
2968637,2968663,72,-
2975243,2975277,64,-
2978124,2978152,67,+
2979925,2979959,59,+
2985769,2985792,50,+
2988848,2988872,61,+
3012961,3012983,51,+
3022612,3022638,68,+
3032036,3032055,47,+
3034076,3034095,47,+
3035727,3035742,53,+
3042082,3042109,63,+
3044003,3044035,75,+
3049413,3049434,48,+
3052155,3052179,72,+
3069896,3069914,67,+
3072647,3072667,48,-
3086721,3086750,63,-
3098476,3098495,51,-
3112065,3112089,48,-
3113845,3113869,48,-
3140729,3140754,47,+
3151597,3151618,48,-
3159809,3159833,48,-
3166559,3166578,47,-
3174311,3174333,61,+
3175939,3175973,59,-
3179063,3179101,59,+
3180542,3180567,60,-
3187381,3187398,52,-
3189841,3189861,64,-
3193370,3193400,51,+
3193736,3193761,84,-
3194921,3194952,65,-
3198931,3198954,61,-
3205839,3205858,47,+
3206512,3206535,60,-
3209809,3209828,47,-
3215181,3215211,51,-
3217318,3217338,48,-
3217364,3217384,51,-
3218596,3218639,53,+
3222040,3222058,49,-
3223124,3223145,51,-
3223164,3223195,59,-
3226932,3226953,72,+
3226970,3227007,58,-
3227096,3227117,72,+
3227899,3227921,61,-
3229005,3229026,48,+
3230200,3230219,47,-
3230298,3230324,56,+
3231548,3231581,55,+
3233022,3233041,66,-
3233163,3233182,66,-
3233273,3233308,64,-
3240628,3240665,62,-
3240864,3240894,65,-
3242800,3242822,48,-
3243136,3243169,61,-
3245268,3245286,50,-
3245634,3245673,61,-
3248785,3248818,59,-
3250997,3251015,67,-
3256562,3256590,54,+
3256600,3256625,86,+
3256841,3256877,58,-
3258505,3258530,47,-
3261311,3261347,54,+
3266206,3266226,64,-
3275173,3275192,47,+
3276267,3276286,49,-
3279635,3279666,70,-
3280469,3280493,48,-
3280706,3280739,79,+
3281052,3281097,49,-
3283170,3283198,54,-
3290108,3290140,52,-
3294495,3294516,72,+
3294533,3294558,71,-
3296167,3296186,66,-
3296873,3296905,48,-
3297916,3297939,60,+
3297994,3298023,68,-
3301961,3301982,49,-
3306702,3306722,64,-
3308273,3308311,56,+
3316994,3317030,59,-
3319765,3319807,49,-
3324388,3324411,48,-
3325717,3325734,69,-
3328601,3328619,49,+
3337620,3337643,48,+
3340815,3340855,54,-
3348987,3349019,49,-
3349422,3349454,49,-
3355411,3355434,60,+
3356642,3356668,56,+
3357152,3357171,49,-
3361411,3361436,71,-
3362995,3363010,53,-
3363652,3363676,63,+
3364204,3364233,66,+
3365191,3365210,47,-
3365345,3365380,78,-
3365550,3365587,53,-
3370914,3370935,72,+
3371041,3371062,72,+
3371167,3371188,72,+
3371291,3371312,72,+
3372783,3372808,57,-
3376001,3376023,51,-
3381183,3381212,52,-
3382807,3382845,94,-
3385609,3385630,63,-
3386396,3386431,48,+
3401606,3401626,49,+
3402300,3402320,48,-
3402397,3402415,49,-
3402468,3402504,61,-
3403877,3403900,60,-
3404166,3404195,52,-
3415245,3415264,49,+
3416015,3416034,49,-
3419104,3419124,48,-
3425083,3425116,62,-
3428340,3428360,64,+
3435665,3435697,47,-
3436724,3436764,53,-
3439548,3439564,52,-
3440561,3440581,64,+
3441572,3441593,51,-
3445143,3445173,51,+
3447193,3447216,60,-
3450043,3450078,58,-
3454993,3455015,61,-
3462231,3462249,49,-
3472996,3473019,60,+
3473104,3473127,60,-
3476913,3476933,49,-
3477980,3478013,65,-
3478688,3478718,51,-
3479295,3479316,49,-
3480697,3480717,51,-
3481628,3481650,51,+
3482675,3482698,78,-
3482827,3482846,47,-
3483351,3483368,50,-
3484533,3484559,56,+
3484565,3484591,56,+
3486708,3486731,60,-
3488623,3488644,72,+
3489031,3489074,53,+
3494480,3494518,61,-
3498001,3498021,64,-
3498109,3498129,64,+
3499658,3499699,52,+
3499962,3499991,52,-
3509410,3509430,47,-
3511566,3511591,57,+
3516316,3516346,51,-
3519130,3519146,52,-
3519327,3519374,48,+
3520748,3520782,65,-
3523264,3523292,54,-
3527749,3527778,52,-
3538723,3538750,55,+
3541076,3541111,61,+
3542197,3542239,57,+
3542796,3542816,64,-
3549610,3549645,50,-
3554151,3554178,55,+
3561042,3561076,59,-
3565555,3565575,73,-
3565638,3565669,61,-
3568439,3568464,57,-
3568803,3568831,80,+
3580613,3580630,50,-
3581014,3581038,48,-
3581871,3581891,49,-
3582688,3582708,64,-
3585999,3586027,54,+
3589555,3589577,48,-
3590081,3590102,63,-
3598481,3598503,61,-
3599377,3599405,54,+
3600429,3600449,47,+
3601095,3601118,60,-
3601972,3601995,87,-
3603312,3603332,64,-
3605996,3606018,49,-
3611480,3611503,60,-
3613934,3613973,54,-
3614509,3614544,71,-
3614669,3614691,49,-
3614721,3614755,64,-
3619923,3619945,49,-
3622088,3622119,50,+
3625086,3625109,61,-
3630576,3630595,66,-
3632436,3632467,50,-
3632634,3632660,56,-
3636363,3636387,71,-
3638941,3638967,56,-
3642426,3642448,51,-
3647267,3647296,83,-
3647761,3647802,57,+
3647843,3647861,49,+
3648142,3648171,60,+
3650344,3650364,64,+
3651963,3651990,81,+
3651996,3652018,51,+
3652642,3652671,52,+
3653126,3653146,64,+
3653524,3653544,49,-
3656776,3656807,64,+
3656940,3656975,48,+
3657175,3657192,50,-
3660140,3660174,51,+
3660594,3660614,47,-
3662979,3662999,64,-
3663127,3663145,67,+
3663204,3663234,54,-
3670227,3670245,50,-
3670348,3670377,52,-
3678800,3678823,59,-
3682172,3682195,60,-
3683074,3683093,47,-
3685329,3685348,47,-
3687224,3687245,48,-
3689597,3689616,49,-
3690548,3690572,59,-
3695953,3695975,51,-
3696247,3696267,51,+
3696630,3696650,64,+
3699072,3699112,50,+
3705025,3705054,51,-
3709611,3709632,63,-
3714719,3714748,109,-
3714961,3714983,48,-
3716390,3716411,63,-
3717308,3717331,60,+
3717390,3717413,60,-
3720089,3720108,49,+
3722937,3722964,66,-
3725028,3725049,49,-
3726562,3726589,58,-
3726733,3726754,49,-
3726925,3726948,60,+
3727014,3727043,68,-
3728740,3728776,100,-
3731091,3731136,52,-
3731794,3731820,56,-
3733476,3733503,55,+
3733543,3733563,52,+
3737102,3737123,49,-
3737200,3737230,51,-
3741492,3741520,68,+
3742021,3742048,100,-
3743936,3743974,55,+
3744640,3744661,72,-
3751714,3751741,71,-
3757166,3757183,50,-
3761001,3761029,57,-
3766511,3766535,48,-
3766770,3766789,51,-
3777464,3777501,62,+
3781366,3781383,50,+
3786986,3787022,59,+
3789476,3789498,61,+
3789583,3789606,60,-
3790420,3790460,53,-
3793023,3793058,48,+
3795367,3795400,67,+
3795500,3795517,69,+
3801538,3801569,49,-
3802777,3802796,49,+
3803748,3803782,55,-
3806362,3806385,60,+
3806789,3806809,48,-
3807635,3807664,52,+
3807829,3807853,48,-
3811143,3811166,60,+
3815974,3816016,49,+
3816035,3816058,60,+
3819363,3819383,64,+
3819470,3819487,69,-
3819508,3819530,49,-
3822918,3822936,49,-
3826172,3826194,61,-
3831023,3831042,49,+
3848506,3848526,64,-
3849126,3849162,56,+
3849712,3849741,63,+
3850757,3850776,56,-
3854788,3854806,49,+
3856388,3856413,61,-
3874319,3874353,60,-
3876446,3876471,57,+
3876889,3876917,54,-
3876933,3876957,48,-
3881853,3881875,89,+
3882005,3882044,54,-
3887158,3887186,88,-
3887621,3887638,50,-
3887857,3887883,56,-
3888539,3888566,53,-
3902188,3902213,57,+
3905621,3905651,51,-
3907034,3907057,60,+
3907062,3907085,60,+
3912013,3912032,56,-
3913910,3913933,60,+
3913938,3913961,60,+
3914081,3914101,64,-
3915389,3915418,52,-
3916045,3916068,60,+
3916089,3916112,49,-
3917240,3917257,50,-
3918167,3918184,50,+
3919698,3919735,54,+
3920544,3920563,66,+
3925208,3925227,49,-
3928256,3928273,50,+
3929604,3929634,64,+
3932719,3932739,64,-
3937748,3937775,65,-
3937828,3937851,60,-
3940685,3940723,56,+
3941005,3941037,49,-
3941398,3941416,67,-
3943615,3943634,49,+
3949116,3949135,66,+
3949199,3949232,64,-
3951779,3951797,49,+
3953083,3953110,71,-
3955329,3955372,50,-
3959164,3959206,54,-
3959346,3959369,60,+
3972480,3972504,59,+
3972510,3972528,50,+
3972547,3972567,64,+
3972731,3972763,68,-
3973404,3973423,49,-
3973714,3973733,47,-
3975028,3975062,51,-
3975075,3975096,72,+
3976380,3976408,82,+
3976527,3976548,63,-
3976672,3976696,69,+
3977872,3977909,59,+
3980044,3980064,49,-
3980956,3980984,67,-
3983496,3983515,49,-
3988971,3989002,68,+
3992429,3992454,67,-
3995414,3995456,48,+
3995548,3995573,72,+
3996473,3996500,55,-
3996734,3996760,56,-
3997952,3997972,64,+
4000034,4000053,49,-
4000077,4000110,64,-
4002176,4002197,63,+
4002240,4002258,49,-
4002281,4002313,64,-
4007091,4007129,57,+
4007699,4007717,49,-
4009787,4009824,51,-
4013629,4013657,85,-
4013674,4013710,64,-
4014920,4014939,66,-
4019721,4019741,64,+
4019777,4019796,66,-
4023792,4023812,47,-
4024392,4024417,57,+
4025404,4025423,49,-
4029889,4029910,63,-
4036390,4036413,60,+
4038059,4038079,47,-
4042580,4042607,55,-
4043565,4043588,60,+
4045477,4045505,54,-
4050517,4050540,60,+
4051784,4051814,64,+
4052612,4052648,54,-
4055543,4055565,49,-
4056133,4056178,48,-
4056202,4056217,53,-
4063054,4063084,62,-
4064658,4064676,52,+
4064779,4064811,50,+
4067389,4067410,48,-
4072326,4072349,72,-
4078545,4078564,47,-
4079595,4079614,49,-
4083998,4084021,60,-
4084028,4084046,67,-
4084050,4084073,106,-
4084273,4084305,68,-
4088203,4088223,49,-
4091252,4091298,48,-
4092397,4092416,47,-
4099062,4099082,49,-
4103808,4103824,53,-
4107775,4107799,48,-
4112265,4112284,49,+
4119080,4119099,49,-
4120008,4120041,60,-
4120819,4120837,50,-
4127007,4127052,49,-
4127676,4127697,49,+
4138819,4138847,68,-
4143488,4143506,49,+
4145070,4145103,48,+
4148055,4148092,58,+
4148418,4148443,57,-
4154937,4154978,58,+
4155085,4155109,58,+
4158370,4158403,79,-
4162869,4162892,60,+
4165141,4165178,47,-
4166348,4166385,56,-
4169601,4169630,83,+
4169887,4169907,48,-
4172932,4172965,51,-
4173085,4173108,60,+
4175931,4175972,57,-
4178107,4178133,56,+
4179007,4179044,55,-
4181198,4181230,62,-
4184439,4184469,57,-
4187732,4187755,48,+
4190198,4190228,51,-
4198063,4198081,50,-
4199579,4199616,55,+
4201321,4201360,59,+
4204454,4204487,59,-
4207481,4207501,64,+
4209819,4209845,56,-
4211165,4211192,55,+
4213657,4213681,48,-
4213707,4213725,67,-
4215795,4215814,47,-
4216156,4216180,59,+
4222396,4222419,48,+
4222576,4222598,49,-
4222905,4222924,47,-
4223900,4223921,72,+
4223929,4223953,58,-
4224604,4224633,62,-
4227372,4227391,47,-
4229740,4229758,50,-
4230738,4230764,56,-
4233439,4233469,51,-
4235695,4235723,67,-
4236616,4236654,55,-
4239112,4239131,49,+
4239299,4239319,64,+
4239355,4239374,66,-
4241657,4241677,52,-
4245153,4245183,52,-
4252354,4252390,61,-
4254429,4254449,49,-
4257503,4257523,64,+
4259377,4259419,55,+
4260405,4260430,66,+
4261912,4261933,73,-
4263673,4263712,55,+
4263759,4263785,60,+
4263840,4263883,67,-
4269093,4269136,49,+
4270231,4270257,56,+
4272097,4272118,72,-
4272207,4272227,64,+
4272461,4272496,64,-
4278373,4278400,72,+
4278588,4278606,52,-
4286175,4286196,49,+
4288801,4288836,58,-
4293640,4293679,55,-
4293710,4293735,69,-
4293737,4293779,95,-
4298474,4298494,64,+
4298630,4298666,61,-
4298802,4298828,56,+
4302945,4302964,49,-
4303047,4303066,66,-
4305081,4305111,55,-
4305178,4305195,52,-
4306086,4306122,74,-
4306349,4306367,50,+
4307332,4307347,53,+
4307366,4307389,60,+
4309721,4309756,78,+
4309906,4309921,53,-
4318384,4318411,70,-
4331438,4331461,60,+
4331539,4331561,61,-
4332286,4332304,50,-
4337931,4337962,59,-
4343386,4343424,54,-
4343802,4343821,47,+
4344073,4344094,48,-
4344135,4344157,61,-
4348388,4348409,63,+
4348459,4348480,63,-
4349938,4349961,60,+
4349966,4349989,60,+
4350031,4350052,63,-
4352889,4352934,50,+
4354907,4354926,66,-
4358416,4358446,67,-
4358465,4358505,55,-
4359025,4359044,51,-
4363638,4363661,60,+
4363693,4363719,66,+
4363821,4363855,51,+
4364294,4364327,50,+
4364360,4364379,51,-
4367585,4367608,60,-
4369840,4369871,83,+
4369971,4369989,67,-
4371566,4371583,52,+
4372130,4372150,64,+
4372352,4372380,68,-
4373224,4373247,60,+
4373301,4373324,60,-
4373714,4373734,48,-
4376282,4376302,64,+
4376445,4376465,64,+
4376608,4376628,64,+
4376704,4376727,48,-
4381165,4381197,76,+
4384733,4384767,58,-
4386071,4386100,70,-
4389021,4389039,67,-
4391700,4391726,56,+
4394113,4394156,54,+
4397551,4397584,62,-
4399987,4400008,51,-
4408865,4408888,60,+
4413170,4413192,48,-
4423368,4423397,52,-
4429497,4429522,47,-
4433975,4434007,49,+
4434021,4434041,64,+
4434056,4434079,60,-
4434746,4434769,60,-
4439666,4439687,63,-
4442502,4442524,49,-
4445419,4445439,48,-
4447209,4447232,60,-
4449236,4449269,52,+
4449486,4449505,49,+
4452638,4452657,47,-
4453247,4453275,66,+
4453370,4453396,84,-
4464469,4464505,54,+
4466889,4466924,47,+
4467038,4467059,72,+
4470323,4470343,64,-
4470984,4471017,48,-
4475052,4475072,64,-
4478256,4478275,47,+
4487655,4487679,48,-
4491170,4491209,59,+
4491780,4491815,64,-
4493335,4493353,49,-
4493693,4493720,55,-
4494872,4494893,63,-
4497839,4497858,66,+
4505242,4505279,60,+
4506424,4506462,101,-
4514423,4514456,48,-
4514856,4514876,48,+
4517802,4517823,63,+
4517828,4517851,60,+
4518162,4518184,61,-
4518191,4518214,60,-
4519512,4519542,83,-
4519657,4519681,59,-
4520204,4520232,69,-
4525723,4525765,47,-
4525778,4525797,52,+
4525808,4525831,60,+
4525836,4525859,60,+
4525864,4525887,60,+
4526281,4526303,70,-
4528129,4528163,59,+
4532482,4532508,56,-
4532524,4532554,54,-
4539615,4539638,60,-
4539739,4539758,49,-
4540350,4540371,48,+
4543069,4543091,48,+
4543749,4543773,71,-
4550714,4550735,63,+
4551763,4551798,62,+
4552914,4552942,54,-
4553702,4553725,49,-
4553740,4553759,51,-
4554003,4554022,49,-
4562731,4562758,55,-
4562804,4562828,104,-
4562853,4562887,68,-
4564764,4564782,49,+
4569447,4569471,48,-
4571182,4571204,61,-
4571214,4571236,61,-
4571661,4571680,66,+
4571965,4571990,71,-
4572716,4572763,61,-
4573164,4573210,48,-
4575911,4575940,68,-
4576271,4576292,63,-
4583588,4583622,62,+
4583719,4583736,69,+
4589998,4590024,68,+
4590069,4590099,62,+
4590152,4590187,62,+
4590209,4590236,55,+
4590255,4590290,58,+
4591396,4591430,47,-
4594901,4594929,54,+
4601306,4601338,65,+
4604933,4604967,60,-
4607688,4607723,48,-
4610546,4610563,52,-
4624148,4624170,48,-
4628903,4628919,52,-
4631443,4631468,75,+
4632139,4632155,52,-
4633006,4633031,57,+
4635101,4635135,62,+
4640036,4640059,49,+
4643411,4643442,64,-
4643594,4643618,59,+
4643779,4643815,57,+
4658662,4658681,47,+
4658698,4658731,50,+
4658988,4659008,73,-
4661166,4661195,52,+
4666705,4666735,62,-
4668566,4668591,47,-
4668606,4668639,62,-
4671534,4671562,65,-
4673529,4673550,49,-
4674464,4674506,52,+
4674629,4674649,47,-
4677067,4677090,49,-
4681324,4681344,48,-
4685141,4685164,60,+
4685169,4685192,60,+
4685197,4685220,60,+
4685468,4685500,62,+
4685613,4685641,69,-
4687645,4687662,52,+
4687787,4687820,51,+
4689596,4689615,52,-
4692285,4692315,65,+
4700734,4700756,61,-
4704360,4704379,49,+
4708116,4708156,53,-
4710560,4710591,50,+
4710611,4710648,61,+
4713936,4713963,55,+
4714310,4714353,49,-
4714457,4714491,60,-
4715690,4715721,60,-
4721937,4721953,70,-
4727230,4727267,47,-
4729905,4729928,60,+
4729972,4729995,60,-
4735230,4735253,60,+
4735513,4735546,79,-
4735656,4735693,55,-
4747359,4747376,52,+
4750995,4751024,52,+
4751037,4751063,66,+
4754162,4754201,54,+
4754389,4754410,72,-
4754526,4754547,72,+
4768027,4768044,50,-
4768127,4768166,57,+
4774135,4774163,82,-
4777024,4777043,51,-
4777990,4778028,70,+
4778066,4778088,61,-
4781103,4781127,59,+
4782350,4782369,47,+
4782930,4782969,69,+
4783121,4783160,50,+
4784063,4784082,47,+
4784400,4784440,57,+
4785777,4785799,61,+
4790350,4790373,60,+
4790461,4790483,61,-
4799113,4799136,60,+
4799211,4799229,67,-
4800693,4800725,49,-
4801088,4801103,72,-
4801788,4801807,66,-
4801912,4801953,50,+
4808365,4808391,56,-
4808443,4808463,49,-
4808950,4808970,51,-
4812683,4812703,47,+
4813474,4813495,48,+
4814864,4814896,108,+
4814919,4814942,87,+
4815309,4815329,64,-
4817494,4817538,52,+
4819750,4819788,57,+
4822026,4822058,58,+
4823192,4823215,60,+
4823220,4823243,60,+
4823495,4823532,56,-
4823552,4823587,62,-
4823599,4823626,66,-
4826473,4826514,54,-
4826687,4826706,66,+
4826778,4826801,60,-
4830017,4830038,72,-
4830184,4830206,89,-
4831225,4831243,49,+
4832235,4832263,54,+
4835930,4835949,49,+
4837457,4837479,51,-
4843923,4843943,49,-
4850982,4851003,63,-
4851599,4851620,72,+
4855322,4855360,54,+
4855420,4855454,78,+
4856602,4856628,56,-
4857325,4857342,50,-
4857352,4857370,67,-
4860159,4860183,59,+
4862069,4862101,80,-
4862521,4862541,64,+
4862670,4862698,86,-
4862704,4862742,51,-
4866041,4866064,60,-
4866069,4866092,60,-
4868529,4868562,48,+
4869069,4869115,49,+
4870413,4870432,47,+
4871074,4871097,60,+
4871313,4871334,63,-
4871357,4871385,58,-
4874054,4874075,63,+
4874127,4874156,58,-
4875440,4875462,61,+
4875509,4875532,60,-
4876724,4876747,60,+
4876811,4876834,60,-
4880438,4880473,62,-
4883271,4883307,57,-
4890677,4890697,64,-
4890756,4890774,67,-
4890831,4890865,51,-
4893395,4893418,72,-
4894197,4894221,59,-
4897967,4897997,70,-
4899475,4899506,59,-
4904533,4904551,51,-
4907176,4907207,50,-
4909999,4910017,52,-
4914571,4914609,57,+
4916648,4916672,48,+
4916779,4916816,70,-
4916920,4916962,57,+
4918615,4918635,48,+
4919601,4919621,47,+
4920914,4920933,47,-
4924142,4924164,61,-
4926851,4926875,58,-
4926961,4926990,62,-
4934405,4934426,63,+
4934431,4934454,60,+
4934542,4934567,47,-
4934631,4934651,64,+
4934697,4934720,69,-
4934941,4934964,60,-
4937699,4937733,91,-
4946598,4946625,66,+
4946908,4946929,49,+
4947993,4948020,55,+
4948991,4949021,57,+
4949356,4949383,66,-
4951653,4951694,58,+
4951916,4951951,78,+
4955462,4955483,63,+
4955705,4955731,56,-
4956682,4956711,65,-
4956820,4956852,66,-
4958101,4958127,61,+
4959588,4959607,51,-
4959918,4959956,90,-
4960702,4960729,55,-
4961027,4961049,51,+
4962368,4962406,69,+
4964000,4964047,47,-
4964836,4964856,64,-
4964941,4964959,50,+
4964988,4965008,64,-
4965093,4965111,50,+
4965140,4965160,64,-
4965244,4965262,50,+
4965291,4965311,64,-
4971286,4971314,54,-
4972962,4972988,55,-
4973113,4973138,57,-
4975057,4975073,70,-
4975161,4975179,50,-
4975290,4975308,50,-
4976280,4976306,60,+
4980033,4980049,52,-
4984627,4984647,64,-
4993357,4993381,59,+
5000022,5000057,50,-
5002065,5002084,47,+
5013688,5013729,50,+
5015404,5015437,48,-
5017280,5017312,49,-
5019179,5019201,49,-
5030384,5030405,48,+
5031525,5031543,51,-
5034034,5034061,66,+
5045957,5045996,55,+
5048163,5048183,48,-
5050280,5050298,49,+
5050695,5050714,47,-
5051169,5051189,64,-
5052769,5052801,49,-
5053449,5053476,86,-
5053539,5053567,54,-
5058916,5058948,54,-
5060199,5060226,55,-
5060449,5060482,51,-
5078157,5078174,50,+
5088797,5088839,53,-
5091685,5091716,68,-
5091816,5091843,71,-
5095764,5095795,51,-
5097782,5097822,57,+
5097869,5097901,59,+
5098008,5098043,61,+
5098051,5098067,70,+
5099109,5099125,52,+
5099747,5099781,60,+
5099842,5099881,55,+
5099916,5099954,101,+
5100042,5100070,52,+
5100257,5100284,57,+
5101574,5101604,82,-
5103010,5103031,48,+
5119614,5119641,55,+
5124875,5124903,63,-
5125654,5125674,49,-
5134200,5134218,49,+
5134219,5134239,64,-
5134246,5134264,49,+
5139651,5139676,57,-
5146271,5146301,51,+
5149295,5149331,62,-
5149481,5149513,49,-
5158362,5158391,68,-
5160299,5160325,56,-
5160871,5160908,61,+
5165745,5165768,49,+
5167174,5167194,64,+
5168331,5168368,56,+
5169436,5169476,95,-
5171388,5171425,53,-
5174817,5174859,49,+
5176600,5176634,50,+
5180517,5180540,49,-
5194997,5195022,57,-
5197451,5197475,59,+
5197958,5197985,69,+
5198555,5198581,56,+
5202553,5202575,61,+
5202594,5202616,61,+
5203785,5203806,63,+
5203929,5203952,60,-
5205006,5205040,74,+
5205121,5205154,48,-
5205281,5205302,63,-
5206303,5206326,60,+
5209896,5209915,51,-
5213646,5213680,59,+
5214624,5214645,49,+
5214697,5214731,56,+
5215934,5215952,49,+
5216656,5216682,56,+
5216782,5216805,60,-
5216817,5216844,55,-
5217023,5217069,105,-
5217616,5217639,60,-
5220074,5220094,64,+
5220150,5220171,72,-
5221585,5221618,65,+
5222244,5222277,64,+
5222292,5222335,48,+
5225953,5225992,73,+
5226378,5226406,54,+
5227055,5227072,69,+
5227124,5227161,58,-
5230181,5230211,63,+
5232658,5232699,57,+
5232731,5232761,51,-
5233215,5233233,49,+
5233625,5233645,64,+
5236423,5236445,49,-
5254847,5254867,64,-
5254954,5254976,49,-
5254979,5254999,64,+
5255000,5255035,57,-
5255417,5255447,68,-
5258261,5258289,54,+
5261786,5261809,60,-
5261814,5261837,60,-
5263642,5263680,57,+
5264463,5264495,49,+
5264559,5264586,55,-
5264921,5264947,56,+
5266333,5266360,55,-
5267798,5267829,50,-
5273336,5273356,64,+
5273434,5273455,72,-
5278994,5279014,64,+
5279091,5279113,89,-
5279187,5279213,56,+
5279219,5279245,56,+
5279980,5280002,51,-
5298673,5298693,47,+
5299749,5299773,59,-
5311478,5311502,61,+
5312137,5312171,61,-
5322259,5322277,51,-
5330190,5330221,50,-
5351464,5351497,58,-
5359406,5359425,49,-
5360397,5360415,49,-
5363533,5363552,66,-
5366882,5366904,48,+
5371377,5371409,49,-
5372924,5372948,59,+
5375917,5375950,102,+
5376980,5377012,65,+
5384636,5384653,50,-
5386029,5386048,47,+
5403805,5403829,48,-
5404171,5404189,49,-
5412276,5412297,48,-
5413571,5413594,60,+
5414326,5414358,65,-
5414824,5414843,47,+
5417020,5417061,55,-
5429491,5429518,61,-
5434944,5434965,51,-
5454674,5454716,49,+
5454896,5454932,61,-
5458202,5458224,48,+
5464146,5464173,55,-
5465930,5465948,67,-
5476287,5476323,61,+
5477352,5477375,60,-
5480949,5480978,55,-
5483538,5483562,71,+
5487285,5487314,58,+
5487356,5487387,62,+
5489426,5489455,97,+
5497733,5497769,56,+
5500263,5500295,62,-
5502212,5502233,48,-
5508634,5508657,49,-
5511628,5511650,61,+
5511765,5511786,63,-
5512264,5512295,65,+
5513247,5513266,49,-
5513728,5513759,65,-
5514338,5514358,64,-
5515621,5515639,51,-
5516969,5516986,50,-
5518170,5518202,62,-
5522356,5522400,93,-
5523347,5523367,64,-
5524231,5524260,54,+
5524290,5524321,50,-
5524778,5524804,56,-
5525034,5525061,55,-
5526463,5526482,47,-
5528920,5528940,64,-
5528944,5528961,50,+
5529128,5529148,64,-
5529335,5529355,64,-
5529359,5529376,50,+
5529543,5529563,64,-
5529567,5529584,50,+
5531590,5531622,64,+
5531640,5531663,60,-
5531821,5531843,61,-
5533065,5533089,72,+
5539118,5539144,56,+
5540148,5540165,50,-
5540616,5540644,54,-
5569462,5569482,47,-
5579300,5579319,47,+
5583741,5583762,63,-
5589355,5589379,48,+
5591581,5591609,63,-
5595601,5595619,50,-
5597246,5597279,60,+
5604997,5605029,48,-
5607921,5607940,66,+
5618074,5618102,57,+
5632252,5632273,48,-
5632294,5632322,68,-
5633419,5633443,48,+
5636978,5636998,51,-
5637578,5637604,56,-
5645373,5645408,55,-
5648561,5648584,60,+
5649086,5649124,55,+
5649190,5649212,61,-
5650950,5650974,59,-
5652170,5652190,92,-
5652316,5652356,70,-
5656171,5656197,56,+
5658061,5658092,62,-
5658105,5658133,65,-
5660651,5660691,102,+
5660703,5660734,50,+
5666151,5666170,47,-
5671182,5671205,60,+
5671688,5671711,50,+
5672079,5672097,67,-
5679597,5679617,64,-
5679675,5679695,64,+
5679704,5679724,49,-
5680278,5680297,47,-
5684461,5684491,52,+
5684584,5684607,49,+
5684987,5685009,51,+
5685062,5685083,49,+
5688030,5688048,49,-
5693064,5693108,54,+
5695787,5695816,57,+
5697101,5697132,51,-
5705184,5705209,57,-
5706009,5706033,71,+
5707690,5707708,50,+
5709171,5709194,60,+
5709199,5709222,60,+
5709361,5709381,64,-
5709395,5709413,49,-
5721118,5721146,54,-
5721228,5721258,62,-
5721394,5721411,50,-
5721813,5721837,59,-
5732844,5732863,47,-
5733770,5733804,51,-
5733873,5733892,66,+
5734676,5734701,57,-
5736688,5736713,66,-
5736720,5736741,72,+
5736769,5736790,72,-
5736873,5736891,49,-
5738283,5738303,48,+
5739836,5739855,47,-
5742441,5742457,52,-
5751070,5751100,62,-
5753025,5753049,59,-
5754339,5754356,50,-
5755248,5755267,47,-
5759281,5759302,48,+
5759803,5759837,55,-
5763403,5763434,67,-
5764503,5764531,69,-
5764802,5764833,64,-
5769667,5769688,72,+
5769711,5769727,70,-
5773399,5773424,47,+
5778745,5778779,59,+
5778995,5779015,64,-
5784638,5784673,58,-
5785202,5785233,50,+
5790123,5790153,63,-
5790771,5790794,48,-
5791020,5791057,59,-
5804150,5804169,66,-
5808447,5808487,59,+
5810792,5810814,89,-
5811875,5811902,66,-
5813856,5813875,47,-
5815380,5815411,140,+
5815466,5815487,51,+
5820378,5820398,51,-
5822543,5822566,60,+
5823573,5823603,51,+
5825337,5825366,68,-
5831392,5831411,49,+
5831545,5831576,50,+
5831748,5831776,81,+
5832154,5832182,68,+
5832257,5832274,52,+
5832398,5832419,49,+
5833608,5833645,53,-
5834404,5834428,59,-
5836199,5836232,60,+
5839182,5839205,50,+
5839569,5839600,65,+
5840255,5840291,58,+
5840574,5840608,58,+
5844473,5844515,52,+
5848262,5848300,61,+
5848370,5848411,55,+
5853209,5853239,51,-
5854684,5854716,52,+
5854968,5855015,50,-
5855270,5855294,69,-
5855632,5855662,51,-
5858392,5858408,53,-
5858717,5858741,59,-
5860605,5860632,53,-
5861048,5861076,54,-
5861455,5861480,71,-
5862178,5862200,48,-
5864926,5864955,68,+
5871789,5871812,69,-
5876655,5876671,53,-
5876977,5877001,59,-
5878865,5878892,53,-
5879711,5879736,71,-
5880432,5880454,48,-
5883180,5883209,68,+
5890051,5890074,69,-
5893959,5893974,53,-
5897050,5897075,57,-
5899777,5899803,101,+
5899819,5899844,47,+
5899909,5899947,55,+
5899963,5899982,66,+
5905427,5905454,69,-
5905675,5905697,48,-
5905876,5905905,52,+
5907468,5907491,60,+
5907496,5907519,60,+
5907524,5907547,60,+
5907855,5907894,59,-
5908448,5908479,70,-
5911695,5911720,47,+
5911793,5911823,67,-
5913987,5914018,62,+
5923748,5923770,51,-
5937055,5937078,50,-
5939098,5939121,60,+
5945161,5945191,61,+
5951130,5951171,57,+
5953431,5953468,57,+
5957858,5957880,62,-
5958221,5958254,62,-
5960244,5960270,66,-
5968100,5968134,60,-
5985820,5985839,52,-
5992292,5992318,56,-
5993350,5993375,57,-
5997496,5997529,59,-
5998903,5998922,49,+
5998976,5999004,57,-
5999097,5999135,70,+
6006555,6006581,56,-
6009133,6009162,70,-
6015474,6015491,50,+
6015569,6015593,59,-
6021919,6021949,66,-
6024291,6024310,47,-
6029840,6029864,59,+
6030308,6030329,48,-
6033957,6033978,72,-
6034959,6034992,47,+
6037217,6037237,64,-
6037334,6037352,50,+
6038962,6038984,51,-
6042051,6042087,64,-
6043723,6043754,50,+
6045505,6045528,48,-
6056305,6056330,57,-
6062199,6062226,55,-
6068210,6068229,47,-
6071383,6071412,52,+
6073705,6073736,62,+
6079017,6079048,50,-
6084977,6085006,51,+
6091654,6091679,47,+
6120078,6120102,48,+
6121568,6121610,53,+
6122457,6122482,58,+
6126347,6126380,59,+
6135742,6135774,67,-
6137551,6137571,64,-
6138200,6138218,50,+
6142067,6142100,75,-
6154320,6154353,62,-
6159053,6159071,49,+
6159233,6159253,64,-
6159953,6159981,83,+
6159988,6160011,60,+
6160016,6160039,60,+
6160267,6160290,60,-
6160310,6160333,60,-
6160441,6160460,49,-
6160479,6160499,49,-
6172240,6172263,60,+
6172299,6172319,49,+
6172329,6172349,64,+
6178023,6178058,78,-
6183580,6183615,60,+
6184069,6184092,60,-
6184097,6184118,63,-
6185892,6185931,59,-
6188198,6188221,60,+
6188226,6188251,57,+
6188273,6188299,71,-
6188668,6188697,65,+
6189586,6189609,72,-
6192321,6192356,59,-
6195236,6195283,49,-
6196200,6196242,57,+
6196450,6196492,69,+
6196700,6196741,54,+
6201035,6201073,51,-
6202579,6202607,66,-
6202630,6202650,64,-
6204717,6204758,54,+
6205134,6205167,62,-
6220280,6220304,69,-
6220323,6220355,47,-
6232465,6232493,69,+
6232621,6232644,60,-
6232695,6232719,59,+
6244529,6244550,49,+
6244584,6244623,71,+
6247784,6247807,60,-
6249740,6249770,52,+
6249994,6250023,52,+
6251337,6251356,47,+
6254910,6254948,68,+
6256990,6257017,81,-
6259273,6259310,69,-
6269445,6269479,74,+
6270192,6270215,48,-
