start,end,score,strand
310,349,50,+
3166,3197,62,-
8035,8054,49,-
11941,11970,51,+
12429,12450,48,-
17797,17816,47,+
21451,21478,69,-
22440,22458,49,+
22988,23024,55,-
23913,23936,61,-
24647,24688,54,-
27358,27380,61,+
27870,27905,50,+
29007,29052,52,-
30451,30476,57,+
33635,33672,47,+
34634,34661,55,+
35621,35649,54,-
37627,37660,48,+
39872,39904,59,-
41261,41279,50,+
41535,41571,56,-
42349,42372,48,-
48167,48199,62,+
49399,49440,53,-
49765,49781,53,-
50531,50560,62,-
50854,50877,48,-
53747,53776,68,+
55028,55051,48,+
55671,55702,60,+
56565,56591,56,+
57012,57048,62,+
57493,57534,53,-
58585,58602,50,+
58740,58770,64,+
59944,59974,68,+
61146,61167,49,+
61836,61870,48,-
62576,62597,63,+
65745,65773,66,-
66462,66494,49,-
68628,68667,54,-
69317,69359,52,+
71689,71705,70,-
71925,71960,71,-
72097,72117,64,-
72600,72628,55,-
72742,72766,48,-
72778,72801,61,-
74818,74857,57,+
74882,74904,49,+
75268,75301,76,+
76715,76751,54,-
77747,77765,49,-
80718,80756,57,+
80873,80917,54,+
81000,81018,49,-
81158,81179,63,+
81326,81359,59,-
81368,81389,48,-
82324,82349,56,-
82356,82379,49,+
82748,82764,70,-
83363,83398,56,+
86350,86371,49,+
87102,87135,59,+
87779,87804,47,+
88653,88684,50,+
89871,89909,58,+
91624,91654,60,+
92184,92214,82,+
93109,93142,75,+
93268,93300,49,+
93550,93594,49,-
95600,95615,53,-
95638,95657,47,+
96098,96117,47,+
96255,96283,54,+
96885,96912,63,+
98678,98699,73,+
99394,99426,76,+
101063,101097,59,+
105373,105395,63,+
105531,105578,48,+
107268,107304,61,+
109279,109302,48,+
125611,125638,72,-
126463,126498,55,-
126734,126758,87,-
128559,128579,49,-
128622,128642,49,-
131389,131428,55,-
132692,132728,57,-
133827,133847,47,-
136394,136417,49,+
136425,136448,49,-
137220,137246,56,-
137647,137671,59,+
137821,137842,49,+
138265,138295,51,+
138913,138952,57,+
140997,141020,60,+
143617,143636,47,+
144559,144588,63,+
144684,144725,55,+
145528,145555,55,-
148932,148953,72,-
150627,150651,61,-
151061,151088,55,+
152813,152853,57,-
159090,159109,49,-
160952,160992,52,+
165587,165619,64,-
170888,170915,55,+
171602,171621,47,+
174420,174444,48,+
174542,174574,63,+
175690,175724,74,+
183588,183606,49,-
185313,185344,65,+
185447,185465,49,-
189712,189739,55,-
191032,191060,66,-
191895,191922,55,+
192096,192124,61,+
192637,192660,60,-
192666,192694,68,+
192853,192877,48,-
194308,194356,48,+
195543,195570,55,+
199249,199282,74,+
199435,199478,54,+
199814,199833,49,+
202086,202110,59,+
204402,204430,54,+
204660,204683,60,-
209203,209251,47,+
212387,212431,47,-
216190,216213,60,-
221093,221108,72,+
223687,223727,53,-
226439,226474,90,-
227786,227806,47,+
228382,228411,52,+
228931,228953,48,+
229764,229786,49,+
231413,231439,71,-
231904,231939,58,+
232702,232721,49,+
233950,233985,59,+
234483,234524,48,-
234624,234662,54,+
238324,238355,79,+
239616,239646,51,-
239807,239854,49,+
240387,240409,51,+
241872,241898,66,+
243995,244030,62,+
245016,245044,66,+
245320,245355,52,+
245750,245787,58,+
247439,247466,53,+
248036,248065,65,+
250151,250189,59,+
250371,250413,50,+
250640,250659,49,+
250992,251017,57,+
251036,251053,52,+
251067,251092,57,+
251228,251260,62,-
251254,251275,63,+
253085,253117,60,+
254983,255015,49,+
255599,255617,49,+
256430,256472,69,+
257717,257750,61,+
258359,258382,60,+
261726,261764,58,-
266633,266657,48,+
269831,269859,69,-
270982,270998,52,+
271209,271235,64,+
272754,272788,60,+
275808,275831,71,+
275905,275931,56,+
276708,276726,52,-
277820,277844,86,+
278414,278440,55,+
279281,279323,55,+
279786,279809,60,+
291179,291203,59,+
291278,291312,60,-
291613,291635,48,+
291832,291865,62,-
292489,292516,60,+
292916,292939,60,-
293613,293633,48,-
294342,294375,67,+
294939,294978,58,+
295356,295381,58,+
296581,296617,59,-
297488,297508,47,+
298172,298197,57,+
298491,298516,47,-
298627,298667,58,+
298824,298858,51,-
299603,299620,69,+
300103,300134,83,+
300248,300277,79,-
302922,302940,49,+
305779,305810,50,+
305821,305850,55,+
306967,307009,55,+
308131,308163,49,+
308323,308345,61,+
310684,310727,47,+
311203,311224,63,-
311954,311983,52,-
312069,312088,47,+
316897,316922,47,+
317910,317944,57,-
318299,318323,59,+
318441,318476,56,+
319101,319118,69,+
319944,319960,52,+
320705,320746,57,+
320925,320945,48,+
322509,322543,59,+
328723,328748,57,+
330635,330657,61,-
331352,331400,48,-
331975,332013,54,-
332959,333004,52,-
334409,334438,55,+
334420,334458,55,-
336808,336848,58,-
338127,338157,60,+
341174,341189,53,-
342028,342061,62,-
342430,342451,49,-
342811,342840,52,-
345405,345427,48,+
346060,346088,61,+
348952,348992,49,-
349198,349229,50,-
349919,349946,71,+
350949,350989,71,+
351851,351881,79,-
351902,351933,61,-
352819,352862,49,-
352903,352940,55,+
353127,353156,62,+
353159,353181,61,+
353220,353260,85,+
353348,353381,58,+
358071,358109,59,+
358147,358187,85,+
358275,358308,58,+
360634,360661,66,+
362181,362210,52,-
362372,362418,49,+
363634,363651,50,-
365976,366011,54,-
366530,366559,52,-
367563,367598,58,-
367870,367914,49,-
369480,369524,52,-
370941,370962,63,-
371475,371499,59,+
372287,372316,52,-
372666,372694,63,-
372881,372916,88,+
375745,375771,56,+
376677,376699,48,-
378058,378099,70,+
378442,378490,49,-
378512,378555,67,+
378751,378772,48,-
380968,380995,55,+
381416,381436,47,+
382311,382348,58,+
383301,383341,55,+
385313,385334,72,-
386505,386534,61,+
386852,386877,47,+
391956,391988,49,+
392964,392991,55,+
395288,395308,47,+
395712,395731,49,+
397404,397443,50,+
398707,398734,57,+
399638,399660,70,+
399691,399712,63,-
400815,400836,48,+
402424,402451,83,+
402458,402481,69,-
403775,403807,63,-
405538,405560,61,+
411432,411468,54,-
412430,412450,47,-
414218,414244,56,-
415902,415921,66,-
416286,416301,53,+
417122,417158,61,+
419219,419264,47,-
419373,419393,64,+
420054,420070,52,-
421938,421959,48,+
423333,423360,53,-
423492,423514,70,+
425664,425695,97,+
426573,426601,63,-
426767,426788,72,-
428445,428485,53,-
428895,428922,55,+
429003,429047,49,-
429071,429092,49,+
429593,429630,58,+
433609,433628,66,+
433830,433864,55,+
434136,434156,64,+
434218,434239,62,+
435713,435730,52,+
436422,436450,54,+
437366,437396,64,+
438350,438369,47,+
438382,438402,47,-
439031,439060,51,+
439237,439252,72,-
439660,439686,56,-
439838,439882,54,-
440397,440425,63,+
440960,440979,47,-
444192,444213,63,-
445389,445418,69,+
446658,446697,54,+
446897,446921,89,+
449666,449699,51,-
453888,453909,72,+
454385,454426,57,-
454882,454905,69,+
455780,455807,55,-
456312,456342,49,-
456544,456591,49,-
456910,456927,50,+
457239,457264,47,-
458338,458373,61,-
458388,458419,50,-
459254,459277,49,+
460024,460054,51,-
460209,460226,52,+
461785,461823,59,-
463876,463909,62,+
469086,469118,66,+
469445,469465,52,+
470023,470056,58,+
470878,470911,56,+
474656,474692,47,+
475824,475851,55,+
476149,476195,50,+
476275,476305,83,+
476498,476519,48,+
477136,477175,69,-
478371,478395,48,-
478558,478588,57,+
479590,479620,51,-
481293,481326,51,-
484345,484379,62,-
485582,485618,54,+
487928,487965,54,-
490489,490511,48,+
490624,490672,48,+
490701,490737,58,+
491977,492003,66,+
492388,492410,61,+
492615,492635,64,-
493279,493310,50,+
493340,493386,49,+
493750,493786,58,+
494371,494404,48,-
494420,494445,64,-
494535,494558,60,-
494575,494608,63,-
494718,494746,60,+
495883,495916,74,+
496102,496133,50,-
497228,497260,58,-
498056,498087,57,-
498739,498778,55,-
498970,498989,47,-
500688,500737,47,+
500766,500815,47,+
500844,500893,47,+
501078,501127,47,+
501619,501664,65,+
502357,502400,67,-
502768,502796,54,+
503480,503502,70,-
507354,507384,70,-
509203,509234,82,+
509847,509878,60,+
510046,510074,54,-
510210,510242,64,+
510260,510279,49,+
511159,511192,48,-
511806,511825,47,+
513474,513501,57,-
513762,513789,55,-
513906,513928,70,-
514627,514653,58,+
520491,520524,48,+
523525,523557,62,+
524436,524460,69,-
524683,524730,87,+
526803,526840,59,+
527809,527835,69,+
532481,532511,59,-
540822,540840,49,+
541973,541996,49,+
542427,542451,58,+
545256,545280,48,+
546837,546871,56,+
550344,550361,50,+
553833,553865,49,+
554038,554078,54,-
555312,555344,49,+
556415,556436,48,+
557422,557449,55,+
557844,557875,95,+
560059,560082,60,+
560117,560148,50,+
563868,563889,49,+
563903,563945,49,+
564496,564523,55,-
567173,567218,53,-
567338,567370,59,+
567827,567854,55,+
568069,568098,63,-
570284,570313,52,+
570342,570378,58,+
570819,570836,69,-
573393,573415,70,+
575659,575677,50,-
576609,576641,49,+
576912,576936,59,-
581612,581631,47,+
585217,585255,62,+
587572,587587,53,+
587937,587967,51,+
589095,589116,48,-
589526,589546,49,+
623489,623532,55,-
637499,637525,56,-
640875,640916,57,+
641775,641813,54,+
642021,642045,59,-
642081,642105,59,-
643208,643245,54,-
644299,644318,47,+
644475,644515,52,-
645682,645709,65,-
646245,646276,62,+
649196,649230,47,-
649260,649288,68,+
650924,650944,47,+
651165,651197,59,+
652743,652786,53,-
653749,653786,75,+
654832,654853,49,+
655650,655692,50,-
655941,655977,61,-
657890,657924,47,-
658150,658177,55,-
658587,658627,53,+
660031,660063,52,-
660156,660177,72,+
661291,661323,63,-
661670,661699,57,+
661738,661769,50,+
661943,661972,52,+
662923,662971,48,+
663505,663524,47,-
664060,664092,49,+
666204,666224,47,-
666871,666904,60,+
667234,667268,60,+
669327,669356,52,+
669403,669431,54,+
669678,669715,56,+
671622,671646,48,-
671709,671729,48,-
672134,672170,54,-
673125,673145,47,-
673274,673300,56,-
674369,674387,49,-
674525,674549,58,-
675135,675174,57,+
675358,675391,65,-
675960,676000,54,-
676473,676508,62,+
677721,677738,69,+
677777,677810,108,+
679231,679269,55,-
679287,679306,66,-
679426,679456,49,-
680225,680244,49,+
680311,680333,70,-
680337,680357,64,+
681606,681640,63,+
683610,683642,50,+
684062,684097,62,+
684197,684217,64,-
684843,684879,65,+
685765,685801,54,+
686025,686047,62,+
686247,686265,49,+
687719,687741,61,-
690150,690179,79,+
690225,690272,48,+
690459,690494,59,-
693205,693222,52,+
693903,693928,69,+
694277,694308,67,+
695162,695205,93,+
695367,695399,63,+
696099,696117,49,-
700580,700611,65,-
700675,700694,66,-
700898,700934,48,+
705090,705135,47,+
705210,705258,49,+
705746,705764,49,+
706514,706548,48,+
706795,706828,60,+
706935,706976,49,+
707392,707418,56,+
708584,708604,48,+
710608,710631,49,+
712057,712076,47,+
712419,712441,61,-
712573,712608,62,+
714164,714191,55,+
714327,714349,70,+
714378,714397,49,+
715779,715813,74,+
715857,715904,49,+
720870,720895,47,-
721205,721237,80,+
721494,721516,90,+
721688,721714,56,+
722345,722375,52,+
723702,723729,55,+
723749,723777,54,+
723847,723877,51,+
724534,724550,52,+
725373,725403,65,-
727752,727777,57,-
730007,730040,63,-
730571,730599,54,-
731305,731331,56,-
731918,731944,56,+
732180,732207,55,+
732750,732771,48,-
733396,733425,65,+
749892,749914,61,+
759623,759646,50,+
762528,762560,49,-
764094,764114,52,+
766227,766270,65,-
768029,768045,52,-
768553,768588,59,+
768765,768790,57,+
770067,770087,47,+
770248,770268,48,+
770274,770309,54,+
771631,771650,49,+
771707,771741,65,+
773657,773680,49,+
774360,774397,56,+
775024,775042,50,-
775870,775910,55,+
778168,778189,49,-
778889,778913,69,-
778961,778998,70,-
780733,780758,57,-
780958,780984,68,+
782917,782941,48,+
783665,783694,83,+
784277,784300,50,+
785052,785091,55,-
785386,785416,57,+
786229,786253,59,+
787283,787302,66,-
787992,788020,54,-
788050,788071,51,-
790109,790133,69,+
790640,790672,63,+
794175,794203,83,+
796144,796179,61,+
796249,796274,57,+
796434,796464,54,+
796881,796904,50,+
797406,797441,62,-
798028,798049,48,+
798256,798284,68,+
798630,798650,64,+
798663,798691,54,+
798844,798888,47,+
803597,803627,65,-
804843,804878,60,+
805033,805058,47,-
805555,805599,48,+
806515,806547,57,-
810263,810287,86,+
811020,811038,50,+
811483,811516,80,+
811558,811592,62,+
811888,811912,59,+
812931,812972,57,+
815549,815568,47,+
819309,819342,64,+
822229,822267,74,+
828301,828335,62,-
831059,831082,64,-
831703,831732,52,-
833590,833610,47,-
835101,835127,68,+
835273,835296,48,+
835335,835373,51,+
835683,835708,56,+
836106,836132,56,-
836152,836199,92,-
837043,837061,51,+
837794,837815,51,-
838091,838124,48,+
840780,840803,59,+
841395,841426,62,+
842232,842262,51,+
843160,843196,57,+
845740,845777,59,+
845970,845994,59,-
847046,847067,48,-
847132,847164,48,-
848839,848866,55,+
849484,849517,62,-
850807,850829,72,+
850942,850968,68,-
851009,851028,51,-
851208,851243,58,-
851498,851518,47,-
851728,851761,48,+
852832,852857,57,-
854322,854339,50,-
854650,854672,51,+
856373,856411,69,+
856686,856727,47,-
857548,857568,47,-
858772,858791,49,+
859002,859023,48,-
859472,859498,69,+
859627,859656,52,+
860497,860524,55,+
860727,860762,59,-
861379,861404,57,+
863027,863058,51,-
863074,863115,70,-
863527,863568,58,+
864306,864334,54,-
864930,864952,61,-
865011,865043,49,-
865105,865123,67,-
865738,865758,64,-
865797,865829,58,-
865836,865858,70,+
865898,865932,61,-
867041,867068,55,-
867487,867530,53,+
868517,868556,59,+
868754,868794,53,+
869795,869834,58,+
870660,870679,47,+
870933,870969,56,+
871388,871411,61,-
871852,871882,51,-
871948,871982,62,+
872016,872038,61,-
873757,873784,68,-
874028,874055,55,-
875629,875659,63,+
878688,878718,51,+
881466,881494,66,-
882713,882742,52,-
883467,883504,61,+
883716,883758,68,+
884975,885001,66,+
885076,885100,59,-
885138,885157,52,-
885214,885245,52,-
887225,887255,61,+
888385,888418,65,-
888540,888580,57,+
888729,888748,49,+
893191,893218,63,+
894018,894047,63,+
894072,894102,63,-
895675,895714,51,-
895793,895813,64,+
901793,901820,66,+
904394,904411,50,+
905725,905758,64,-
906222,906254,49,-
906470,906500,51,+
907176,907212,55,+
909136,909168,49,-
910495,910525,68,-
911017,911041,59,+
911201,911231,49,+
911755,911777,49,+
912074,912100,71,+
912645,912674,52,-
918980,919003,49,+
924073,924093,48,+
935290,935325,57,+
939823,939860,53,+
940199,940215,52,+
940930,940962,49,-
941431,941458,55,+
941861,941894,51,+
942791,942824,48,+
943231,943263,59,+
944010,944034,48,+
944185,944210,75,+
946711,946741,51,+
947999,948018,47,-
951863,951882,47,+
951950,951969,47,+
952044,952068,48,-
952403,952436,56,+
953427,953447,49,+
954675,954713,56,+
955512,955531,49,+
955695,955718,49,+
957559,957582,48,+
957916,957933,50,+
961052,961072,64,+
962432,962463,50,+
963739,963782,49,-
964694,964716,51,+
966759,966787,65,+
968897,968917,64,+
972022,972042,48,+
974075,974094,47,+
974504,974550,47,-
975151,975179,54,-
976074,976092,51,-
977932,977957,66,+
979756,979792,55,-
981389,981408,47,-
981535,981569,48,+
982477,982508,54,-
983000,983026,56,-
984328,984372,52,+
984597,984639,64,+
984910,984935,47,+
985957,985997,54,+
986498,986534,59,+
987461,987494,48,+
988787,988818,48,-
990803,990820,52,+
991501,991538,47,+
992257,992287,51,+
992404,992442,57,-
993808,993836,63,-
994416,994433,50,+
996530,996560,51,+
998021,998052,50,-
999226,999254,54,-
999370,999402,57,-
1001364,1001397,52,-
1002058,1002099,57,+
1002710,1002730,64,+
1003239,1003258,47,+
1003372,1003392,64,+
1003756,1003799,64,+
1004077,1004110,60,+
1005395,1005428,61,+
1005510,1005547,61,+
1007993,1008026,64,+
1008178,1008201,60,+
1010378,1010425,50,-
1010867,1010890,60,+
1011224,1011257,61,+
1011358,1011376,51,+
1011645,1011680,47,+
1012374,1012400,83,+
1013556,1013584,54,+
1013997,1014017,52,+
1014109,1014137,54,+
1014231,1014254,60,+
1014277,1014316,57,+
1014788,1014824,62,+
1015132,1015155,70,+
1015529,1015562,64,+
1018238,1018258,64,+
1018496,1018528,62,+
1019397,1019427,68,+
1020609,1020627,51,+
1021169,1021188,47,-
1021319,1021345,56,+
1024623,1024649,56,+
1027758,1027802,54,-
1028611,1028643,49,-
1030270,1030299,65,-
1030453,1030496,54,-
1031429,1031458,52,-
1031972,1032003,50,+
1032824,1032844,47,-
1035265,1035290,68,+
1035848,1035873,47,+
1035901,1035919,50,+
1039782,1039800,67,+
1040814,1040848,62,+
1046696,1046715,47,+
1052320,1052350,54,-
1054483,1054514,82,+
1057330,1057354,48,-
1058204,1058245,53,-
1064212,1064243,66,+
1067198,1067230,66,+
1071292,1071332,48,+
1073875,1073896,63,+
1077844,1077865,48,-
1080389,1080420,54,+
1081954,1081984,60,+
1085285,1085314,51,+
1085424,1085457,61,+
1094233,1094250,69,+
1095782,1095803,52,-
1099016,1099053,53,-
1101091,1101117,66,-
1101881,1101899,50,-
1102982,1103025,48,+
1103471,1103499,60,+
1104950,1104986,61,-
1106108,1106125,50,+
1108391,1108410,66,+
1108552,1108569,50,-
1109105,1109144,49,-
1109443,1109479,59,+
1109783,1109807,64,+
1112990,1113016,56,+
1113940,1113965,57,-
1114385,1114426,50,+
1116224,1116246,61,+
1117153,1117185,50,+
1117313,1117341,66,+
1117387,1117423,56,+
1117717,1117756,54,+
1118676,1118719,50,+
1119524,1119548,48,+
1122919,1122943,59,+
1123943,1123972,106,+
1124038,1124084,47,+
1124884,1124904,48,+
1126081,1126113,49,+
1129118,1129151,58,+
1129491,1129511,52,+
1130597,1130619,51,+
1133856,1133901,53,+
1135005,1135030,69,+
1135060,1135089,54,+
1137063,1137106,53,+
1142157,1142180,48,+
1146485,1146518,65,+
1153027,1153047,48,-
1161411,1161443,67,-
1163978,1164013,65,-
1164278,1164306,54,-
1164764,1164783,49,+
1166683,1166729,48,+
1168261,1168288,55,+
1169149,1169165,52,+
1171207,1171244,53,-
1171458,1171484,67,-
1172104,1172141,53,+
1173256,1173284,80,+
1176420,1176439,47,-
1179416,1179444,53,-
1181842,1181887,49,+
1184816,1184849,78,+
1185504,1185539,57,-
1186154,1186176,49,-
1188449,1188486,56,+
1189909,1189928,51,+
1190006,1190022,52,+
1190559,1190592,56,-
1191499,1191526,66,-
1192689,1192732,54,-
1193903,1193921,49,+
1194291,1194326,57,-
1194530,1194551,63,+
1194864,1194880,70,-
1195314,1195345,50,-
1196355,1196369,73,+
1196761,1196788,55,+
1197469,1197503,64,+
1197571,1197592,48,+
1197955,1197982,55,+
1198412,1198436,48,+
1198597,1198636,57,+
1199278,1199323,50,+
1200535,1200569,61,+
1203839,1203885,47,-
1204212,1204237,67,+
1204262,1204282,64,-
1204351,1204373,70,+
1204401,1204421,64,-
1204491,1204512,62,+
1204540,1204560,64,-
1204628,1204650,70,+
1204679,1204699,64,-
1204718,1204740,51,-
1210360,1210398,56,+
1210928,1210945,50,+
1216414,1216434,49,+
1216466,1216485,65,+
1217247,1217286,58,+
1222290,1222311,62,+
1224866,1224899,56,-
1226814,1226851,58,+
1228631,1228657,57,-
1229148,1229172,59,-
1229685,1229718,50,+
1231095,1231140,47,-
1231878,1231912,62,-
1232201,1232244,53,-
1234487,1234520,48,+
1235504,1235539,59,+
1235920,1235946,56,+
1237084,1237120,57,+
1237410,1237429,47,+
1237895,1237924,52,+
1237961,1237986,84,+
1239019,1239062,49,-
1240488,1240517,65,+
1240550,1240576,69,+
1240628,1240661,47,+
1242483,1242521,57,+
1247997,1248035,58,+
1250688,1250710,61,-
1251299,1251330,78,+
1253095,1253127,62,+
1253384,1253406,70,+
1254208,1254241,48,+
1257730,1257750,64,-
1258288,1258308,47,+
1258889,1258930,52,+
1259903,1259931,60,-
1262598,1262618,47,+
1264277,1264314,58,+
1265234,1265252,49,+
1266752,1266782,52,+
1267671,1267693,61,+
1268359,1268382,61,+
1272326,1272349,60,+
1272921,1272954,56,+
1274448,1274472,58,-
1274733,1274759,56,-
1276178,1276204,56,+
1276591,1276612,48,-
1277273,1277297,48,-
1277781,1277816,47,+
1277915,1277939,59,-
1279685,1279704,66,+
1280769,1280799,62,+
1287306,1287327,72,-
1288858,1288898,53,-
1289308,1289335,55,+
1292193,1292237,54,+
1294501,1294525,48,-
1295667,1295696,52,-
1296439,1296469,51,-
1296904,1296920,52,+
1300637,1300657,64,-
1301227,1301243,53,-
1301925,1301943,49,-
1301947,1301967,64,+
1302566,1302583,50,-
1304211,1304239,54,+
1306114,1306143,57,-
1307639,1307675,55,-
1307993,1308019,56,+
1311475,1311497,70,+
1313963,1313988,67,+
1314457,1314473,70,+
1318260,1318285,56,+
1318377,1318400,78,+
1318491,1318514,78,+
1318601,1318631,60,+
1318716,1318746,60,+
1318837,1318860,78,+
1319323,1319343,47,+
1319768,1319799,63,+
1320922,1320953,50,+
1321498,1321530,49,+
1321897,1321929,49,+
1321945,1321985,53,-
1322602,1322622,48,+
1322802,1322825,49,+
1327382,1327402,64,+
1328137,1328166,52,+
1328240,1328271,50,-
1329019,1329037,50,+
1329119,1329158,50,+
1332310,1332333,60,+
1332878,1332908,68,+
1333094,1333112,49,+
1333683,1333711,54,+
1334618,1334642,59,+
1334771,1334803,49,+
1337240,1337286,49,+
1340897,1340917,47,+
1342278,1342299,63,+
1343425,1343446,63,+
1347888,1347917,51,+
1350440,1350461,52,+
1351104,1351131,55,+
1353367,1353391,59,+
1353457,1353482,57,+
1354014,1354045,59,+
1355572,1355602,65,+
1355815,1355852,53,-
1355891,1355917,56,+
1356040,1356076,64,-
1358292,1358314,72,+
1364992,1365021,52,-
1365282,1365320,57,+
1366552,1366583,66,-
1366833,1366855,49,+
1366872,1366891,51,-
1368837,1368869,65,-
1370180,1370203,48,+
1370434,1370457,72,+
1370557,1370598,54,+
1373010,1373033,60,+
1373947,1373972,71,+
1374153,1374172,51,+
1375971,1375998,68,+
1376426,1376455,52,+
1376687,1376703,70,+
1376827,1376846,66,+
1378979,1379002,60,-
1382956,1382976,48,+
1384015,1384053,52,+
1385230,1385263,48,+
1386449,1386467,67,+
1387733,1387773,58,-
1389763,1389788,57,-
1390201,1390225,59,+
1390333,1390370,62,+
1392467,1392502,61,+
1394050,1394068,49,+
1395214,1395238,58,+
1398627,1398646,47,+
1400651,1400687,74,-
1404154,1404189,48,-
1405184,1405212,63,+
1406384,1406410,56,-
1408533,1408557,86,+
1409843,1409875,51,+
1411119,1411160,53,+
1411852,1411886,62,+
1412438,1412458,64,+
1412488,1412508,47,+
1413603,1413650,76,+
1414072,1414117,49,+
1415520,1415548,71,+
1416125,1416156,49,-
1416458,1416476,52,-
1416688,1416724,55,+
1416891,1416913,51,+
1417526,1417551,57,+
1417848,1417873,57,+
1419238,1419260,48,+
1419414,1419434,47,-
1420759,1420793,57,+
1427315,1427334,47,+
1431753,1431771,67,-
1436316,1436358,49,-
1436803,1436842,71,+
1437039,1437068,63,+
1438028,1438069,58,+
1440259,1440275,52,+
1440465,1440485,49,+
1440772,1440810,55,+
1444244,1444267,49,+
1446089,1446110,63,+
1446477,1446499,48,+
1446533,1446576,53,-
1449232,1449255,87,+
1450235,1450265,51,+
1452236,1452268,50,+
1453395,1453428,65,+
1453423,1453446,60,-
1453672,1453706,67,+
1454876,1454903,64,+
1455548,1455582,60,+
1457153,1457172,66,+
1457277,1457309,49,+
1457805,1457829,59,+
1457973,1458009,48,+
1458103,1458133,65,+
1458778,1458797,66,+
1467977,1468011,56,+
1469459,1469484,47,+
1470170,1470193,48,+
1470257,1470273,52,+
1472489,1472527,86,+
1472839,1472878,57,+
1473343,1473372,52,+
1474092,1474124,49,+
1476608,1476638,51,-
1476846,1476880,56,+
1477969,1477995,56,-
1478369,1478413,48,-
1482992,1483022,67,-
1483586,1483619,52,-
1483645,1483669,48,-
1484795,1484811,52,+
1486668,1486703,64,-
1490399,1490425,56,-
1491080,1491116,54,-
1491685,1491704,51,+
1494016,1494042,56,-
1497178,1497198,47,-
1497386,1497406,49,+
1497574,1497595,63,+
1503367,1503398,65,+
1504936,1504969,62,+
1505076,1505106,54,+
1506624,1506653,68,-
1507391,1507411,47,-
1508736,1508757,51,+
1508769,1508803,47,-
1509021,1509044,69,-
1509791,1509816,57,-
1510789,1510817,82,-
1510833,1510854,72,+
1511645,1511675,51,-
1512994,1513012,51,+
1513138,1513161,60,+
1513300,1513329,52,+
1514407,1514450,52,+
1528975,1529018,50,+
1530761,1530786,84,-
1531931,1531951,49,+
1546144,1546166,62,+
1556752,1556778,56,+
1558675,1558718,49,+
1560398,1560419,72,+
1562196,1562216,47,-
1562415,1562437,61,-
1563187,1563216,62,+
1564251,1564270,47,+
1565154,1565174,47,+
1565810,1565853,49,-
1570636,1570668,82,+
1571843,1571867,61,+
1575443,1575482,53,+
1577930,1577966,59,+
1578458,1578484,56,+
1579855,1579886,64,-
1580803,1580845,50,-
1584283,1584304,49,-
1588716,1588758,49,+
1593433,1593471,54,-
1595028,1595044,53,-
1598548,1598585,47,+
1602126,1602163,54,-
1603524,1603545,63,+
1604821,1604862,67,+
1605506,1605554,92,+
1606482,1606501,47,+
1606713,1606743,51,+
1607524,1607560,56,+
1608592,1608628,58,+
1610422,1610447,67,+
1610636,1610675,57,+
1612776,1612797,48,-
1612917,1612952,50,-
1612991,1613036,50,+
1617351,1617383,48,+
1619080,1619123,54,+
1620154,1620201,48,-
1622649,1622679,51,-
1623458,1623480,72,-
1624312,1624335,49,+
1624346,1624384,57,+
1624612,1624636,60,+
1625296,1625323,60,+
1627366,1627387,49,+
1628318,1628344,55,+
1629875,1629898,49,+
1630071,1630098,64,+
1630678,1630698,64,+
1634415,1634447,80,-
1635817,1635836,47,-
1636388,1636418,51,-
1638296,1638314,49,-
1638450,1638467,50,+
1639496,1639526,64,-
1640107,1640143,58,-
1640818,1640853,59,-
1641709,1641728,47,+
1643573,1643592,66,+
1644125,1644162,59,+
1644183,1644207,48,+
1645972,1646007,56,+
1649526,1649549,60,+
1650322,1650344,51,+
1659257,1659296,54,+
1661474,1661509,58,-
1662101,1662123,51,-
1667937,1667957,49,-
1674769,1674787,50,-
1679640,1679667,55,-
1682010,1682057,49,-
1712197,1712227,60,-
1715287,1715309,48,-
1715664,1715683,49,+
1718534,1718567,64,+
1720793,1720826,64,-
1722925,1722947,51,-
1728607,1728631,59,+
1730033,1730074,67,-
1732017,1732048,66,+
1736026,1736058,47,-
1744617,1744636,47,-
1748149,1748176,55,-
1758088,1758108,47,-
1763884,1763911,55,-
1768199,1768225,56,+
1768698,1768718,64,+
1769648,1769666,51,+
1770213,1770244,50,+
1770321,1770343,61,+
1770357,1770396,57,+
1772752,1772774,62,+
1774409,1774426,50,+
1775386,1775409,60,+
1776414,1776446,60,+
1776725,1776756,50,-
1778816,1778846,85,+
1778946,1778969,50,+
1779776,1779795,47,-
1780572,1780609,62,-
1781063,1781108,49,-
1786524,1786543,47,-
1787754,1787785,49,-
1790783,1790819,64,-
1799044,1799078,64,-
1799188,1799211,60,-
1800150,1800179,79,-
1800599,1800620,72,-
1800839,1800871,52,+
1802275,1802315,53,-
1802725,1802752,55,+
1804647,1804680,59,+
1805205,1805245,53,+
1807164,1807196,52,-
1807414,1807435,72,+
1808316,1808349,48,+
1808925,1808970,47,+
1809477,1809496,66,+
1810054,1810072,49,-
1810393,1810416,60,+
1810666,1810694,54,+
1811644,1811676,49,+
1811937,1811965,83,+
1812094,1812143,48,+
1812720,1812761,52,+
1813368,1813401,62,+
1814431,1814460,54,+
1814587,1814614,55,+
1815115,1815142,55,-
1815438,1815455,50,+
1816937,1816962,57,+
1817734,1817759,57,+
1819915,1819937,61,+
1821003,1821040,56,+
1822590,1822612,48,+
1822668,1822696,66,-
1823329,1823345,52,+
1825095,1825119,48,+
1826514,1826558,54,+
1826624,1826654,63,+
1826716,1826756,55,+
1828699,1828724,57,-
1830093,1830119,56,-
1830128,1830174,48,-
1830264,1830293,52,-
1831624,1831660,62,+
1831946,1831963,52,+
1833678,1833702,59,-
1834465,1834502,57,-
1834601,1834629,67,-
1835003,1835042,49,+
1837650,1837681,62,+
1837702,1837719,52,+
1838203,1838224,63,+
1839273,1839293,47,+
1841617,1841649,49,-
1842267,1842291,59,+
1842674,1842703,68,-
1843261,1843279,49,+
1846079,1846113,59,+
1847533,1847573,58,+
1848626,1848650,59,-
1849549,1849577,54,+
1849838,1849878,49,-
1850105,1850137,65,+
1850346,1850370,59,-
1851175,1851194,49,-
1851410,1851428,49,+
1853412,1853444,78,-
1854811,1854831,48,+
1856933,1856954,49,-
1857913,1857930,52,+
1858220,1858255,58,+
1859549,1859588,55,+
1860731,1860757,63,+
1862077,1862104,71,+
1862720,1862742,61,+
1867141,1867169,66,+
1867954,1867980,57,-
1869490,1869518,54,-
1871063,1871108,47,+
1871771,1871805,51,+
1874457,1874487,66,-
1877195,1877216,49,+
1877221,1877247,56,-
1884557,1884596,54,+
1889356,1889384,53,+
1899119,1899142,60,+
1899179,1899210,48,+
1902364,1902399,78,+
1903857,1903902,53,+
1904214,1904242,54,-
1905343,1905373,63,+
1908574,1908604,51,-
1914217,1914266,89,+
1914410,1914438,69,+
1915317,1915347,68,+
1916081,1916113,52,+
1916452,1916484,48,+
1917158,1917179,63,-
1919452,1919476,59,+
1920003,1920027,58,+
1921564,1921582,49,+
1923955,1923985,68,+
1926060,1926079,47,+
1926933,1926961,68,+
1927015,1927042,55,-
1928826,1928845,49,+
1929525,1929554,65,-
1930416,1930440,59,-
1934504,1934552,61,+
1935550,1935568,50,+
1935638,1935687,48,+
1935736,1935759,50,-
1938453,1938486,51,+
1938986,1939028,54,+
1939288,1939308,48,+
1941539,1941558,47,+
1945632,1945657,57,+
1945697,1945724,55,+
1946377,1946396,66,+
1946887,1946913,69,+
1947447,1947472,84,+
1950823,1950842,49,+
1954583,1954601,50,+
1955016,1955040,70,+
1955957,1955989,64,+
1956272,1956298,64,+
1958129,1958166,58,+
1958965,1958985,64,+
1959241,1959283,57,+
1959582,1959607,57,-
1959650,1959680,55,-
1959835,1959862,53,+
1960468,1960497,63,-
1960913,1960942,80,-
1961469,1961485,70,+
1961885,1961911,66,+
1962364,1962383,47,+
1966229,1966250,81,+
1966804,1966828,48,+
1968926,1968966,57,+
1969937,1969957,51,+
1971741,1971766,57,+
1971836,1971871,54,+
1972069,1972108,51,-
1973522,1973558,48,-
1975352,1975390,61,-
1977070,1977091,63,+
1978594,1978612,51,+
1978718,1978741,60,+
1979089,1979137,48,+
1980692,1980723,59,+
1981034,1981061,65,+
1981320,1981347,72,+
1982102,1982127,57,-
1983010,1983041,54,-
1984026,1984058,49,+
1984840,1984869,52,-
1985968,1986007,58,-
1986188,1986229,51,+
1987458,1987489,51,+
1988495,1988529,55,+
1988578,1988597,49,+
1988994,1989032,53,-
1989792,1989815,50,+
1989924,1989955,61,+
1991251,1991271,47,+
1993180,1993197,50,-
1993699,1993723,48,+
1994237,1994261,94,+
1996334,1996358,86,+
1998403,1998442,86,-
2000109,2000130,63,+
2001087,2001107,47,-
2001674,2001704,60,+
2002245,2002272,55,+
2006125,2006162,59,+
2008268,2008296,63,+
2012633,2012668,61,+
2012977,2012997,64,+
2013025,2013061,56,+
2013641,2013661,47,+
2014548,2014569,62,+
2015327,2015344,52,-
2015391,2015428,47,-
2016116,2016142,56,+
2018044,2018067,48,-
2022298,2022337,55,+
2022510,2022540,51,+
2022917,2022936,66,+
2024320,2024342,48,+
2028034,2028073,51,+
2029521,2029544,69,+
2033142,2033184,55,+
2035256,2035293,64,+
2036735,2036777,55,+
2037783,2037806,60,+
2038504,2038531,64,-
2039137,2039178,55,+
2039989,2040026,57,-
2040084,2040114,57,-
2041144,2041161,50,-
2042123,2042158,56,+
2042483,2042515,49,-
2047270,2047302,66,+
2048683,2048712,52,-
2049264,2049297,63,+
2052164,2052195,48,-
2052416,2052452,64,-
2054264,2054305,48,+
2054352,2054373,52,+
2054394,2054416,72,+
2055582,2055623,53,+
2057804,2057835,64,+
2058141,2058170,52,-
2058155,2058185,63,+
2058459,2058484,67,+
2058825,2058856,65,+
2059261,2059289,53,+
2060444,2060477,80,+
2063689,2063708,51,+
2065886,2065921,56,+
2066393,2066420,55,-
2067511,2067530,47,+
2073014,2073032,49,-
2075103,2075129,56,+
2076707,2076734,55,+
2077529,2077577,48,-
2079597,2079636,61,+
2084444,2084473,52,+
2086125,2086153,55,-
2087709,2087730,49,-
2088662,2088689,55,-
2088997,2089026,52,-
2089254,2089277,48,-
2091047,2091072,57,-
2091624,2091652,54,-
2091961,2091988,55,+
2092110,2092136,66,-
2095579,2095609,61,+
2095748,2095776,52,+
2095839,2095867,52,+
2099402,2099443,54,+
2099901,2099940,58,-
2103653,2103670,50,+
2104603,2104635,62,+
2106086,2106121,58,+
2107440,2107469,52,-
2108059,2108078,47,-
2109126,2109157,50,-
2109842,2109869,55,-
2110063,2110092,62,-
2111158,2111184,68,+
2112309,2112351,54,+
2114942,2114986,50,-
2116193,2116210,52,+
2117048,2117071,49,+
2117406,2117423,52,+
2117621,2117661,53,+
2119740,2119772,65,+
2120893,2120917,59,+
2122242,2122277,55,+
2122624,2122641,69,+
2125176,2125197,51,+
2125302,2125331,55,-
2126820,2126865,89,+
2127305,2127334,52,+
2128457,2128479,49,-
2133948,2133967,49,-
2137547,2137578,57,-
2142617,2142640,60,+
2142880,2142913,48,+
2144523,2144549,68,+
2145281,2145323,54,+
2149759,2149790,63,+
2150311,2150339,54,+
2150397,2150441,48,-
2150611,2150638,66,+
2151067,2151087,64,+
2152749,2152780,103,+
2154168,2154196,54,+
2155137,2155159,61,-
2155174,2155204,51,+
2157131,2157161,51,+
2159633,2159657,48,+
2162021,2162048,61,+
2163864,2163888,48,+
2173443,2173476,65,+
2173918,2173936,51,+
2182050,2182073,49,-
2185714,2185739,86,+
2188043,2188060,50,+
2188940,2188959,47,+
2189204,2189243,57,+
2189747,2189791,53,+
2190732,2190755,60,+
2192377,2192402,47,+
2193026,2193048,48,+
2195234,2195254,51,+
2198293,2198310,50,+
2198430,2198463,48,-
2198651,2198687,58,-
2199666,2199693,63,+
2199847,2199870,60,-
2201866,2201907,55,+
2202095,2202133,59,-
2204099,2204143,94,+
2205819,2205863,48,+
2208981,2209023,52,+
2210120,2210150,51,+
2213290,2213324,50,+
2215597,2215636,53,+
2216760,2216778,49,+
2219766,2219791,57,+
2224127,2224161,62,-
2226640,2226681,53,-
2228366,2228395,60,+
2231978,2232001,60,+
2232483,2232506,60,+
2236829,2236864,57,-
2246395,2246431,55,+
2248664,2248705,48,+
2255971,2256000,52,+
2260819,2260848,51,+
2262500,2262536,58,-
2263299,2263338,55,+
2263647,2263676,57,+
2264772,2264790,50,-
2267416,2267440,48,+
2267468,2267499,51,+
2268475,2268494,47,+
2268513,2268549,58,+
2268893,2268923,62,+
2268941,2268969,71,+
2271132,2271172,70,-
2272626,2272647,63,-
2273958,2273991,61,+
2275953,2275972,49,+
2276494,2276520,56,+
2277591,2277635,54,+
2277713,2277746,76,-
2277715,2277742,55,+
2278780,2278814,59,-
2278984,2279004,51,+
2279489,2279525,58,+
2282184,2282207,60,-
2282365,2282402,53,-
2283655,2283681,56,+
2284192,2284221,54,-
2284465,2284507,67,-
2287557,2287585,63,-
2289776,2289799,49,+
2292573,2292607,56,+
2292672,2292692,64,+
2292739,2292760,81,+
2303269,2303301,47,+
2304375,2304406,50,+
2307346,2307376,57,+
2307635,2307666,50,+
2308504,2308524,47,+
2309939,2309977,56,-
2310287,2310323,57,-
2311413,2311433,64,-
2313840,2313857,50,+
2317245,2317292,50,+
2317357,2317391,75,-
2319762,2319803,48,+
2320289,2320311,51,-
2321607,2321649,53,+
2322078,2322117,49,+
2323116,2323134,49,+
2326035,2326064,52,+
2329826,2329848,48,-
2330137,2330160,60,+
2335583,2335602,66,+
2337559,2337589,67,+
2337645,2337669,59,+
2352171,2352197,67,+
2356956,2356994,74,+
2361076,2361101,57,+
2362872,2362897,47,+
2363239,2363266,69,+
2365549,2365583,78,+
2365609,2365629,48,-
2376770,2376815,53,-
2379735,2379758,50,+
2381046,2381084,62,-
2382638,2382680,55,+
2388505,2388543,70,+
2388908,2388950,50,+
2390026,2390063,54,+
2396764,2396785,51,+
2397483,2397514,54,+
2399222,2399249,68,-
2409635,2409670,54,+
2420591,2420609,67,+
2431930,2431972,54,+
2434529,2434570,49,+
2436701,2436719,49,+
2438717,2438753,58,+
2439271,2439314,91,+
2443044,2443076,108,+
2443222,2443263,64,-
2443782,2443818,55,-
2447285,2447304,66,+
2449218,2449250,49,+
2450216,2450258,53,+
2456876,2456902,56,+
2457662,2457694,49,+
2458341,2458367,56,-
2458734,2458764,60,-
2458921,2458961,53,-
2459328,2459357,52,-
2460906,2460943,58,+
2465944,2465981,57,-
2469820,2469842,61,+
2473739,2473759,64,+
2474931,2474957,84,+
2477170,2477187,50,+
2477737,2477767,80,+
2478573,2478601,54,+
2478979,2479008,65,+
2482084,2482124,51,-
2482470,2482496,56,-
2482882,2482915,58,-
2486785,2486831,87,+
2487014,2487039,57,+
2487999,2488031,82,-
2488950,2488983,48,+
2493276,2493310,47,-
2496087,2496117,60,+
2496885,2496920,48,+
2498128,2498162,59,+
2498668,2498698,51,+
2498893,2498931,70,+
2499783,2499805,48,+
2499958,2499984,73,-
2501798,2501821,48,-
2502552,2502571,47,+
2504671,2504703,48,+
2506530,2506550,51,+
2507144,2507175,65,+
2508737,2508757,48,+
2508771,2508793,70,-
2509634,2509653,47,+
2510368,2510400,49,+
2512195,2512217,72,+
2512599,2512623,48,+
2512828,2512864,55,-
2513292,2513326,62,-
2515070,2515094,48,-
2516125,2516145,47,-
2518174,2518199,58,+
2519111,2519130,49,+
2519946,2519975,58,+
2520546,2520583,74,+
2522214,2522239,57,-
2523729,2523758,58,+
2524330,2524367,74,+
2524699,2524722,49,-
2526355,2526387,65,+
2531950,2531982,79,+
2532373,2532410,55,+
2534766,2534792,66,+
2539937,2539964,55,-
2540854,2540890,89,+
2540892,2540916,48,+
2541177,2541204,55,+
2542582,2542604,61,+
2543241,2543276,59,+
2543445,2543469,48,-
2544336,2544369,55,+
2544556,2544583,64,+
2545187,2545219,49,+
2547252,2547290,58,-
2547422,2547453,50,-
2547779,2547806,55,+
2548667,2548685,49,+
2550087,2550119,49,+
2550349,2550375,58,+
2553651,2553671,47,-
2554508,2554529,48,+
2555185,2555207,61,+
2555825,2555846,72,-
2556065,2556097,52,+
2557199,2557235,61,+
2557403,2557437,64,+
2558401,2558444,55,+
2560537,2560568,50,+
2561057,2561078,48,+
2562234,2562251,50,+
2564347,2564386,52,-
2565044,2565081,58,+
2568050,2568087,71,+
2568930,2568963,48,+
2571407,2571443,92,+
2571613,2571653,52,-
2571954,2571984,51,+
2572454,2572487,62,+
2573417,2573450,61,+
2573626,2573661,56,-
2573706,2573723,52,+
2574130,2574167,55,+
2578705,2578740,59,+
2579107,2579126,47,+
2579133,2579152,65,+
2579621,2579641,64,-
2579643,2579687,49,+
2580341,2580377,55,+
2580370,2580407,54,-
2581359,2581382,63,+
2581837,2581873,56,+
2581894,2581914,47,+
2582017,2582034,50,+
2582123,2582161,54,-
2582406,2582428,48,-
2582587,2582629,48,+
2583210,2583232,48,+
2584540,2584581,51,+
2584994,2585013,66,-
2585275,2585304,51,-
2585313,2585345,49,-
2586096,2586122,85,+
2592339,2592366,55,+
2593972,2594011,61,+
2594193,2594216,70,+
2595048,2595077,52,+
2595715,2595746,62,+
2595874,2595897,49,+
2596113,2596150,57,-
2597902,2597926,48,+
2597943,2597984,54,+
2598029,2598060,79,+
2598101,2598123,72,+
2605920,2605952,59,-
2611005,2611022,50,+
2615835,2615858,60,-
2618564,2618594,77,+
2618649,2618687,73,-
2618809,2618848,73,+
2620630,2620664,47,-
2622027,2622059,63,-
2622945,2622965,47,-
2624185,2624220,55,-
2624577,2624594,50,-
2627812,2627833,48,+
2629131,2629160,52,+
2629176,2629208,49,+
2629536,2629562,56,+
2630035,2630060,69,+
2630489,2630521,59,-
2632438,2632482,50,-
2633657,2633687,62,-
2633794,2633822,54,-
2636033,2636057,48,+
2637822,2637850,54,+
2637856,2637888,68,-
2638002,2638036,58,-
2638136,2638171,78,+
2639290,2639321,50,-
2640094,2640116,79,+
2640450,2640470,48,+
2640543,2640579,58,+
2641435,2641457,61,+
2643226,2643243,69,-
2644007,2644037,77,-
2644300,2644337,58,-
2645662,2645702,98,+
2647118,2647136,51,+
2647819,2647838,66,-
2648111,2648137,56,-
2648904,2648927,49,-
2650133,2650161,68,-
2651242,2651261,47,-
2652318,2652349,79,-
2656004,2656047,50,-
2656195,2656225,51,-
2656307,2656343,61,-
2658619,2658647,65,-
2660255,2660295,51,-
2661534,2661564,63,-
2661679,2661712,64,+
2662869,2662895,66,+
2663286,2663313,55,+
2663719,2663744,47,-
2664689,2664717,65,+
2664779,2664821,49,-
2665953,2665974,63,+
2666007,2666038,60,-
2668620,2668647,55,+
2669064,2669095,57,+
2670615,2670644,52,-
2670867,2670893,68,+
2671921,2671961,54,+
2672114,2672155,93,+
2675004,2675033,101,+
2675046,2675062,52,+
2677243,2677279,59,+
2677453,2677487,91,+
2681511,2681534,48,+
2684902,2684927,47,+
2685886,2685911,57,-
2687275,2687297,63,+
2687363,2687388,47,+
2688126,2688163,74,+
2693147,2693173,56,+
2693901,2693933,49,+
2695453,2695485,63,+
2698891,2698916,84,+
2700350,2700397,47,-
2701076,2701118,50,-
2701328,2701352,59,-
2701400,2701424,58,-
2703450,2703494,48,-
2703691,2703711,47,-
2704469,2704488,51,+
2705625,2705664,54,+
2706225,2706253,80,+
2707411,2707439,63,+
2709199,2709234,74,-
2709775,2709808,62,+
2710388,2710421,62,+
2711883,2711910,55,+
2712597,2712616,47,+
2713556,2713576,82,+
2715024,2715054,65,+
2715234,2715274,54,+
2721996,2722016,52,+
2722941,2722971,96,+
2724521,2724556,75,-
2724835,2724862,66,-
2728933,2728952,66,+
2730297,2730315,67,+
2732307,2732329,61,+
2735431,2735460,52,-
2736118,2736160,55,-
2745298,2745315,50,+
2745939,2745959,47,-
2747535,2747558,50,+
2747786,2747824,58,-
2750028,2750052,48,+
2753114,2753145,51,+
2753766,2753803,51,+
2754408,2754442,59,-
2755354,2755375,72,-
2755594,2755626,52,+
2755799,2755839,55,+
2756276,2756314,57,+
2757048,2757074,58,-
2757418,2757445,65,-
2759105,2759140,59,+
2759310,2759331,48,+
2759555,2759587,62,-
2759923,2759956,59,-
2759983,2760007,59,-
2760717,2760765,48,+
2761096,2761125,51,+
2761172,2761203,50,+
2761521,2761561,55,-
2762964,2763001,58,-
2765678,2765715,55,+
2766965,2767006,54,+
2768281,2768298,69,+
2768347,2768386,59,-
2768643,2768672,52,-
2774902,2774930,54,-
2787952,2787985,51,-
2788212,2788251,57,+
2788817,2788841,59,-
2790229,2790263,59,-
2791769,2791791,89,-
2792083,2792107,59,-
2792238,2792258,47,-
2793981,2794013,48,+
2794078,2794117,54,-
2796171,2796198,57,+
2796544,2796584,67,-
2796860,2796898,61,+
2796912,2796932,64,+
2802860,2802883,64,+
2806215,2806253,59,+
2806563,2806582,47,-
2812846,2812876,52,+
2813492,2813515,60,+
2813889,2813920,63,-
2814862,2814883,72,-
2815089,2815119,54,+
2819430,2819452,49,+
2819625,2819649,48,+
2819984,2820016,49,+
2821294,2821316,48,+
2821432,2821447,72,+
2823804,2823841,56,+
2826091,2826123,49,+
2827099,2827136,57,+
2828613,2828639,57,+
2832217,2832237,47,+
2833784,2833801,50,-
2833928,2833959,65,-
2834123,2834162,54,-
2834484,2834506,51,+
2835299,2835331,54,+
2839947,2839980,58,-
2840516,2840542,70,+
2840711,2840747,59,+
2842769,2842798,52,+
2844143,2844179,61,+
2844860,2844878,49,+
2847065,2847109,53,+
2847207,2847245,57,+
2847572,2847606,75,+
2848864,2848899,62,-
2850123,2850152,63,-
2850953,2850972,49,-
2851269,2851298,61,+
2852745,2852768,48,+
2853035,2853065,79,+
2853329,2853352,48,+
2853919,2853944,57,+
2854091,2854128,55,+
2854153,2854180,100,+
2857412,2857444,58,+
2858099,2858128,70,+
2861016,2861051,61,+
2864931,2864962,59,+
2865436,2865464,69,+
2866394,2866415,63,+
2870566,2870609,50,+
2871834,2871879,52,+
2872941,2872970,52,+
2873022,2873041,49,+
2874593,2874626,50,+
2874911,2874934,50,+
2877861,2877899,51,+
2878062,2878082,64,+
2880731,2880773,53,+
2881125,2881157,50,+
2884756,2884798,50,+
2885759,2885778,66,+
2887209,2887242,65,+
2888138,2888175,54,+
2890804,2890833,67,+
2891235,2891273,58,+
2892127,2892150,49,+
2893499,2893529,60,+
2900023,2900044,62,+
2900228,2900253,92,+
2911463,2911490,66,+
2912617,2912647,51,+
2913641,2913675,58,+
2917285,2917302,69,+
2917320,2917354,62,+
2924589,2924630,58,+
2924664,2924688,58,+
2925021,2925047,63,+
2925471,2925492,52,+
2928532,2928554,61,+
2929059,2929099,70,+
2929102,2929124,70,-
2929128,2929157,52,+
2930015,2930057,50,+
2930627,2930665,59,+
2931011,2931043,63,+
2931311,2931345,58,+
2931507,2931541,48,-
2932071,2932094,49,+
2932785,2932802,50,+
2933155,2933194,54,+
2933243,2933281,50,+
2933357,2933385,53,+
2933851,2933888,64,+
2934148,2934194,52,+
2934753,2934778,47,+
2934887,2934911,48,+
2935128,2935155,81,+
2938109,2938143,50,+
2938266,2938307,53,+
2938390,2938423,61,+
2938741,2938774,47,+
2939375,2939400,58,+
2939409,2939430,51,+
2940106,2940136,51,+
2940184,2940221,59,+
2940588,2940626,87,+
2942617,2942656,54,+
2943512,2943550,61,+
2950709,2950729,52,+
2950758,2950785,55,-
2957557,2957594,53,+
2958969,2958991,61,+
2964351,2964374,48,+
2969751,2969777,56,-
2970983,2971014,49,-
2971952,2971978,68,+
2972173,2972205,58,-
2972215,2972241,56,-
2973065,2973082,50,+
2973994,2974011,52,-
2976516,2976537,51,+
2976584,2976614,60,+
2976694,2976718,59,-
2979530,2979557,57,-
2981270,2981297,55,+
2982475,2982493,51,+
2982777,2982796,51,-
2984101,2984135,59,+
2984653,2984681,54,+
2984697,2984716,51,+
2987624,2987644,52,+
2988343,2988363,51,+
2991694,2991739,53,-
2991798,2991821,49,+
2991889,2991928,59,+
2992621,2992648,64,+
2994348,2994369,48,-
2994830,2994852,61,+
2996357,2996394,58,-
2999254,2999273,47,+
3001549,3001565,52,+
3012253,3012284,51,+
3032325,3032344,49,-
3034983,3035030,49,+
3043663,3043686,60,+
3044024,3044059,73,+
3047502,3047525,50,-
3047666,3047682,70,-
3051071,3051103,63,-
3051406,3051425,47,+
3051457,3051475,50,+
3051488,3051526,58,+
3051648,3051673,47,-
3051706,3051726,47,+
3053658,3053683,57,-
3054276,3054300,58,-
3055621,3055652,65,-
3060389,3060410,48,+
3061474,3061499,57,+
3061854,3061873,47,+
3062206,3062230,48,+
3062440,3062459,49,-
3063081,3063115,64,-
3063866,3063895,52,-
3064420,3064449,51,-
3065028,3065049,48,-
3065330,3065359,52,-
3065878,3065921,48,+
3066498,3066533,78,-
3066786,3066806,47,-
3067170,3067197,65,+
3067214,3067233,47,-
3067930,3067950,51,-
3075219,3075244,47,+
3075591,3075607,53,-
3075734,3075751,50,-
3075908,3075938,55,-
3077585,3077619,58,+
3077647,3077679,65,+
3078564,3078597,48,+
3080257,3080283,56,-
3080788,3080820,63,+
3081965,3081990,58,-
3087159,3087192,50,+
3090021,3090056,47,-
3092574,3092612,50,-
3093401,3093428,72,-
3093743,3093772,68,+
3095366,3095398,62,+
3099193,3099235,54,+
3102781,3102820,54,+
3103025,3103057,62,-
3103632,3103657,57,+
3104743,3104767,59,+
3104886,3104920,59,-
3105650,3105687,64,+
3106883,3106916,59,+
3107695,3107715,51,-
3109424,3109458,61,-
3111344,3111379,47,-
3111721,3111751,60,-
3112151,3112169,49,+
3113185,3113208,72,-
3113654,3113684,51,-
3113973,3114011,54,-
3114931,3114963,50,-
3117223,3117243,64,-
3118085,3118116,62,+
3118270,3118298,54,-
3118366,3118397,63,+
3120163,3120193,52,+
3124250,3124274,59,-
3124598,3124629,67,+
3127059,3127089,68,+
3128649,3128686,61,-
3128945,3128966,48,+
3129655,3129676,52,-
3132475,3132491,70,+
3132688,3132720,62,-
3134815,3134855,53,-
3135581,3135602,49,+
3135627,3135645,67,+
3135731,3135756,57,+
3135835,3135860,57,+
3135939,3135957,67,+
3136043,3136068,57,+
3136147,3136172,57,+
3137654,3137677,48,-
3137813,3137841,54,+
3137872,3137897,57,+
3138375,3138393,50,-
3139489,3139528,73,-
3139922,3139956,62,-
3141733,3141757,59,-
3142447,3142473,56,-
3142516,3142542,56,-
3142851,3142883,65,-
3143793,3143822,63,+
3144117,3144140,48,+
3148294,3148316,61,+
3149526,3149552,56,+
3150346,3150391,50,+
3150442,3150461,66,-
3150892,3150924,63,+
3151630,3151655,57,+
3152481,3152526,50,-
3154762,3154782,65,-
3156282,3156306,60,-
3157601,3157633,49,-
3159574,3159595,48,-
3161140,3161163,60,-
3162487,3162510,50,-
3162920,3162953,65,-
3162998,3163019,62,-
3163615,3163648,48,-
3164114,3164145,63,-
3164672,3164701,52,-
3164845,3164864,49,+
3165229,3165250,63,-
3165453,3165480,71,-
3165545,3165572,88,-
3166826,3166843,50,-
3175224,3175254,51,+
3175988,3176011,60,-
3176143,3176163,49,-
3176543,3176582,58,-
3178973,3179004,54,-
3179041,3179058,50,-
3179547,3179573,56,-
3181145,3181174,52,+
3183887,3183910,87,+
3184731,3184756,57,-
3185312,3185359,49,-
3185545,3185585,55,+
3185616,3185647,70,-
3185714,3185742,65,-
3186952,3186979,66,-
3189015,3189037,61,-
3189152,3189182,51,-
3189841,3189860,51,-
3190722,3190747,57,+
3192124,3192164,49,-
3192276,3192309,48,+
3192344,3192388,67,+
3192428,3192448,64,-
3193375,3193399,59,-
3193781,3193810,86,-
3193935,3193975,95,-
3194769,3194789,51,-
3194806,3194847,70,-
3195027,3195054,55,-
3195732,3195764,58,-
3195812,3195838,56,+
3196320,3196341,51,+
3197188,3197222,47,+
3197257,3197279,61,+
3197790,3197824,50,+
3198008,3198041,50,-
3200375,3200398,49,-
3202639,3202659,64,-
3202967,3202987,51,-
3202998,3203031,48,-
3203701,3203734,56,-
3206023,3206050,81,-
3206416,3206443,55,-
3206785,3206823,53,-
3207656,3207704,62,-
3210018,3210034,52,+
3211082,3211120,54,-
3211219,3211253,51,+
3211605,3211639,61,-
3212504,3212531,63,-
3214731,3214756,68,+
3217721,3217740,49,+
3218576,3218606,79,-
3220452,3220474,51,+
3223776,3223802,56,-
3224219,3224249,66,-
3224965,3225002,53,+
3225307,3225326,47,-
3226516,3226539,50,-
3227200,3227224,48,-
3227402,3227443,53,+
3227952,3227969,50,-
3231113,3231142,55,-
3231418,3231451,48,-
3231965,3232009,50,-
3232674,3232693,49,+
3232910,3232938,67,-
3234504,3234522,49,+
3236313,3236352,54,+
3236761,3236789,66,-
3237199,3237237,56,-
3242549,3242571,70,+
3242682,3242724,53,-
3242918,3242948,51,-
3243645,3243675,68,-
3243941,3243963,61,-
3244140,3244173,61,-
3244476,3244505,65,-
3244777,3244819,55,-
3245053,3245075,48,+
3247230,3247267,53,-
3249430,3249448,51,-
3251138,3251176,51,-
3251634,3251660,56,+
3253285,3253302,69,-
3257529,3257548,47,-
3258655,3258685,51,+
3258863,3258881,49,+
3260147,3260180,64,+
3260430,3260459,63,-
3260857,3260876,49,-
3264832,3264853,49,+
3264968,3265013,48,-
3266059,3266099,50,+
3266259,3266280,63,-
3267594,3267629,61,-
3267671,3267714,54,-
3269580,3269605,58,-
3270598,3270629,63,-
3270946,3270968,61,-
3272493,3272526,48,-
3279595,3279614,66,-
3280117,3280159,52,+
3281257,3281277,47,+
3284148,3284180,60,-
3284803,3284844,49,-
3284994,3285033,53,-
3287397,3287417,47,-
3287771,3287805,62,-
3289537,3289557,49,+
3289822,3289857,55,-
3293080,3293104,48,-
3293635,3293678,47,-
3294789,3294818,52,-
3296509,3296533,48,-
3298779,3298814,56,-
3300057,3300090,56,-
3300317,3300348,62,+
3304170,3304190,48,-
3307427,3307451,48,+
3307769,3307786,50,-
3308620,3308644,59,-
3309245,3309267,51,-
3309449,3309470,49,-
3313648,3313675,55,-
3314289,3314309,48,+
3315321,3315344,60,+
3316393,3316418,57,-
3317550,3317587,51,-
3318829,3318852,60,-
3321137,3321159,48,-
3323294,3323323,68,-
3323922,3323957,88,-
3324854,3324873,51,-
3325581,3325608,64,-
3325967,3326007,69,-
3326116,3326142,67,-
3326350,3326368,49,-
3327734,3327769,76,-
3328323,3328348,47,+
3329922,3329960,57,-
3332109,3332132,49,-
3332524,3332554,51,-
3332983,3333007,59,-
3335309,3335337,54,-
3337802,3337839,59,-
3342606,3342630,59,-
3343545,3343578,57,-
3343901,3343926,57,-
3344541,3344571,60,-
3345043,3345082,55,+
3350799,3350826,86,-
3351895,3351932,54,+
3352261,3352283,49,-
3353030,3353066,48,-
3353456,3353490,58,+
3355022,3355049,55,-
3355208,3355230,61,-
3356155,3356194,55,+
3358346,3358376,60,-
3364910,3364943,56,-
3365296,3365315,49,+
3368907,3368943,58,-
3369094,3369138,53,-
3371102,3371123,49,-
3373529,3373566,55,+
3377377,3377408,60,+
3380050,3380069,66,-
3380159,3380192,61,-
3380952,3380994,48,-
3381227,3381247,49,-
3381366,3381396,51,-
3381420,3381456,57,-
3381784,3381810,56,-
3381873,3381904,50,-
3381965,3381982,69,-
3382232,3382251,47,-
3383403,3383423,64,+
3383759,3383777,67,+
3384465,3384505,51,+
3386561,3386587,56,+
3390401,3390428,55,+
3391776,3391799,72,-
3394038,3394082,67,-
3398247,3398279,49,+
3399159,3399199,52,-
3400404,3400428,71,-
3400600,3400620,48,+
3401383,3401410,55,-
3401952,3401969,50,-
3404586,3404628,52,+
3408985,3409025,65,-
3409173,3409211,53,-
3410038,3410060,51,-
3411694,3411722,52,-
3412162,3412187,47,-
3412248,3412268,48,+
3413591,3413612,63,-
3413935,3413952,52,+
3414372,3414402,55,-
3414759,3414778,49,-
3417365,3417385,47,-
3417790,3417809,66,+
3418636,3418653,50,-
3420045,3420084,57,-
3420398,3420443,47,+
3420573,3420613,69,-
3422291,3422318,66,+
3423001,3423030,52,+
3423462,3423500,58,-
3423708,3423726,67,+
3426118,3426142,48,-
3434306,3434324,49,-
3434873,3434894,63,-
3436122,3436147,58,-
3437533,3437554,63,+
3437909,3437938,52,-
3438312,3438344,60,-
3439560,3439582,48,+
3443243,3443286,94,-
3445032,3445057,47,-
3445864,3445887,60,+
3445918,3445952,74,+
3446218,3446259,57,-
3446368,3446393,57,-
3446461,3446501,55,+
3447582,3447617,55,+
3449024,3449053,52,-
3449112,3449153,55,-
3449184,3449220,59,-
3450886,3450910,59,-
3451346,3451382,55,-
3451588,3451617,70,-
3452811,3452837,68,-
3453357,3453390,48,-
3454707,3454752,47,-
3455926,3455959,109,-
3457957,3457978,49,+
3458507,3458531,48,-
3459222,3459242,64,+
3459302,3459331,52,+
3461224,3461245,48,+
3463080,3463122,54,+
3464043,3464076,51,-
3465300,3465332,65,-
3465482,3465511,52,+
3469088,3469111,63,-
3469665,3469690,71,-
3469906,3469923,69,-
3469925,3469950,67,-
3471804,3471833,63,-
3471835,3471864,52,-
3473869,3473903,60,-
3474173,3474205,82,-
3474219,3474242,61,-
3474735,3474753,49,-
3475440,3475465,57,-
3475486,3475515,68,-
3476044,3476064,47,+
3479259,3479294,56,+
3482471,3482490,49,-
3483102,3483142,54,-
3483378,3483405,53,-
3485637,3485661,48,-
3486351,3486390,51,-
3487368,3487389,63,-
3487731,3487753,51,-
3488903,3488940,58,-
3491063,3491099,57,+
3491137,3491181,53,-
3493252,3493282,60,-
3495544,3495579,48,-
3496464,3496507,52,-
3496596,3496629,56,-
3496654,3496689,64,-
3498345,3498378,64,-
3498707,3498728,63,-
3502052,3502073,48,+
3502184,3502204,47,+
3502392,3502424,65,-
3502695,3502715,52,+
3502935,3502953,49,-
3503322,3503369,48,-
3503515,3503537,61,+
3504224,3504247,49,+
3506457,3506485,57,-
3506887,3506923,59,-
3507003,3507041,55,-
3507376,3507396,51,-
3509110,3509142,52,-
3509361,3509382,72,+
3512789,3512822,59,-
3513164,3513189,69,-
3514350,3514376,56,+
3515217,3515260,54,-
3515704,3515725,63,-
3515790,3515823,67,-
3516556,3516600,54,-
3517019,3517058,57,+
3518522,3518552,63,+
3518681,3518711,63,+
3519927,3519962,59,+
3522218,3522237,49,+
3523601,3523646,65,+
3523823,3523848,57,+
3524171,3524209,56,-
3524268,3524306,59,+
3524948,3524980,59,-
3525076,3525095,49,+
3526990,3527028,50,-
3527044,3527072,57,-
3527407,3527437,51,+
3527854,3527900,47,-
3528684,3528708,48,-
3529557,3529596,61,-
3532541,3532568,55,+
3532917,3532962,47,+
3533405,3533431,56,-
3534101,3534126,69,-
3536137,3536161,59,-
3537792,3537826,59,-
3538298,3538324,56,-
3539259,3539279,64,-
3541560,3541596,54,-
3541627,3541651,59,+
3544707,3544738,67,-
3544994,3545010,52,+
3545017,3545044,68,+
3550227,3550247,92,-
3554282,3554322,54,+
3560382,3560415,59,+
3565416,3565436,51,+
3576034,3576068,64,-
3580487,3580508,49,-
3584727,3584748,73,-
3585821,3585845,59,-
3587024,3587048,59,-
3588422,3588445,48,-
3595237,3595278,96,-
3600807,3600831,48,-
3601891,3601929,55,-
3602013,3602038,57,-
3602338,3602370,56,-
3603932,3603973,54,-
3604771,3604811,55,-
3608666,3608691,57,-
3608760,3608780,64,-
3609645,3609678,61,-
3609980,3610011,50,+
3610968,3610990,61,-
3612824,3612867,54,-
3614144,3614164,64,+
3614394,3614421,55,+
3615761,3615784,48,+
3616687,3616707,47,+
3617088,3617115,55,-
3617936,3617968,49,-
3618593,3618634,54,-
3618769,3618788,47,-
3618886,3618922,57,-
3618940,3618982,50,-
3622468,3622497,87,-
3622626,3622658,54,+
3624251,3624288,61,-
3625708,3625736,98,+
3626710,3626734,48,-
3627684,3627704,47,-
3627745,3627776,59,+
3630429,3630473,47,+
3630970,3631002,59,+
3631072,3631105,48,+
3631111,3631140,66,-
3631685,3631708,70,-
3631822,3631845,48,-
3632239,3632264,57,+
3634732,3634751,47,+
3635369,3635413,52,-
3636552,3636588,76,-
3637098,3637128,65,-
3638367,3638406,53,-
3638588,3638605,69,+
3638849,3638865,53,-
3643415,3643436,48,-
3644446,3644482,55,+
3644771,3644802,63,-
3646219,3646250,48,-
3646740,3646760,47,-
3647049,3647068,47,-
3647653,3647673,64,+
3648169,3648197,54,+
3649993,3650031,58,+
3650146,3650165,66,-
3650950,3650996,48,+
3652606,3652630,61,+
3654172,3654203,67,+
3654359,3654379,49,+
3655233,3655268,61,-
3655748,3655787,55,+
3658282,3658311,57,-
3660635,3660666,65,+
3660932,3660949,50,+
3665877,3665915,55,-
3666379,3666418,51,+
3667497,3667530,59,-
3667751,3667770,47,-
3670744,3670763,66,-
3672448,3672478,51,+
3673053,3673097,52,-
3678369,3678401,49,+
3684869,3684888,47,+
3687046,3687079,70,+
3687232,3687268,59,+
3692099,3692128,52,+
3693006,3693029,49,+
3696777,3696796,47,-
3697007,3697037,52,-
3697095,3697114,66,-
3699188,3699207,49,+
3699476,3699519,50,-
3701038,3701062,59,-
3702065,3702086,52,+
3702260,3702299,57,+
3704525,3704560,59,-
3705448,3705481,60,-
3705881,3705906,57,-
3705964,3706005,53,-
3706441,3706484,49,-
3707025,3707059,58,-
3711374,3711394,64,-
3711921,3711941,49,+
3711943,3711961,49,-
3712374,3712416,50,-
3720079,3720099,47,+
3720140,3720170,49,+
3724663,3724699,76,-
3725725,3725748,48,-
3725779,3725817,53,-
3728256,3728276,48,-
3729133,3729161,65,-
3731278,3731297,51,-
3733227,3733260,48,+
3734473,3734499,60,-
3735269,3735309,54,-
3736245,3736278,57,+
3743478,3743504,68,+
3743662,3743689,66,-
3744451,3744487,73,-
3744694,3744736,52,+
3745649,3745679,49,-
3745834,3745860,56,-
3749006,3749035,52,-
3752524,3752547,60,-
3752748,3752774,56,+
3752889,3752923,58,-
3752970,3752992,48,-
3755216,3755252,64,-
3756573,3756605,49,-
3758016,3758065,48,-
3758214,3758255,51,-
3759483,3759518,56,-
3760240,3760282,52,+
3761838,3761876,55,+
3762685,3762711,56,-
3762721,3762737,70,-
3762764,3762781,50,-
3764009,3764048,73,-
3779161,3779178,69,-
3779226,3779251,67,+
3784893,3784916,60,-
3787973,3788003,63,-
3788947,3788979,49,-
3790516,3790533,50,-
3790594,3790616,48,-
3794716,3794754,58,-
3796461,3796478,50,-
3797518,3797546,54,-
3799124,3799151,81,-
3799379,3799398,51,-
3800080,3800106,56,-
3800389,3800409,48,-
3800495,3800531,51,+
3804967,3804990,64,-
3806188,3806205,50,-
3806297,3806326,52,-
3806622,3806646,60,-
3807012,3807053,70,-
3807164,3807209,53,-
3809765,3809788,60,+
3812219,3812252,48,+
3813553,3813580,55,-
3814266,3814285,49,-
3814543,3814567,59,-
3814640,3814680,57,-
3814714,3814749,58,-
3815869,3815891,48,-
3815958,3815979,48,-
3816016,3816053,58,-
3816618,3816656,55,+
3817010,3817029,47,-
3818015,3818050,50,-
3819290,3819306,52,-
3825165,3825187,48,+
3825555,3825580,57,+
3826197,3826226,51,-
3827238,3827259,62,+
3827613,3827637,59,-
3829785,3829813,66,+
3830141,3830173,48,-
3833921,3833951,66,+
3834037,3834065,71,-
3834077,3834105,67,-
3835557,3835589,65,-
3836459,3836482,50,-
3836584,3836630,50,-
3837093,3837125,47,+
3838200,3838231,50,-
3838696,3838725,52,+
3839822,3839843,48,+
3839965,3840004,57,+
3840832,3840872,53,+
3840924,3840961,58,-
3841159,3841189,52,-
3841813,3841847,76,-
3844446,3844470,91,-
3844619,3844654,72,-
3845602,3845633,67,-
3848076,3848108,50,+
3851593,3851622,68,-
3852094,3852118,71,-
3852794,3852817,60,-
3852892,3852928,47,+
3858423,3858456,48,+
3858696,3858728,59,-
3858907,3858932,67,+
3861968,3862002,62,-
3864383,3864428,53,+
3865061,3865091,65,+
3865097,3865124,68,+
3865144,3865177,48,+
3873246,3873270,88,-
3873311,3873346,100,-
3873494,3873532,70,-
3874155,3874183,54,-
3876212,3876253,55,-
3879070,3879108,50,-
3883212,3883246,50,+
3886015,3886033,50,-
3887045,3887070,47,-
3897689,3897728,53,-
3898304,3898323,49,-
3899273,3899307,95,-
3900197,3900235,56,-
3900337,3900356,47,-
3900900,3900921,63,-
3901377,3901418,55,-
3905040,3905057,50,-
3905431,3905450,52,-
3905643,3905664,49,-
3905903,3905940,75,-
3906335,3906367,59,+
3909467,3909497,62,+
3910343,3910372,55,+
3918065,3918084,47,-
3920487,3920512,57,-
3920982,3921024,49,-
3925764,3925784,64,+
3925806,3925835,52,+
3931100,3931131,67,-
3931506,3931528,48,-
3934794,3934825,55,-
3935180,3935205,64,-
3935969,3935997,54,+
3937202,3937233,48,-
3939238,3939276,55,-
3940987,3941010,60,+
3942376,3942399,60,+
3944224,3944263,57,-
3945682,3945722,57,-
3945864,3945883,47,-
3946686,3946727,55,-
3947822,3947856,55,-
3949256,3949298,47,-
3951166,3951191,57,-
3954767,3954801,50,-
3957688,3957724,59,-
3958792,3958811,56,-
3959068,3959101,52,-
3959455,3959490,48,-
3965814,3965831,50,-
3968037,3968076,53,-
3968245,3968263,52,-
3968330,3968354,48,-
3968991,3969012,63,-
3969055,3969094,61,-
3970556,3970591,60,-
3971005,3971049,53,-
3972513,3972529,52,-
3973430,3973457,55,-
3973817,3973837,48,-
3974703,3974720,69,-
3975740,3975766,56,-
3976067,3976083,70,+
3979867,3979897,62,-
3981952,3981981,52,-
3983288,3983319,48,-
3984661,3984684,60,-
3985779,3985799,51,-
3986073,3986113,57,-
3987848,3987871,50,-
3991766,3991793,53,-
3993094,3993113,66,-
3993472,3993490,67,-
3997227,3997252,67,-
3997496,3997527,59,+
3997561,3997593,51,+
4000033,4000063,59,-
4003254,4003293,66,-
4003879,4003909,55,-
4004050,4004076,73,+
4004636,4004667,65,-
4006650,4006682,62,-
4007195,4007243,49,-
4007275,4007315,55,-
4009018,4009036,67,+
4009058,4009078,64,-
4009277,4009299,61,-
4012864,4012894,66,-
4014275,4014294,51,-
4015718,4015737,47,-
4016989,4017036,48,+
4017782,4017801,47,-
4018957,4018996,53,-
4019810,4019842,49,+
4023971,4023999,54,-
4025126,4025155,66,-
4025234,4025257,60,-
4026022,4026050,54,-
4030498,4030520,70,+
4030916,4030953,57,-
4034298,4034328,51,+
4034899,4034945,49,+
4034980,4035017,56,+
4035588,4035621,92,-
4036611,4036634,49,-
4036886,4036916,67,-
4037775,4037814,57,+
4038315,4038348,62,-
4040182,4040224,55,+
4040238,4040265,72,+
4040772,4040810,74,+
4041360,4041390,51,-
4041534,4041571,73,+
4043344,4043380,47,+
4044253,4044279,56,+
4044399,4044416,69,+
4044690,4044726,74,-
4045416,4045438,49,-
4045763,4045794,50,-
4046374,4046399,56,-
4046411,4046437,55,-
4047095,4047131,59,-
4049541,4049577,58,-
4050151,4050172,49,-
4053136,4053163,63,-
4054699,4054723,72,-
4059864,4059902,54,-
4059981,4060003,70,+
4067709,4067726,50,-
4070109,4070128,51,-
4070714,4070733,49,-
4076149,4076173,59,-
4081858,4081899,99,-
4083858,4083874,70,+
4086038,4086067,62,-
4087116,4087136,47,-
4087806,4087823,52,-
4088291,4088319,80,-
4088669,4088704,47,-
4092485,4092508,59,-
4093034,4093056,61,-
4093114,4093150,59,-
4095439,4095459,51,-
4100310,4100350,52,+
4100861,4100892,59,+
4103845,4103864,49,-
4112106,4112140,59,-
4121058,4121091,51,-
4126305,4126324,47,-
4126653,4126680,55,+
4127223,4127249,55,-
4127528,4127560,51,-
4129050,4129071,51,-
4132130,4132160,65,-
4142048,4142067,51,-
4142126,4142145,47,+
4143111,4143129,50,-
4143582,4143602,54,-
4152229,4152262,51,-
4155738,4155761,60,-
4155766,4155789,60,-
4156342,4156374,68,-
4157520,4157552,64,-
4158880,4158912,68,-
4159151,4159182,60,-
4164571,4164596,86,-
4164603,4164634,50,+
4165152,4165201,48,-
4168194,4168211,69,-
4168269,4168312,55,+
4168621,4168639,49,+
4168691,4168725,61,-
4173550,4173577,58,-
4176438,4176461,50,-
4179985,4180004,47,-
4180221,4180239,49,+
4181529,4181558,68,+
4182391,4182421,51,-
4182716,4182736,51,-
4187382,4187405,48,-
4188458,4188500,54,-
4189292,4189311,66,-
4189407,4189427,52,-
4191287,4191308,52,-
4193513,4193535,63,-
4194278,4194310,51,-
4195018,4195043,56,-
4195365,4195404,57,-
4203347,4203374,64,-
4203942,4203978,54,-
4204514,4204535,48,+
4207024,4207050,64,+
4207305,4207326,63,-
4207343,4207363,92,-
4212218,4212250,68,-
4212482,4212512,67,-
4214953,4214974,49,-
4217386,4217431,52,-
4217410,4217451,58,+
4217485,4217524,53,-
4218102,4218140,55,-
4219050,4219088,55,-
4219330,4219367,59,+
4221003,4221049,52,-
4221478,4221527,47,-
4223342,4223378,56,+
4223508,4223527,49,-
4224474,4224500,55,-
4226059,4226099,54,+
4227103,4227124,48,+
4228962,4228982,47,+
4233613,4233633,51,-
4235076,4235109,78,-
4237175,4237207,51,-
4240075,4240103,68,+
4240881,4240904,50,-
4241481,4241505,67,-
4242435,4242458,60,-
4243222,4243258,58,+
4243524,4243551,55,+
4244509,4244539,60,-
4244726,4244763,58,+
4245069,4245103,60,-
4246296,4246315,49,-
4246632,4246671,53,-
4246714,4246732,49,-
4247654,4247672,67,-
4248224,4248258,75,+
4253608,4253654,47,+
4254390,4254410,47,+
4255220,4255263,50,-
4259435,4259451,70,-
4259568,4259590,70,+
4259596,4259619,60,-
4260425,4260445,49,-
4260820,4260858,56,-
4261552,4261571,49,-
4261848,4261866,67,-
4262793,4262812,49,-
4263785,4263816,95,-
4265326,4265371,49,-
4267806,4267834,68,-
4268770,4268806,65,+
4268856,4268876,49,+
4269308,4269350,53,-
4269850,4269883,52,-
4270599,4270617,50,-
4270660,4270688,60,-
4270905,4270930,57,-
4271049,4271078,52,-
4271878,4271898,64,-
4272012,4272032,64,-
4272143,4272163,64,-
4272277,4272297,64,-
4274578,4274598,47,-
4275896,4275926,51,-
4276279,4276304,60,-
4276727,4276750,48,-
4277953,4277973,64,-
4278328,4278372,50,-
4279039,4279071,54,-
4279620,4279645,47,-
4280091,4280122,66,-
4281510,4281538,54,+
4283170,4283206,56,+
4283367,4283397,62,+
4286853,4286893,48,+
4292402,4292434,60,+
4292767,4292793,66,+
4293558,4293578,51,+
4293751,4293774,60,+
4294099,4294119,64,+
4307803,4307843,53,-
4310422,4310451,52,+
4311859,4311884,57,+
4312661,4312677,52,-
4313010,4313051,57,-
4313223,4313242,49,-
4313982,4314015,67,-
4314588,4314619,65,-
4316278,4316324,49,+
4317983,4318009,56,+
4318382,4318425,49,-
4318809,4318831,49,+
4321439,4321469,51,-
4323617,4323642,57,+
4324645,4324677,49,+
4325175,4325201,56,-
4327206,4327243,56,-
4329129,4329171,50,-
4330064,4330109,50,+
4333387,4333412,57,+
4333463,4333479,70,+
4333492,4333522,66,+
4333875,4333897,51,+
4335019,4335041,49,+
4335724,4335742,50,+
4338123,4338170,90,+
4338832,4338851,49,-
4340767,4340792,69,-
4340944,4340979,105,-
4341601,4341631,51,-
4344507,4344547,54,+
4344775,4344797,61,+
4348141,4348174,60,+
4348216,4348242,69,+
4348398,4348427,52,+
4351552,4351571,47,+
4354577,4354609,57,+
4355030,4355053,60,+
4355067,4355087,49,+
4357304,4357343,50,-
4357399,4357435,47,-
4359241,4359273,51,+
4360793,4360813,64,-
4361847,4361884,56,+
4364966,4364986,48,+
4366907,4366931,72,-
4367111,4367132,63,-
4369993,4370016,60,+
4384376,4384401,57,-
4385884,4385913,70,-
4388726,4388745,49,-
4390592,4390634,48,-
4392998,4393038,55,+
4393182,4393212,49,+
4393486,4393502,52,-
4393656,4393689,48,+
4396366,4396406,50,+
4396551,4396575,59,+
4401911,4401934,50,+
4402037,4402062,66,+
4405447,4405479,49,+
4408271,4408311,54,+
4408574,4408615,50,+
4412612,4412642,51,+
4414247,4414265,67,+
4418190,4418215,47,+
4418888,4418922,60,-
4424367,4424412,48,-
4424915,4424940,75,-
4425567,4425602,74,+
4426703,4426729,84,+
4427075,4427119,48,-
4429267,4429284,50,+
4429315,4429335,64,-
4429894,4429926,49,+
4430705,4430738,48,+
4431896,4431929,52,+
4432258,4432294,62,-
4434463,4434503,51,-
4437186,4437204,49,-
4437560,4437584,48,+
4439907,4439931,59,+
4441181,4441215,64,+
4441731,4441761,63,+
4443338,4443357,47,-
4444580,4444620,49,+
4446221,4446261,52,+
4447042,4447071,68,+
4447522,4447542,64,-
4448756,4448790,58,+
4449193,4449215,61,-
4449347,4449382,55,+
4453819,4453853,51,-
4453907,4453945,57,-
4454083,4454116,48,-
4454361,4454406,53,-
4454754,4454783,54,-
4455644,4455667,61,-
4455728,4455766,54,-
4459779,4459798,51,-
4460331,4460351,51,+
4460512,4460542,60,-
4462229,4462247,49,+
4462875,4462900,47,-
4463411,4463430,47,-
4463813,4463832,49,-
4464613,4464640,68,+
4464956,4464979,60,-
4465159,4465182,60,-
4466838,4466861,49,-
4468299,4468321,48,-
4468470,4468496,56,-
4468613,4468634,49,-
4469157,4469178,49,-
4470004,4470049,50,-
4470992,4471011,51,+
4474388,4474414,64,-
4475806,4475848,51,-
4477053,4477087,61,-
4477099,4477138,51,+
4479402,4479431,67,-
4481344,4481373,68,-
4481984,4482002,67,-
4482590,4482619,58,-
4486829,4486847,50,-
4487248,4487266,50,-
4487321,4487352,50,-
4490601,4490634,62,-
4490694,4490710,52,-
4491227,4491256,68,-
4491618,4491657,53,+
4492716,4492742,56,+
4494263,4494291,63,+
4495181,4495214,48,+
4495244,4495264,49,+
4495278,4495319,52,+
4496296,4496320,59,+
4498673,4498699,56,-
4499208,4499242,58,-
4500870,4500906,62,-
4501031,4501051,64,+
4501088,4501108,64,+
4501145,4501165,64,+
4501222,4501242,64,-
4502108,4502153,49,+
4502219,4502237,52,-
4506413,4506449,48,-
4508086,4508109,48,-
4512354,4512374,47,+
4515301,4515337,53,-
4515697,4515732,59,-
4517479,4517524,49,-
4518456,4518474,49,-
4519141,4519160,49,-
4522224,4522251,68,-
4522322,4522356,55,-
4523663,4523683,64,-
4523704,4523731,66,-
4524741,4524781,55,-
4525551,4525579,66,+
4525645,4525684,54,+
4525720,4525740,73,-
4528888,4528909,51,-
4531521,4531554,63,+
4533864,4533910,50,+
4533948,4533982,47,+
4534350,4534377,55,+
4534559,4534595,59,+
4535871,4535901,51,-
4538410,4538430,48,+
4539484,4539502,49,+
4541216,4541248,59,-
4541775,4541808,55,-
4542156,4542188,54,-
4542369,4542395,56,-
4545059,4545080,48,-
4546128,4546170,68,-
4546418,4546434,52,-
4547135,4547150,53,-
4547421,4547451,57,-
4548103,4548140,60,-
4549584,4549618,61,+
4550685,4550725,53,+
4551177,4551213,54,+
4551614,4551651,59,+
4552378,4552420,53,+
4553667,4553699,82,-
4555983,4556013,79,-
4556277,4556315,57,-
4556445,4556484,51,-
4556516,4556552,58,-
4558308,4558326,51,-
4559389,4559414,71,-
4560962,4561000,59,+
4562211,4562240,52,+
4562460,4562495,55,+
4563380,4563409,51,-
4563952,4563969,50,-
4564294,4564318,59,-
4565357,4565381,59,+
4567270,4567298,64,-
4568272,4568303,62,-
4570674,4570711,59,-
4573439,4573467,64,+
4574338,4574365,55,-
4574911,4574941,67,+
4575355,4575398,49,-
4575626,4575655,65,-
4575747,4575787,70,+
4575923,4575955,52,-
4576174,4576195,72,+
4576643,4576671,53,-
4577294,4577311,52,-
4579934,4579954,64,+
4579995,4580018,87,-
4580967,4580994,83,-
4581013,4581032,49,-
4581472,4581501,52,-
4581568,4581587,49,-
4582032,4582071,55,-
4582500,4582528,54,-
4582850,4582874,59,-
4583444,4583474,80,-
4585931,4585962,62,-
4586284,4586318,58,-
4586899,4586932,62,-
4587783,4587820,59,-
4587914,4587950,58,-
4588354,4588390,58,-
4588587,4588615,60,-
4589086,4589107,48,-
4592449,4592483,58,-
4594805,4594852,49,-
4595578,4595602,76,+
4600039,4600064,57,+
4600365,4600390,57,+
4600643,4600666,69,-
4601037,4601068,67,-
4603188,4603222,58,-
4604330,4604363,50,-
4604920,4604955,67,-
4607221,4607263,53,-
4607963,4607986,60,-
4608495,4608536,51,-
4609038,4609060,61,-
4609423,4609453,65,-
4610165,4610208,49,-
4611600,4611624,48,-
4612414,4612435,63,-
4612582,4612602,47,-
4614455,4614485,66,-
4615067,4615100,59,-
4620038,4620070,56,-
4621054,4621075,63,-
4621640,4621657,50,-
4623656,4623682,85,-
4623698,4623731,67,-
4627086,4627128,95,-
4627182,4627200,67,-
4627423,4627459,53,-
4627587,4627620,58,-
4627746,4627787,86,-
4628605,4628640,61,-
4628681,4628698,50,-
4629444,4629471,70,-
4629522,4629544,51,-
4629665,4629699,59,-
4630257,4630278,48,-
4630388,4630417,52,+
4631062,4631095,48,-
4631451,4631493,50,-
4632044,4632074,51,-
4632123,4632154,62,-
4632467,4632504,47,+
4633097,4633119,51,-
4633133,4633167,60,-
4634167,4634203,59,-
4637213,4637239,56,-
4637367,4637402,58,-
4638760,4638789,52,-
4639882,4639917,59,-
4640365,4640389,48,-
4640407,4640448,82,-
4640787,4640819,65,-
4640940,4640977,55,-
4641458,4641489,63,-
4642587,4642627,57,+
4644276,4644300,59,-
4644528,4644553,57,-
4647357,4647390,60,-
4647812,4647843,60,-
4648104,4648136,63,-
4650058,4650088,77,-
4650695,4650726,66,-
4650888,4650909,72,+
4650992,4651016,76,-
4651031,4651055,86,-
4651141,4651180,73,-
4653171,4653220,48,-
4654089,4654108,52,+
4654168,4654186,49,-
4654280,4654311,48,-
4654712,4654742,51,-
4655321,4655360,54,+
4656912,4656930,51,+
4658079,4658118,55,-
4662907,4662926,47,-
4663978,4664010,64,-
4664173,4664192,47,+
4665301,4665326,67,-
4668665,4668699,79,-
4668708,4668726,49,-
4668871,4668907,47,+
4670275,4670294,47,-
4672271,4672294,60,+
4672935,4672974,54,+
4674748,4674788,57,-
4674891,4674920,52,+
4675798,4675837,54,-
4676894,4676926,60,-
4677992,4678021,70,-
4678414,4678454,71,+
4679328,4679371,50,+
4681227,4681244,50,-
4682353,4682384,49,-
4682563,4682598,60,-
4683066,4683110,92,-
4685831,4685867,59,+
4686066,4686101,60,-
4686620,4686643,70,-
4688808,4688825,50,-
4690245,4690289,50,-
4690607,4690646,61,-
4690757,4690794,47,-
4694501,4694531,51,-
4696094,4696121,55,-
4696207,4696234,61,-
4696881,4696924,50,-
4697463,4697486,60,-
4700021,4700048,55,-
4700462,4700484,61,-
4700562,4700596,58,-
4700999,4701037,58,-
4701106,4701132,56,-
4701197,4701223,58,-
4702433,4702464,49,+
4703002,4703022,48,-
4703185,4703207,51,+
4705703,4705735,65,-
4707121,4707148,66,-
4707479,4707510,50,-
4707580,4707602,61,-
4707895,4707927,58,-
4708179,4708206,55,+
4708677,4708694,50,+
4708953,4708976,60,-
4710591,4710614,60,+
4710909,4710940,55,-
4711332,4711364,47,-
4711475,4711492,52,-
4712792,4712814,61,-
4712898,4712925,55,-
4714294,4714313,47,-
4714543,4714575,49,-
4714995,4715036,48,+
4715121,4715139,49,-
4715597,4715640,68,-
4715857,4715895,57,-
4717088,4717123,59,-
4717382,4717412,51,-
4717920,4717945,60,-
4719305,4719332,55,-
4719601,4719624,91,-
4722609,4722629,49,+
4723113,4723135,48,+
4723661,4723687,89,+
4724133,4724151,67,-
4725820,4725840,47,-
4727787,4727827,53,-
4728260,4728283,49,-
4729534,4729567,65,-
4730106,4730132,56,-
4730126,4730149,50,+
4730250,4730271,90,-
4730799,4730834,54,-
4730977,4730997,64,-
4731033,4731053,64,-
4731090,4731110,64,-
4731147,4731167,64,-
4731204,4731224,64,-
4731228,4731247,49,+
4731614,4731643,65,+
4731973,4732003,64,-
4733327,4733355,61,-
4734359,4734393,78,-
4734536,4734573,58,+
4735115,4735143,54,+
4735350,4735368,50,-
4735642,4735679,60,+
4735792,4735829,47,-
4737055,4737089,51,-
4738828,4738845,52,-
4739436,4739453,52,-
4740051,4740092,70,-
4742394,4742417,59,-
4747551,4747590,53,+
4748618,4748645,55,-
4749044,4749077,58,-
4749571,4749602,68,-
4750648,4750675,55,+
4752366,4752388,51,+
4754651,4754692,49,-
4756630,4756676,49,-
4756808,4756833,57,+
4757810,4757848,55,+
4757919,4757952,58,+
4757981,4758002,48,+
4758421,4758447,69,+
4759823,4759846,60,+
4761108,4761141,63,-
4763632,4763669,69,+
4765570,4765591,48,+
4767008,4767030,51,-
4768657,4768695,57,+
4777167,4777186,49,+
4777992,4778025,63,+
4778055,4778090,90,+
4778733,4778753,47,-
4781000,4781028,54,-
4781095,4781117,49,-
4782602,4782637,58,-
4786192,4786223,50,-
4788860,4788885,69,-
4789073,4789102,52,-
4789459,4789487,53,-
4791588,4791622,51,-
4791652,4791696,50,-
4791865,4791912,50,-
4795063,4795096,50,-
4795755,4795788,56,+
4796208,4796228,48,+
4797533,4797560,55,-
4801926,4801950,48,-
4802073,4802116,93,+
4804307,4804337,68,+
4806621,4806645,59,+
4813274,4813298,59,-
4816630,4816662,49,-
4817849,4817884,54,-
4823340,4823361,63,-
4823383,4823400,52,-
4823578,4823620,55,-
4823767,4823798,50,-
4827525,4827570,50,+
4828125,4828167,49,+
4830191,4830211,48,-
4830718,4830746,66,-
4837082,4837116,58,-
4839785,4839805,48,-
4841857,4841897,71,-
4841945,4841977,51,+
4846912,4846947,59,+
4847190,4847214,59,-
4847488,4847510,48,-
4847675,4847702,55,-
4847861,4847891,51,-
4848093,4848128,59,+
4848304,4848329,57,-
4848794,4848830,55,-
4849506,4849522,70,-
4849538,4849575,62,+
4852941,4852972,65,-
4853221,4853253,49,-
4856786,4856808,48,-
4857862,4857885,60,-
4860115,4860139,48,-
4864919,4864946,66,-
4865313,4865345,67,-
4865751,4865771,48,-
4867453,4867469,70,-
4868156,4868188,49,-
4870808,4870836,68,-
4871124,4871156,60,-
4871235,4871266,59,-
4871774,4871809,58,-
4872746,4872769,60,-
4873496,4873526,65,-
4873901,4873936,73,-
4874588,4874617,52,-
4874800,4874846,49,-
4874928,4874946,50,-
4875280,4875298,49,-
4879886,4879922,47,+
4886310,4886329,49,-
4886659,4886705,50,-
4887969,4888002,75,-
4888690,4888716,56,-
4890338,4890363,47,-
4891625,4891652,66,-
4892386,4892422,70,-
4893918,4893939,63,-
4894840,4894880,54,+
4895829,4895874,48,+
4902811,4902839,83,-
4903506,4903532,83,-
4903591,4903614,61,-
4906068,4906094,64,-
4907506,4907525,66,-
4908494,4908528,56,-
4909696,4909719,48,-
4910875,4910897,51,-
4916813,4916848,48,+
4917610,4917642,54,-
4919814,4919852,55,-
4920639,4920670,51,-
4923071,4923107,59,-
4925133,4925167,59,-
4929010,4929034,59,-
4929350,4929382,60,-
4930553,4930596,53,-
4930826,4930858,48,-
4934222,4934257,47,-
4935604,4935632,65,-
4935856,4935892,48,-
4939046,4939075,68,-
4943298,4943338,54,-
4945515,4945563,47,-
4945759,4945789,57,-
4947783,4947809,71,-
4948678,4948710,59,-
4949191,4949216,86,-
4949333,4949371,55,-
4949394,4949431,99,-
4949482,4949515,62,-
4951645,4951666,48,+
4955377,4955409,59,-
4956723,4956755,52,-
4956937,4956973,55,-
4966602,4966628,58,+
4966967,4967000,64,-
4967385,4967424,57,+
4967553,4967592,54,+
4970291,4970322,65,+
4970421,4970463,50,-
4971718,4971755,58,+
4975189,4975230,64,+
4975433,4975453,49,-
4976262,4976291,52,-
4977346,4977389,52,-
4977587,4977630,50,-
4979560,4979582,61,+
4979602,4979623,63,+
4980665,4980704,49,-
4980935,4980954,47,+
4981219,4981245,55,-
4982126,4982158,48,-
4982373,4982392,49,-
4983187,4983217,65,+
4984226,4984249,50,-
4985291,4985316,47,-
4987565,4987588,48,-
4988770,4988788,49,-
4989994,4990023,54,+
4992546,4992580,79,-
4992621,4992651,59,-
4992664,4992703,50,-
4993779,4993819,86,-
4994478,4994507,52,+
4995904,4995923,49,+
4996043,4996080,50,-
4996643,4996665,61,-
4997445,4997470,57,+
4997542,4997561,49,+
4999025,4999048,60,+
4999054,4999094,52,+
4999114,4999154,51,+
4999634,4999668,60,-
5000421,5000449,57,-
5000959,5000979,64,+
5001365,5001404,57,+
5004918,5004946,68,+
5004975,5005007,48,+
5005343,5005373,52,-
5007310,5007347,52,-
5007522,5007565,53,-
5007812,5007835,48,-
5009592,5009615,48,+
5010881,5010902,49,+
5010954,5010999,50,+
5011927,5011947,51,+
5013710,5013730,47,+
5016254,5016283,52,+
5018753,5018788,55,-
5026904,5026934,51,-
5027952,5027989,75,-
5028075,5028123,49,-
5028862,5028898,59,-
5029622,5029642,49,-
5030171,5030205,91,+
5030881,5030904,49,+
5031650,5031677,86,-
5033805,5033822,52,+
5035450,5035469,47,-
5035644,5035673,52,-
5036203,5036239,75,-
5037258,5037285,55,+
5039811,5039830,51,-
5040626,5040663,58,-
5041116,5041151,58,-
5041209,5041228,47,-
5043201,5043222,63,+
5044463,5044484,90,-
5044509,5044530,49,-
5049729,5049776,63,-
5050028,5050052,58,-
5050461,5050488,64,-
5050564,5050597,47,+
5051751,5051784,61,-
5051794,5051819,63,-
5052387,5052417,51,-
5053640,5053681,54,-
5053928,5053962,47,+
5053970,5054017,50,+
5055032,5055075,67,-
5055263,5055303,53,+
5055369,5055404,47,-
5055573,5055598,57,-
5055931,5055973,54,-
5056108,5056141,50,-
5057030,5057060,51,-
5057427,5057456,52,-
5058727,5058755,60,-
5062443,5062475,47,-
5062778,5062814,59,-
5062984,5063002,50,-
5066219,5066242,49,-
5067883,5067905,51,-
5071006,5071050,53,-
5071338,5071365,55,+
5072941,5072959,49,+
5073281,5073311,59,-
5073660,5073700,55,-
5075174,5075206,60,-
5076316,5076342,56,-
5078862,5078897,50,-
5082248,5082289,54,-
5084499,5084536,59,+
5087749,5087790,50,+
5090064,5090095,68,-
5090182,5090202,47,+
5092328,5092358,64,-
5092626,5092654,52,-
5093200,5093223,60,-
5093253,5093278,58,-
5093684,5093717,47,-
5097354,5097381,83,-
5101254,5101270,52,+
5102132,5102172,58,+
5102722,5102765,52,+
5103170,5103195,47,+
5103864,5103898,58,+
5104855,5104885,51,-
5105794,5105823,52,-
5106034,5106077,49,-
5107213,5107249,47,-
5109591,5109623,64,-
5113580,5113607,70,-
5118351,5118372,72,+
5119804,5119827,48,+
5121755,5121774,49,-
5122352,5122372,48,-
5123542,5123564,61,+
5124294,5124325,55,-
5125037,5125080,52,+
5129269,5129286,50,+
5129494,5129516,61,-
5129642,5129680,54,-
5130279,5130303,48,-
5133535,5133558,49,+
5133827,5133847,48,+
5136784,5136812,54,+
5137050,5137086,76,+
5137576,5137599,60,+
5139307,5139345,55,-
5142598,5142636,61,-
5142767,5142792,57,-
5144993,5145030,47,-
5146839,5146870,59,+
5147343,5147381,52,+
5148979,5149017,57,-
5150112,5150151,59,+
5150378,5150401,59,+
5151767,5151806,57,+
5153893,5153932,55,-
5155705,5155733,52,+
5160870,5160896,73,-
5161019,5161057,58,-
5161800,5161821,64,-
5161972,5162002,60,-
5162090,5162116,56,-
5162478,5162502,71,-
5164748,5164790,49,+
5167014,5167053,71,-
5168052,5168072,48,-
5169643,5169666,60,-
5172990,5173014,59,+
5173147,5173166,66,+
5175762,5175800,58,+
5178776,5178797,51,+
5179301,5179327,73,+
5179439,5179476,57,-
5179954,5179974,64,-
5181220,5181266,47,+
5182209,5182231,61,+
5185204,5185232,58,-
5186758,5186792,59,+
5189612,5189651,53,-
5191146,5191166,47,-
5191197,5191237,54,-
5191438,5191458,49,-
5191552,5191580,54,-
5193865,5193891,73,-
5195280,5195308,55,-
5195493,5195528,76,-
5198624,5198655,49,-
5202490,5202533,93,-
5202545,5202574,52,-
5202656,5202680,48,+
5204199,5204231,75,-
5207213,5207232,49,-
5216803,5216829,56,+
5220754,5220798,52,+
5221998,5222035,59,+
5222298,5222318,52,-
5222474,5222496,48,+
5223153,5223187,62,+
5223348,5223382,48,+
5224798,5224822,48,-
5225102,5225129,83,+
5226303,5226343,67,-
5226805,5226835,63,+
5227211,5227230,49,+
5227307,5227350,95,+
5227429,5227448,66,+
5227541,5227571,62,+
5227711,5227742,54,+
5227838,5227854,52,+
5228054,5228083,52,+
5228219,5228236,50,+
5234859,5234893,64,+
5237636,5237665,54,-
5243001,5243034,58,+
5243102,5243125,48,+
5251861,5251895,62,+
5252241,5252265,59,+
5253876,5253895,66,-
5254392,5254429,61,-
5268661,5268692,64,+
5271260,5271290,63,+
5271447,5271467,64,-
5272413,5272438,68,-
5278513,5278533,49,-
5278854,5278882,55,-
5279325,5279362,47,-
5280377,5280410,62,-
5282209,5282226,52,-
5282330,5282373,48,-
5287622,5287642,51,-
5287748,5287782,50,-
5289256,5289280,59,-
5290120,5290149,63,-
5292717,5292735,50,+
5294993,5295020,55,-
5296372,5296399,65,-
5296878,5296915,62,-
5296917,5296936,47,-
5298358,5298393,78,+
5299939,5299972,51,-
5305289,5305320,77,+
5305472,5305498,56,+
5306404,5306443,53,+
5306506,5306522,52,+
5307690,5307719,52,+
5308303,5308340,54,+
5314852,5314886,56,-
5316962,5316981,49,-
5321064,5321095,52,-
5323912,5323929,52,+
5326408,5326443,62,+
5328753,5328788,59,-
5336802,5336833,50,-
5337679,5337717,99,-
5340536,5340555,49,-
5342915,5342954,71,-
5343672,5343700,68,-
5344126,5344170,47,-
5344496,5344526,65,-
5344864,5344885,51,-
5346394,5346443,48,-
5347666,5347698,51,-
5349662,5349695,80,-
5350445,5350464,49,+
5352140,5352173,59,-
5352434,5352452,57,+
5353086,5353127,50,+
5353996,5354023,55,+
5354655,5354671,70,-
5355271,5355291,49,+
5355339,5355370,50,+
5356644,5356677,68,-
5357229,5357272,52,+
5357484,5357521,55,-
5357767,5357808,48,+
5359443,5359485,52,-
5359614,5359646,57,+
5361115,5361143,54,-
5362897,5362916,52,+
5365325,5365360,64,-
5365549,5365577,54,-
5368148,5368178,62,-
5368246,5368283,53,-
5369783,5369817,47,-
5369881,5369923,48,+
5370334,5370359,56,-
5374541,5374578,88,+
5375013,5375042,62,-
5375282,5375303,48,+
5375937,5375976,59,-
5376633,5376669,90,-
5377100,5377118,49,+
5378585,5378620,62,-
5379074,5379114,55,-
5380539,5380574,61,-
5382885,5382925,71,+
5384540,5384567,66,-
5386025,5386065,101,-
5386350,5386380,85,-
5386521,5386552,62,-
5387174,5387196,61,-
5387754,5387791,71,-
5388348,5388381,50,-
5391808,5391848,71,-
5392186,5392206,64,-
5392210,5392245,55,+
5392325,5392347,70,+
5392551,5392573,70,+
5393045,5393077,67,+
5394472,5394507,74,+
5395190,5395210,47,+
5395244,5395278,65,+
5395632,5395658,56,+
5395729,5395764,57,+
5395967,5395989,49,+
5396900,5396921,48,+
5397604,5397637,65,+
5397651,5397676,71,+
5397714,5397733,66,+
5397781,5397821,84,+
5398247,5398278,63,+
5398637,5398663,56,+
5398938,5398974,59,+
5399096,5399121,60,+
5400952,5400975,60,+
5401249,5401281,49,+
5401693,5401716,50,-
5401796,5401820,59,+
5402418,5402452,67,+
5403288,5403319,50,-
5403358,5403379,63,+
5404404,5404424,47,+
5404887,5404921,64,+
5405266,5405300,48,-
5406096,5406125,62,+
5406295,5406315,54,-
5406497,5406528,50,+
5408605,5408641,54,+
5408771,5408792,63,+
5409485,5409508,48,+
5409532,5409562,65,+
5411163,5411191,57,+
5411598,5411630,49,+
5412466,5412508,54,-
5412911,5412939,54,+
5413101,5413128,68,-
5413138,5413166,81,+
5413289,5413317,54,+
5416007,5416027,64,+
5416225,5416245,64,+
5420164,5420189,57,-
5420391,5420415,72,-
5421674,5421718,47,-
5422128,5422149,53,+
5423627,5423661,59,+
5424014,5424047,62,-
5424383,5424409,55,-
5424562,5424591,52,-
5425331,5425360,52,-
5425566,5425593,55,-
5426389,5426418,68,+
5426793,5426818,57,-
5429251,5429279,65,-
5429504,5429532,53,-
5431011,5431041,66,-
5434863,5434883,64,-
5437644,5437674,62,-
5437790,5437808,67,-
5438942,5438968,56,-
5439343,5439373,60,-
5439530,5439550,65,-
5440710,5440735,66,-
5441070,5441112,50,-
5441275,5441298,49,-
5441846,5441875,52,+
5442194,5442234,54,-
5442598,5442642,50,-
5443100,5443132,49,-
5443820,5443848,52,-
5444472,5444502,51,-
5444842,5444868,83,-
5445352,5445374,61,-
5445581,5445622,55,-
5445659,5445689,63,-
5445984,5446013,61,-
5446126,5446154,54,-
5446643,5446674,65,-
5447139,5447158,47,-
5447245,5447263,51,-
5447614,5447634,48,-
5447918,5447958,55,+
5448397,5448428,52,-
5449436,5449455,51,-
5449569,5449597,54,-
5450242,5450283,70,-
5451415,5451442,55,-
5451545,5451584,55,-
5452040,5452081,70,-
5453247,5453268,63,-
5454213,5454252,85,-
5454345,5454378,63,-
5455148,5455168,49,+
5455454,5455475,48,-
5456776,5456795,47,-
5456909,5456947,57,-
5457772,5457792,47,-
5458060,5458081,63,+
5458342,5458362,48,+
5459177,5459209,78,-
5460351,5460372,63,-
5460636,5460656,64,-
5461025,5461044,47,+
5461188,5461221,60,-
5462047,5462080,62,-
5462115,5462147,59,+
5462167,5462208,53,-
5462750,5462777,55,-
5462840,5462873,59,-
5463998,5464027,68,-
5464030,5464071,55,+
5465376,5465394,50,-
5466181,5466218,55,-
5466235,5466276,53,-
5466314,5466349,48,-
5466367,5466391,59,+
5466518,5466546,65,-
5466728,5466747,47,-
5467525,5467544,47,-
5467730,5467766,48,-
5469499,5469516,50,-
5470499,5470528,52,+
5470590,5470614,59,-
5471878,5471899,63,+
5473021,5473048,55,+
5473922,5473960,54,+
5474486,5474526,53,-
5474870,5474891,63,-
5475203,5475238,59,-
5475444,5475462,49,-
5476375,5476397,61,+
5477822,5477840,49,+
5478498,5478533,62,+
5480830,5480849,66,+
5480937,5480970,79,-
5483845,5483869,48,-
5484179,5484219,55,-
5484369,5484411,51,+
5484502,5484524,48,-
5485723,5485742,66,-
5487016,5487033,50,-
5487266,5487290,59,-
5487422,5487454,60,-
5487744,5487766,61,-
5487796,5487815,56,-
5488703,5488738,73,+
5488927,5488966,71,-
5496138,5496165,60,-
5497130,5497172,53,+
5497263,5497304,54,+
5497493,5497509,52,-
5497644,5497663,47,-
5498215,5498235,49,+
5498310,5498332,61,+
5498420,5498448,54,+
5498762,5498802,55,+
5499705,5499744,57,+
5500014,5500063,48,+
5500257,5500292,56,+
5500507,5500527,48,+
5500535,5500567,58,+
5501263,5501283,64,-
5502721,5502766,50,+
5502832,5502877,49,+
5505361,5505398,55,+
5505752,5505792,73,+
5507709,5507729,48,-
5507913,5507945,49,+
5508437,5508454,50,+
5509066,5509088,51,+
5509491,5509526,54,-
5509680,5509715,62,+
5511048,5511069,49,-
5511075,5511108,62,+
5512324,5512358,58,-
5517693,5517726,48,+
5518015,5518046,65,+
5518767,5518796,79,-
5523322,5523362,53,+
5524426,5524446,49,+
5526081,5526108,55,-
5526820,5526838,49,-
5527943,5527974,50,-
5528642,5528662,48,+
5530254,5530278,48,+
5531737,5531764,68,-
5532808,5532841,52,-
5533701,5533732,50,-
5534708,5534734,83,-
5534935,5534970,61,-
5535035,5535061,56,-
5535281,5535310,61,-
5535669,5535687,50,-
5535795,5535838,55,-
5539957,5539988,80,-
5540821,5540844,60,-
5541036,5541072,59,-
5541129,5541156,55,-
5543266,5543295,52,-
5544212,5544234,49,-
5545308,5545337,55,-
5546937,5546961,59,-
5547041,5547059,49,-
5547191,5547230,96,-
5547355,5547377,61,-
5549608,5549643,76,-
5549700,5549722,61,-
5549726,5549755,51,+
5549794,5549819,102,+
5549899,5549928,52,-
5550422,5550450,54,-
5550717,5550750,48,-
5552278,5552317,50,-
5552522,5552555,50,-
5554503,5554538,54,-
5554964,5554996,49,-
5557351,5557370,66,-
5558271,5558293,51,-
5560329,5560362,92,+
5561868,5561903,55,+
5562899,5562931,51,+
5563045,5563062,69,-
5564320,5564341,48,-
5567199,5567216,69,-
5567489,5567522,65,-
5570415,5570441,56,-
5570991,5571015,59,+
5571105,5571124,49,-
5571759,5571793,50,-
5571862,5571892,51,-
5573831,5573851,64,-
5574954,5574972,67,-
5575205,5575225,48,+
5578390,5578413,49,+
5579755,5579782,66,+
5580997,5581016,66,-
5584127,5584145,49,-
5584360,5584400,54,-
5585269,5585308,73,-
5586009,5586048,59,-
5586072,5586105,50,-
5586538,5586568,62,-
5587042,5587062,64,-
5588474,5588503,61,+
5588820,5588857,54,+
5588923,5588947,67,+
5590162,5590190,54,-
5591469,5591502,51,+
5592463,5592483,47,+
5593152,5593195,55,+
5593209,5593232,60,+
5594023,5594047,48,+
5594457,5594488,62,+
5594890,5594915,47,-
5595339,5595358,56,+
5595846,5595881,59,+
5596165,5596183,49,-
5596259,5596283,58,+
5597372,5597393,51,+
5597417,5597438,52,+
5598157,5598190,62,+
5598794,5598816,61,+
5599477,5599513,54,+
5599804,5599821,52,+
5600820,5600839,51,-
5607403,5607449,64,+
5608122,5608153,65,-
5610998,5611030,59,-
5612535,5612556,49,+
5614348,5614377,52,-
5618097,5618118,63,-
5620315,5620351,61,+
5620777,5620797,47,+
5620855,5620885,54,-
5623676,5623717,55,+
5623732,5623768,48,+
5624712,5624748,55,-
5624828,5624866,53,-
5625161,5625190,79,-
5628333,5628357,87,-
5630284,5630314,70,-
5631098,5631116,67,-
5631751,5631776,57,-
5632006,5632036,85,-
5632722,5632763,58,-
5632981,5633012,50,-
5633648,5633694,90,-
5635248,5635281,52,-
5636622,5636647,57,-
5640418,5640446,63,-
5641573,5641594,49,+
5641847,5641882,57,+
5642078,5642122,53,+
5642829,5642857,52,+
5644076,5644102,56,+
5645056,5645097,70,-
5645819,5645850,68,+
5651637,5651680,50,-
5654666,5654688,61,+
5655252,5655282,63,-
5655480,5655507,64,-
5658960,5658982,49,-
5660432,5660474,54,-
5661277,5661298,62,-
5662997,5663021,59,+
5665093,5665112,51,-
5667279,5667300,48,-
5668960,5668986,66,+
5671575,5671608,64,-
5675341,5675380,58,-
5676072,5676109,74,+
5676502,5676547,50,-
5677818,5677849,48,-
5678598,5678630,54,-
5679798,5679816,50,+
5683249,5683267,51,-
5688595,5688614,47,+
5688762,5688791,52,+
5689976,5689996,47,+
5695252,5695283,59,-
5696445,5696473,61,-
5696593,5696625,79,-
5696778,5696806,61,-
5696892,5696922,85,-
5697109,5697130,62,-
5697986,5698011,47,-
5701194,5701218,48,-
5701551,5701588,61,+
5701865,5701899,79,-
5701919,5701943,59,-
5702312,5702332,64,-
5702556,5702582,56,-
5703427,5703467,58,+
5705884,5705917,50,-
5707124,5707170,49,-
5708255,5708278,60,-
5711441,5711474,65,+
5712933,5712966,63,-
5715901,5715930,52,-
5719555,5719577,48,+
5723580,5723628,49,+
5731127,5731168,51,-
5734784,5734817,62,-
5735277,5735304,55,-
5736407,5736442,58,-
5737741,5737772,51,+
5739838,5739861,60,-
5740542,5740561,49,-
5740572,5740590,49,-
5740631,5740650,47,-
5740767,5740785,49,-
5740982,5741007,57,-
5741130,5741166,55,-
5741319,5741349,49,-
5742457,5742475,49,-
5742933,5742950,50,-
5744852,5744879,68,-
5747813,5747839,69,-
5749334,5749356,61,-
5750224,5750254,51,-
5750421,5750439,49,-
5751140,5751159,47,-
5753465,5753489,67,+
5756246,5756283,58,-
5759655,5759685,67,-
5759792,5759812,47,-
5761161,5761182,49,-
5765712,5765736,59,+
5766714,5766744,51,-
5767445,5767470,60,+
5767668,5767698,51,-
5768916,5768941,47,+
5772876,5772901,47,-
5773387,5773407,51,+
5773625,5773659,56,+
5775124,5775143,49,+
5779327,5779350,60,+
5779475,5779508,61,-
5779886,5779914,63,+
5780543,5780575,62,+
5781061,5781082,48,+
5783529,5783548,47,+
5783582,5783615,48,+
5783937,5783959,62,-
5784465,5784487,49,+
5787828,5787867,55,-
5788204,5788223,52,-
5788897,5788921,69,-
5788977,5788994,52,-
5790100,5790122,61,+
5791668,5791686,50,-
5792596,5792621,47,+
5796128,5796165,54,-
5796484,5796519,59,+
5798502,5798537,59,+
5798919,5798955,61,-
5803922,5803947,47,-
5805124,5805155,60,-
5807705,5807748,49,+
5808238,5808261,48,+
5815359,5815387,60,-
5817449,5817485,58,-
5819056,5819089,75,-
5822140,5822171,65,+
5824822,5824842,47,-
5825983,5826005,89,-
5826198,5826225,81,-
5828329,5828361,48,-
5829092,5829129,55,-
5829811,5829852,53,-
5829950,5829986,70,-
5830211,5830249,53,+
5830687,5830711,58,-
5831393,5831430,59,-
5833059,5833094,48,-
5834619,5834648,80,-
5836051,5836088,47,-
5843609,5843634,57,-
5843784,5843805,48,-
5844107,5844135,63,-
5844142,5844175,68,-
5846912,5846939,55,-
5847730,5847758,69,-
5849409,5849431,48,-
5850861,5850881,64,-
5856414,5856446,50,-
5857594,5857635,47,-
5858397,5858432,62,-
5858633,5858667,105,-
5858852,5858885,63,-
5859972,5859996,59,-
5860406,5860442,54,-
5865140,5865174,68,-
5866246,5866265,47,-
5866269,5866291,70,+
5866332,5866350,49,-
5866654,5866687,48,-
5867335,5867370,47,-
5867660,5867689,52,-
5869930,5869955,67,-
5871310,5871331,48,-
5872624,5872656,67,-
5873061,5873090,52,-
5874061,5874084,59,-
5874123,5874162,58,-
5874705,5874731,56,+
5874948,5874981,59,-
5875552,5875579,55,-
5878473,5878499,60,+
5879273,5879301,63,-
5879496,5879537,53,-
5882131,5882159,54,+
5882731,5882776,47,-
5883535,5883556,63,-
5883784,5883818,62,+
5884136,5884158,61,-
5885329,5885356,83,+
5886995,5887042,47,+
5891940,5891958,49,-
5896551,5896575,59,+
5897091,5897128,57,+
5899551,5899579,52,-
5901819,5901841,61,-
5902812,5902841,52,-
5904862,5904881,47,+
5906109,5906141,67,+
5907599,5907615,52,-
5911182,5911214,49,-
5912517,5912545,61,-
5916274,5916301,71,-
5917717,5917753,58,-
5919064,5919097,48,+
5919291,5919312,63,+
5919911,5919931,64,-
5920449,5920484,55,+
5921265,5921298,59,-
5924386,5924410,48,+
5925380,5925420,52,+
5927759,5927789,61,+
5933245,5933272,66,-
5933924,5933943,49,-
5936722,5936750,52,+
5942154,5942176,61,-
5945432,5945475,92,+
5947438,5947458,51,-
5948834,5948855,63,-
5949189,5949213,59,-
5949382,5949420,59,-
5950369,5950405,76,-
5951417,5951454,57,-
5951501,5951531,51,+
5951695,5951733,62,-
5952906,5952943,57,+
5953851,5953869,50,+
5960955,5960988,48,+
5961310,5961333,61,+
5962169,5962204,54,-
5962264,5962295,62,+
5964563,5964599,48,+
5967811,5967846,58,-
5970624,5970656,49,-
5970876,5970894,50,-
5973777,5973822,49,-
5973887,5973923,48,+
5975282,5975322,51,-
5976326,5976363,54,-
5977389,5977421,60,-
5977430,5977450,47,-
5980112,5980151,59,+
5981840,5981864,48,-
5982027,5982053,56,-
6001103,6001145,55,+
6009184,6009220,58,+
6009845,6009879,58,+
6013216,6013258,64,+
6015283,6015325,52,-
6024198,6024238,54,-
6024495,6024522,60,-
6024738,6024781,52,-
6025338,6025357,49,-
6029618,6029653,59,+
6031722,6031747,57,-
6035379,6035396,50,+
6036100,6036126,55,+
6036327,6036374,47,+
6036935,6036955,48,+
6037556,6037589,58,+
6039621,6039660,58,+
6044405,6044439,60,-
6045389,6045411,61,+
6046347,6046384,60,-
6046855,6046895,54,-
6047069,6047108,59,-
6047481,6047497,52,-
6047600,6047633,62,-
6047983,6048009,56,-
6049033,6049074,50,-
6049216,6049255,51,-
6049582,6049614,49,-
6049805,6049847,57,-
6050632,6050670,54,-
6050873,6050892,47,-
6051400,6051432,49,-
6051818,6051833,72,-
6052059,6052082,49,-
6052434,6052453,49,-
6058956,6058992,58,-
6061724,6061765,54,-
6062507,6062524,50,-
6062641,6062664,50,-
6063392,6063424,76,-
6066185,6066210,67,-
6066238,6066258,47,-
6067657,6067683,66,-
6069010,6069048,58,-
6069557,6069586,62,-
6071115,6071140,57,-
6071594,6071621,55,-
6071973,6071989,52,-
6072220,6072247,66,-
6073991,6074024,48,+
6075620,6075658,58,-
6075674,6075693,47,-
6075731,6075754,49,-
6076481,6076515,58,-
6080213,6080232,47,+
6084432,6084462,51,+
6085241,6085263,51,+
6085619,6085654,55,+
6086916,6086942,66,+
6088766,6088808,50,+
6091975,6092011,64,+
6092635,6092651,70,-
6092795,6092815,47,-
6093343,6093375,62,-
6093398,6093418,64,-
6093786,6093808,61,-
6094603,6094623,64,-
6095011,6095028,69,-
6097304,6097324,49,+
6098374,6098405,49,-
6099837,6099860,49,-
6100552,6100570,51,-
6102740,6102765,67,+
6103254,6103289,58,+
6104375,6104400,67,-
6104553,6104572,47,-
6108580,6108612,49,+
6109069,6109103,58,-
6109097,6109130,48,+
6110120,6110149,68,-
6110600,6110636,73,-
6110690,6110735,53,-
6111913,6111936,50,+
6114355,6114386,55,-
6114905,6114939,74,-
6116350,6116380,61,+
6117131,6117151,47,+
6117697,6117740,52,+
6118045,6118078,51,+
6118960,6118983,60,-
6119453,6119497,52,-
6120650,6120679,52,+
6120731,6120767,58,+
6121394,6121437,52,+
6123362,6123400,51,+
6125620,6125649,52,+
6128108,6128145,99,-
6129162,6129195,47,+
6134888,6134906,52,+
6135421,6135437,52,-
6136363,6136408,48,-
6136460,6136488,63,-
6136532,6136556,59,-
6136747,6136766,49,-
6138120,6138149,52,+
6143736,6143771,62,-
6143972,6143994,61,-
6145547,6145585,58,+
6146027,6146070,50,-
6146444,6146473,66,-
6147609,6147645,59,+
6148171,6148201,51,+
6148333,6148356,48,+
6148508,6148541,64,+
6148926,6148956,63,+
6149846,6149870,59,+
6149885,6149922,58,+
6150385,6150408,48,+
6153113,6153138,47,-
6153479,6153500,49,-
6153581,6153618,51,-
6160144,6160171,55,+
6161301,6161347,52,-
6162120,6162141,63,-
6162225,6162259,48,-
6164533,6164562,52,+
6167417,6167448,52,+
6172953,6172981,54,-
6176540,6176578,53,-
6178130,6178152,49,+
6178391,6178415,48,+
6179930,6179957,55,-
6180425,6180454,52,+
